002281.SZ|48.02|48.15|46.7|46.97|25960744.0|122379.33|48.55
603228.SH|41.78|41.85|39.61|40.55|32046106.0|132013.28|41.79
002185.SZ|10.43|10.43|10.06|10.09|217194848.0|222051.44|10.76
003031.SZ|53.59|54.06|51.56|52.3|11412685.0|60307.11|55.19
002074.SZ|31.53|31.59|30.81|30.92|61520896.0|192650.27|31.53
603920.SH|28.96|28.97|28.05|28.15|37339188.0|107913.59|29.41
000062.SZ|26.0|26.01|25.31|25.46|35315284.0|92158.15|26.46
000737.SZ|10.89|12.57|10.82|12.31|317906144.0|379219.47|11.42
000519.SZ|22.32|22.77|21.12|21.23|174399840.0|379962.16|22.68
600562.SH|31.11|31.18|29.67|29.86|22266338.0|68126.05|31.27
002517.SZ|19.88|19.91|18.92|19.08|85183832.0|165663.0|19.88
601162.SH|4.77|4.82|4.63|4.66|779246976.0|365873.13|4.8
603444.SH|300.86|303.9|295.9|300.2|1675929.0|53538.41|300.88
603127.SH|22.01|22.4|21.62|21.8|31999754.0|70456.95|22.15
600961.SH|11.16|11.6|11.06|11.36|59964672.0|68141.41|11.22
002402.SZ|22.71|23.67|22.16|22.21|118017208.0|270515.59|23.12
