600276.SH|60.6|62.05|60.0|62.0|68961352.0|421783.47|61.31
002938.SZ|50.6|50.7|49.09|49.61|40178448.0|199574.89|51.5
601869.SH|49.91|53.0|49.54|51.82|16296908.0|84137.44|50.73
002436.SZ|17.68|17.99|17.3|17.7|139332368.0|244828.52|18.24
002428.SZ|21.61|21.83|21.49|21.65|30376088.0|65683.34|21.81
600895.SH|32.0|32.31|31.47|32.15|76993568.0|245104.41|32.67
600570.SH|35.13|35.4|34.4|34.85|68424536.0|237966.75|35.53
000811.SZ|12.29|12.4|12.12|12.34|45168032.0|55459.97|12.3
600500.SH|3.99|4.02|3.95|4.0|31220724.0|12432.16|4.0
002653.SZ|53.28|55.0|51.7|54.29|3983380.0|21165.46|53.87
603063.SH|37.88|38.16|36.69|37.99|37169224.0|139740.23|38.1
603530.SH|28.5|29.5|28.4|28.94|6102000.0|17705.36|28.85
601606.SH|35.3|38.83|35.3|38.83|91836504.0|349645.38|35.3
