600487.SH|22.62|23.0|22.1|22.93|141080464.0|319638.41|22.61
600498.SH|28.4|29.83|28.27|29.14|94145248.0|273972.03|28.49
600869.SH|8.1|8.43|8.08|8.27|119038920.0|98086.56|8.14
002222.SZ|51.98|52.96|50.5|50.79|39196496.0|201338.72|52.97
000559.SZ|11.01|11.23|10.56|10.73|264931168.0|287061.38|11.11
600330.SH|11.66|11.9|11.38|11.38|130797720.0|152393.88|11.77
600157.SH|1.65|1.65|1.6|1.61|1199026048.0|194635.2|1.66
002245.SZ|21.6|21.8|20.73|20.9|133171304.0|281376.5|21.45
600562.SH|30.97|32.05|30.6|31.3|18489370.0|57746.55|31.2
600114.SH|32.44|33.2|32.21|32.44|18752848.0|61140.47|32.66
002065.SZ|11.39|11.53|11.02|11.06|258137600.0|288883.5|11.43
002716.SZ|6.75|6.78|6.53|6.58|158649040.0|104972.23|6.75
002402.SZ|56.01|57.31|51.8|52.6|204741232.0|1093553.63|56.0
