600111.SH|52.02|53.39|51.02|52.22|152607296.0|797429.94|53.0
600010.SH|2.7|2.72|2.62|2.66|1550008832.0|412722.5|2.71
000831.SZ|56.33|56.41|54.38|55.08|50792072.0|280834.47|56.2
601126.SH|27.01|27.72|25.7|26.49|78085760.0|207804.33|27.14
002407.SZ|20.68|22.2|20.15|21.48|168010048.0|356628.53|20.27
600206.SH|22.54|23.0|22.14|22.42|48115684.0|108461.26|22.3
000962.SZ|26.95|29.1|26.55|28.07|44214348.0|125914.28|26.45
002364.SZ|27.45|28.44|26.65|27.04|56967612.0|155553.58|27.74
600801.SH|20.31|20.53|19.9|20.45|17609236.0|35565.44|20.23
600536.SH|51.8|52.3|50.85|50.97|32781482.0|169431.39|52.01
601069.SH|30.5|31.31|29.95|30.0|46080496.0|140075.02|33.26
000158.SZ|24.19|26.0|24.15|25.13|188465360.0|472049.5|24.4
