600487.SH|22.68|23.06|21.97|22.87|170396944.0|386877.19|22.9
601869.SH|120.54|120.54|108.56|115.28|31902088.0|358821.31|120.62
002050.SZ|41.87|43.46|41.71|42.97|263197808.0|1121105.88|41.65
001309.SZ|150.0|155.11|148.0|155.11|9373637.0|143667.38|141.01
600498.SH|29.8|30.85|29.0|29.65|127845376.0|381181.0|29.88
600869.SH|7.68|7.85|7.57|7.67|100815848.0|77456.48|7.81
002429.SZ|7.16|7.36|6.99|7.07|239272224.0|171236.98|6.83
002222.SZ|53.02|55.52|51.66|52.75|65785832.0|350992.34|50.47
603920.SH|47.12|47.99|46.2|47.31|41610636.0|196060.14|47.12
600157.SH|1.65|1.7|1.61|1.62|1871981056.0|308049.03|1.69
002245.SZ|19.48|19.95|19.32|19.68|102489536.0|201091.41|19.45
002472.SZ|47.15|51.3|46.61|50.48|62757732.0|307458.97|46.69
000737.SZ|13.9|14.0|13.42|14.0|110745800.0|151853.48|13.71
600114.SH|33.03|33.85|32.67|33.2|26870920.0|89324.34|33.07
002290.SZ|38.5|39.95|38.13|38.96|6563656.0|25770.61|38.33
000564.SZ|2.74|2.78|2.69|2.73|620773376.0|168864.38|2.76
002624.SZ|19.45|19.5|18.6|18.87|53865100.0|101785.17|19.45
603950.SH|35.5|36.5|35.04|36.4|6340880.0|22768.99|35.49
002716.SZ|6.54|6.75|6.42|6.75|318841344.0|211018.13|6.14
002402.SZ|50.17|50.17|50.17|50.17|8460970.0|42448.69|45.61
