002080.SZ|35.6|37.2|35.2|37.2|58485512.0|212234.98|35.8
600660.SH|64.18|64.59|63.21|64.47|16172930.0|103512.3|64.22
000977.SZ|65.2|68.01|65.11|67.9|127204096.0|847423.38|66.28
600703.SH|14.92|15.44|14.8|15.34|221259168.0|335241.0|15.35
603228.SH|60.8|66.66|58.79|65.23|64939956.0|405662.94|61.02
002202.SZ|11.52|11.68|11.19|11.46|84533240.0|96656.98|11.52
002241.SZ|34.29|35.01|33.34|34.93|229283024.0|783144.38|34.39
601788.SH|19.82|20.4|19.82|20.36|96738120.0|195000.19|19.93
002429.SZ|5.62|5.85|5.51|5.74|199876880.0|113475.52|5.66
601059.SH|19.05|20.15|19.05|20.0|131754248.0|258893.55|18.8
003022.SZ|19.35|19.82|19.12|19.74|19887814.0|38849.29|19.77
002131.SZ|5.08|5.48|5.08|5.42|1396792448.0|737045.75|5.22
002364.SZ|27.9|28.38|26.48|27.91|104813744.0|286704.38|27.03
000737.SZ|12.09|12.4|11.9|12.25|100654968.0|122488.88|12.21
002555.SZ|19.36|19.9|18.95|19.53|140673472.0|272120.75|19.66
603444.SH|454.0|461.01|445.0|461.01|1598515.0|72369.27|455.18
002290.SZ|35.38|36.34|34.8|36.32|9825013.0|35037.02|35.51
603950.SH|33.49|34.5|32.0|33.5|17319992.0|57601.69|32.54
002716.SZ|5.32|5.48|5.18|5.47|204405168.0|109223.8|5.25
