601888.SH|69.89|70.55|67.39|67.95|64846364.0|443343.38|70.21
000617.SZ|7.1|7.15|6.87|6.9|429758816.0|300022.59|7.29
002049.SZ|68.8|73.18|68.7|71.7|72969280.0|521389.94|69.31
600895.SH|25.33|25.85|24.96|25.44|52708792.0|133925.02|25.48
000559.SZ|6.05|6.31|5.98|6.22|64751064.0|40309.3|6.18
000958.SZ|7.78|7.85|7.22|7.22|247770048.0|184666.94|7.77
000519.SZ|17.18|17.9|17.13|17.69|75613888.0|133483.98|17.31
601933.SH|6.16|6.34|5.94|6.03|832632512.0|507800.69|6.23
600515.SH|3.7|3.8|3.66|3.78|114451248.0|42756.68|3.75
600186.SH|7.01|7.1|6.82|6.86|260850816.0|180574.55|7.13
000582.SZ|10.28|10.48|9.73|10.48|278898400.0|286159.56|9.53
600536.SH|49.01|50.17|48.57|49.0|58262444.0|287449.44|49.73
601606.SH|12.22|12.52|12.22|12.33|25459000.0|31388.34|12.45
000564.SZ|2.98|3.0|2.9|2.91|651964800.0|191402.44|3.04
600685.SH|23.95|24.2|23.7|24.01|21494732.0|51510.47|24.15
