600183.SH|68.41|70.66|67.1|68.52|59792272.0|415416.47|66.59
603986.SH|246.21|251.88|235.25|240.4|50374464.0|1222156.25|246.2
002916.SZ|225.0|230.71|217.6|225.4|8634087.0|195058.89|221.85
600549.SH|34.75|37.44|34.75|37.11|104794016.0|387156.88|34.75
600118.SH|41.0|44.0|41.0|42.5|92780096.0|393353.28|40.23
601231.SH|25.55|26.77|25.42|25.75|51780768.0|136295.36|25.43
600601.SH|13.4|13.8|12.7|13.52|492843648.0|656051.69|13.19
601061.SH|11.37|12.49|11.37|12.23|76432104.0|94384.61|11.33
002595.SZ|46.39|47.02|45.85|46.81|7495259.0|51271.95|46.23
600021.SH|27.15|29.77|27.15|29.77|156218848.0|461446.56|27.03
600667.SH|8.82|9.03|8.59|8.65|124811672.0|109505.1|8.89
603699.SH|51.07|53.17|50.21|52.87|9848720.0|52279.49|51.07
603179.SH|53.36|55.5|53.36|54.89|17535460.0|134663.88|53.5
002046.SZ|29.41|29.8|29.1|29.36|21265076.0|62787.44|29.81
601611.SH|13.21|14.66|13.21|14.49|261642336.0|373899.41|13.32
000027.SZ|6.94|7.1|6.87|7.05|82601536.0|59066.04|6.91
000962.SZ|34.34|35.64|33.44|34.04|67069576.0|231100.64|34.34
001389.SZ|81.35|81.89|79.07|79.83|8241000.0|66553.47|79.9
603160.SH|85.06|86.38|84.76|85.61|10181850.0|87524.02|85.42
603067.SH|19.85|21.64|19.85|21.64|40723352.0|86629.89|19.66
001287.SZ|27.22|28.36|26.33|27.56|110018456.0|300135.53|27.03
002545.SZ|16.57|17.4|16.34|16.96|40330432.0|69157.08|16.57
