002384.SZ|68.86|70.38|66.0|68.82|93138736.0|634341.25|66.02
603256.SH|41.21|42.26|39.86|40.75|32469800.0|131917.34|42.29
002080.SZ|34.3|35.2|33.7|34.44|70403856.0|242099.45|36.24
603228.SH|62.33|64.44|60.09|61.11|40701856.0|249728.23|63.89
002202.SZ|11.41|11.47|11.14|11.26|71940200.0|81089.8|11.42
002636.SZ|14.2|14.31|13.8|13.9|44491528.0|62341.48|14.23
002241.SZ|36.74|37.0|34.5|35.68|219375760.0|777650.56|36.72
600601.SH|8.71|9.5|8.55|9.19|507217952.0|459399.84|8.68
601788.SH|20.09|20.3|19.82|19.86|79116768.0|158212.53|20.05
601059.SH|19.65|19.79|19.36|19.46|46615852.0|90876.27|19.65
603290.SH|111.0|112.0|106.86|109.72|13931059.0|152038.42|109.16
002131.SZ|5.26|5.79|5.2|5.79|1172286720.0|659419.88|5.26
002364.SZ|26.8|28.25|25.68|26.06|80990792.0|216328.53|26.8
000737.SZ|13.34|13.44|12.71|13.12|162677856.0|212397.06|12.7
002555.SZ|19.8|20.03|19.4|19.65|109893144.0|216745.67|19.69
002290.SZ|35.5|35.89|34.08|34.18|8561520.0|29764.3|35.88
603950.SH|33.75|33.75|30.5|31.39|13098266.0|41368.67|33.57
002716.SZ|5.93|6.06|5.71|6.06|199475904.0|118357.68|5.51
002423.SZ|14.31|14.46|13.88|14.02|99270928.0|139596.64|14.29
