002475.SZ|54.01|57.61|53.73|55.11|319704000.0|1782756.75|52.81
603986.SH|193.56|195.13|184.16|184.45|37191820.0|705127.81|190.13
002938.SZ|53.94|58.43|53.3|56.68|51970840.0|297355.38|53.95
601869.SH|115.1|120.62|111.91|120.62|24747192.0|293130.25|109.65
000988.SZ|88.05|94.29|87.25|90.87|99194480.0|903340.06|87.32
002050.SZ|43.0|43.5|40.6|41.25|381590784.0|1606980.75|45.15
603019.SH|109.54|112.35|105.55|106.38|86669864.0|936766.69|109.47
001309.SZ|134.6|140.61|132.61|140.61|20495732.0|286461.81|127.79
002436.SZ|23.96|24.62|23.35|23.61|183500800.0|440061.91|23.21
002636.SZ|13.18|13.24|12.79|12.89|20823504.0|27311.73|13.22
002429.SZ|6.66|7.02|6.57|6.74|223181584.0|153504.08|6.59
002222.SZ|45.45|50.27|45.45|50.27|62082880.0|305475.72|45.68
603308.SH|30.82|31.24|30.22|30.84|17949730.0|55464.82|31.82
603920.SH|48.39|48.55|46.25|46.52|43838984.0|209147.3|47.41
003022.SZ|21.53|21.69|21.22|21.29|13372745.0|28711.12|21.59
002245.SZ|13.45|13.55|13.01|13.07|136756592.0|269602.47|13.74
002472.SZ|47.99|48.34|45.91|46.23|59725996.0|282600.38|50.43
002364.SZ|29.63|31.85|29.0|30.48|75189760.0|228068.66|29.45
000737.SZ|13.93|14.1|13.52|13.57|144820512.0|200886.48|14.31
600114.SH|34.36|34.73|32.54|32.77|44406936.0|150264.7|34.57
002130.SZ|27.25|27.6|26.55|26.56|95976904.0|260657.92|27.12
002290.SZ|38.34|39.45|37.86|38.12|5615602.0|21687.86|38.34
000564.SZ|2.85|2.88|2.74|2.76|938770368.0|261431.58|2.89
002624.SZ|18.67|19.38|18.67|19.12|59291196.0|114785.06|18.81
603950.SH|36.57|36.57|35.17|35.36|6709332.0|23951.19|36.3
002716.SZ|6.08|6.32|6.03|6.14|174226128.0|107196.83|6.05
003021.SZ|141.76|143.61|135.94|137.06|14610642.0|203461.89|146.46
