601100.SH|70.18|77.35|69.43|77.35|32478496.0|247809.09|70.18
603501.SH|144.28|157.24|142.88|157.24|60590928.0|919812.69|142.88
600498.SH|24.63|27.65|23.92|27.65|101925648.0|268357.25|25.11
601727.SH|8.18|8.46|8.16|8.41|305038784.0|255191.97|8.18
002436.SZ|12.87|13.49|12.65|13.24|154583488.0|203529.75|12.77
601777.SH|7.78|8.67|7.74|8.67|169892016.0|142024.33|7.88
600839.SH|11.44|11.82|11.2|11.68|508792928.0|595959.94|11.36
000002.SZ|7.5|7.72|7.48|7.65|180917456.0|137528.03|7.52
000887.SZ|16.86|18.13|16.65|17.72|110193824.0|197960.95|16.94
603067.SH|10.24|10.69|10.18|10.58|17437544.0|26098.71|10.19
601162.SH|4.66|4.78|4.65|4.74|541640768.0|255333.34|4.69
600186.SH|6.68|6.94|6.68|6.9|199210144.0|136641.88|6.68
600516.SH|4.98|5.08|4.98|5.06|36493524.0|18505.83|4.98
002044.SZ|7.06|7.42|6.36|7.05|608864576.0|422317.38|7.07
