002594.SZ|341.2|346.35|339.5|341.3|19983984.0|685999.75|345.05
002600.SZ|9.88|9.98|9.57|9.61|313936160.0|305555.84|9.91
601689.SH|69.62|71.6|68.7|68.9|41400592.0|290021.56|69.5
600580.SH|28.0|28.89|25.18|25.38|274088672.0|724509.19|27.98
002920.SZ|129.91|131.2|127.33|127.35|8277265.0|107002.11|130.3
600143.SH|10.5|10.65|10.21|10.24|103237936.0|107074.41|10.35
002126.SZ|23.06|23.49|22.45|22.59|34925316.0|80184.48|23.0
002195.SZ|5.1|5.18|4.98|5.06|685996096.0|347563.69|5.27
600206.SH|18.35|20.0|18.35|18.69|147706608.0|281450.63|18.3
603618.SH|6.39|6.45|6.15|6.15|36317936.0|22613.14|6.36
000062.SZ|25.03|25.08|23.88|24.26|42143936.0|102663.41|25.1
600588.SH|15.48|17.4|15.22|17.4|243528576.0|407241.38|15.82
002131.SZ|4.8|4.92|4.71|4.72|1381302656.0|664828.63|4.7
603486.SH|52.68|54.18|52.0|52.08|14708334.0|77919.66|53.2
000032.SZ|20.9|22.38|20.38|21.79|90192456.0|193148.33|20.8
603067.SH|15.23|15.38|14.7|14.76|30127218.0|45028.18|15.13
002335.SZ|36.34|36.42|34.63|34.68|40206320.0|141726.23|36.33
600186.SH|7.69|7.72|7.17|7.17|490327904.0|363563.78|7.97
600595.SH|3.59|3.76|3.54|3.62|99081416.0|36354.82|3.6
603881.SH|31.0|31.0|29.9|31.0|94688584.0|290815.69|28.18
601606.SH|12.43|12.63|12.29|12.29|20569244.0|25494.91|12.49
000564.SZ|3.06|3.34|3.01|3.25|1143479680.0|365630.66|3.04
