603993.SH|17.8|17.81|15.7|16.01|439358272.0|733579.63|17.24
002600.SZ|15.81|16.07|15.11|15.51|354447584.0|552443.38|15.3
002460.SZ|69.75|72.74|67.66|68.52|129134872.0|896190.88|69.75
601168.SH|24.2|24.29|22.33|22.55|79401240.0|185365.09|23.44
000426.SZ|39.3|39.89|34.02|34.97|143014416.0|528810.25|37.8
000960.SZ|25.36|26.3|23.39|23.66|81161776.0|201487.95|24.89
601126.SH|23.92|25.18|22.39|22.62|89653712.0|210634.42|23.34
601618.SH|4.12|4.17|3.91|3.94|395433536.0|159611.2|4.0
600667.SH|8.7|8.9|8.26|8.3|173654128.0|149838.69|8.59
603061.SH|140.18|143.02|127.44|127.44|3503710.0|47026.56|141.6
000629.SZ|3.16|3.22|3.06|3.08|196758944.0|61669.38|3.13
601615.SH|17.8|18.69|16.45|17.2|138431264.0|242418.66|18.04
002430.SZ|28.32|28.81|26.65|26.9|28500888.0|79285.16|27.31
600801.SH|20.1|20.88|19.89|19.99|32765048.0|66652.76|20.18
