000617.SZ|9.1|9.3|8.73|8.78|488096576.0|443479.16|9.11
600010.SH|2.12|2.16|2.01|2.03|1720292992.0|355555.28|2.12
600726.SH|2.8|2.81|2.61|2.63|126625800.0|33632.54|2.81
600438.SH|20.39|20.91|20.03|20.16|117980584.0|239533.98|20.63
600392.SH|14.87|15.31|14.55|14.73|182305792.0|278770.06|14.55
001203.SZ|10.75|10.89|10.4|10.45|34707536.0|37341.3|10.9
000987.SZ|7.28|7.35|7.18|7.21|81805432.0|61130.36|7.28
001389.SZ|62.24|64.46|61.04|62.89|20690324.0|131360.25|62.04
001896.SZ|7.07|7.2|6.27|6.29|205534192.0|136128.0|6.74
002653.SZ|44.95|46.83|44.94|46.23|4025300.0|18642.24|45.38
600396.SH|4.08|4.1|3.77|3.89|187152608.0|72715.77|3.99
