601825.SH|9.62|9.73|9.56|9.59|41145504.0|42149.39|9.59
600601.SH|4.79|4.88|4.72|4.79|169060688.0|81103.73|4.8
603083.SH|44.33|44.35|42.65|43.55|30476218.0|133810.63|43.88
002491.SZ|5.96|6.05|5.84|5.9|97843096.0|58091.97|6.01
603392.SH|69.7|69.97|67.22|67.56|8673207.0|59146.22|69.7
001389.SZ|53.62|59.06|53.15|57.74|13593510.0|77916.89|54.09
002335.SZ|30.0|30.18|28.77|29.1|26059726.0|111666.46|30.29
601069.SH|18.5|19.43|18.4|19.07|32278602.0|61476.29|18.78
003035.SZ|5.0|5.02|4.87|4.88|63305676.0|31365.47|4.97
002290.SZ|36.59|36.95|35.12|36.49|8935649.0|32277.08|35.18
002716.SZ|4.05|4.12|3.9|3.94|253489840.0|100503.13|3.95
