000988.SZ|89.9|91.65|87.86|88.16|97048200.0|867595.75|92.23
002600.SZ|16.96|17.41|16.69|17.14|487897216.0|836287.19|16.27
000977.SZ|76.84|80.76|75.75|75.92|153847904.0|1200109.13|74.38
000426.SZ|35.0|36.18|34.39|36.18|74538040.0|264488.19|32.89
000021.SZ|30.44|30.44|29.58|30.44|176350944.0|538395.88|27.65
603083.SH|131.01|132.71|114.74|114.74|48453352.0|578178.88|127.52
002812.SZ|47.6|49.99|46.77|48.88|51726504.0|251013.28|46.7
000559.SZ|12.42|13.05|12.14|12.83|332058560.0|427585.19|12.46
603650.SH|44.49|46.04|43.0|43.15|31008592.0|138697.52|43.69
002294.SZ|59.24|60.05|57.17|57.41|10706789.0|62948.71|59.8
600060.SH|23.4|23.8|23.21|23.63|21263186.0|52027.62|23.18
600637.SH|10.27|10.31|9.92|9.95|140775760.0|143038.97|10.18
000629.SZ|3.11|3.13|3.07|3.13|274398528.0|85181.75|3.07
601615.SH|16.04|17.12|15.52|17.1|128987232.0|215606.73|15.98
603728.SH|83.98|84.16|80.01|82.26|16412240.0|135245.8|84.62
600126.SH|9.66|9.87|9.58|9.76|130474768.0|126970.51|9.97
