002080.SZ|31.94|32.43|31.42|31.48|21704378.0|69667.38|32.32
601360.SH|13.8|13.86|13.31|13.53|357039200.0|486351.47|13.92
002812.SZ|59.34|63.5|59.34|61.85|65545920.0|405515.66|60.62
603929.SH|57.07|57.08|52.95|54.5|7796183.0|43716.03|56.53
000688.SZ|27.58|28.85|26.32|28.11|70831920.0|196134.83|27.02
002738.SZ|69.75|71.65|67.31|69.37|48289528.0|338205.16|67.7
002407.SZ|36.41|37.91|34.19|37.82|250652496.0|914333.0|36.39
600711.SH|12.2|12.56|12.06|12.35|163566240.0|203452.78|12.24
003022.SZ|21.63|22.03|20.93|21.17|22778264.0|48554.79|21.67
600246.SH|12.23|12.32|11.65|11.81|69624000.0|82757.55|12.32
000958.SZ|6.82|6.87|6.72|6.82|58730660.0|39892.68|6.86
600871.SH|2.47|2.57|2.47|2.5|239040768.0|60091.98|2.47
600577.SH|11.17|11.34|10.85|10.98|119515792.0|132290.36|11.16
002497.SZ|25.14|25.7|24.3|24.77|99939288.0|249408.36|24.47
600516.SH|6.46|7.14|6.45|6.91|362936416.0|252716.03|6.5
603881.SH|29.96|29.96|28.34|28.68|58008640.0|200880.45|29.85
000039.SZ|8.59|8.96|8.58|8.74|94399408.0|82851.13|8.6
