002080.SZ|39.2|40.48|33.91|36.24|129930160.0|470036.38|37.2
603228.SH|64.0|64.76|62.32|63.89|40258504.0|254932.48|65.23
002202.SZ|11.47|11.56|11.3|11.42|62903668.0|71686.3|11.46
002241.SZ|34.88|37.17|33.95|36.72|238939472.0|860291.81|34.93
600601.SH|8.9|8.9|8.33|8.68|420845056.0|361737.41|9.01
601788.SH|20.4|20.6|20.04|20.05|102701976.0|208215.69|20.36
002429.SZ|5.78|5.78|5.58|5.59|124139472.0|69924.87|5.74
601059.SH|20.0|20.0|19.5|19.65|82168936.0|161877.38|20.0
002131.SZ|5.5|5.53|5.21|5.26|999842496.0|531416.81|5.42
002364.SZ|27.93|28.0|26.28|26.8|62416684.0|167657.38|27.91
000737.SZ|12.54|13.07|12.5|12.7|167359440.0|213229.08|12.25
002555.SZ|19.58|19.88|19.34|19.69|101634560.0|199532.0|19.53
002290.SZ|36.59|36.75|35.5|35.88|7706212.0|27733.58|36.32
603950.SH|34.6|34.88|32.6|33.57|11136373.0|37379.27|33.5
002716.SZ|5.47|5.6|5.42|5.51|212724336.0|117182.59|5.47
