603228.SH|44.09|47.5|43.61|46.58|59549572.0|274712.06|43.18
002185.SZ|10.04|10.07|9.87|9.89|102736792.0|102173.0|10.09
003031.SZ|52.76|52.92|51.16|51.79|5586671.0|29027.79|53.0
600726.SH|2.55|2.62|2.52|2.54|104760368.0|26933.03|2.56
600438.SH|18.49|18.78|17.86|18.36|134906848.0|245330.13|18.32
000062.SZ|26.13|26.4|25.97|26.07|20253500.0|52974.77|26.3
000737.SZ|12.0|12.22|11.38|11.45|223452672.0|260076.22|12.4
600562.SH|30.0|30.87|29.43|30.23|16983840.0|51297.09|30.2
002517.SZ|18.95|19.79|18.95|19.48|84192128.0|163476.0|19.1
600396.SH|3.43|3.75|3.41|3.5|194559824.0|70311.93|3.55
603444.SH|321.64|336.5|318.88|333.73|2427603.0|79826.4|323.01
603127.SH|21.81|22.5|21.53|22.36|34104628.0|75317.7|21.93
600961.SH|11.2|11.32|11.0|11.09|31586738.0|35002.94|11.36
002402.SZ|22.6|22.9|22.32|22.45|49377300.0|111301.9|22.62
