002281.SZ|70.92|71.32|69.66|71.12|41207240.0|291144.09|70.74
601888.SH|87.26|88.66|86.15|87.86|71430992.0|624444.56|88.91
601231.SH|27.77|30.55|27.67|30.55|66453632.0|194544.22|27.77
605358.SH|36.6|37.77|36.55|37.31|38115248.0|141840.88|36.84
002414.SZ|15.1|15.76|14.93|15.51|152806816.0|235498.75|15.19
601212.SH|5.93|5.98|5.73|5.89|326912032.0|191076.3|5.68
001203.SZ|31.81|32.68|31.04|31.38|48926160.0|155216.84|31.13
002240.SZ|35.45|36.71|34.75|35.67|83885032.0|298716.09|35.92
600330.SH|12.22|13.04|12.18|13.04|138488528.0|173920.28|11.85
002491.SZ|6.44|6.64|6.35|6.55|160360192.0|104409.2|6.55
603618.SH|8.78|8.78|8.45|8.58|57771180.0|49478.64|8.82
600733.SH|8.29|8.35|8.13|8.18|124215488.0|101854.11|8.19
601933.SH|5.3|5.55|5.25|5.48|1006221632.0|542114.88|5.45
600515.SH|5.26|5.53|5.14|5.43|477276736.0|253574.02|5.39
601118.SH|6.0|6.04|5.85|5.92|123125920.0|73114.21|6.06
002545.SZ|17.54|17.92|17.36|17.89|13697430.0|24263.17|17.54
003021.SZ|114.2|117.19|113.31|115.55|7239139.0|83584.75|114.2
