600183.SH|69.35|71.99|67.0|69.5|56907208.0|396120.56|69.32
603986.SH|246.24|247.0|231.78|232.0|43365444.0|1034584.06|241.15
002916.SZ|230.0|243.91|226.0|233.44|13554811.0|319990.72|227.8
600549.SH|37.51|37.66|36.55|36.55|76887888.0|283364.88|37.51
600118.SH|42.0|45.59|42.0|44.55|111205560.0|487631.06|42.5
601208.SH|21.6|21.8|20.46|20.61|76386032.0|160397.22|21.48
600601.SH|13.4|13.93|12.72|12.91|397048992.0|522357.75|13.52
002595.SZ|68.75|69.13|66.46|67.55|5895249.0|39739.76|68.87
600021.SH|29.6|31.78|29.59|30.19|189932192.0|579109.5|30.14
603688.SH|42.96|44.24|42.05|42.08|26024726.0|111674.28|42.96
603699.SH|53.9|55.12|53.18|53.89|8851125.0|48040.72|53.9
002407.SZ|24.95|26.95|24.95|26.5|244505600.0|640815.56|24.94
603179.SH|77.0|79.9|74.06|74.06|19316236.0|147883.25|77.14
002046.SZ|29.56|29.56|28.56|28.76|21721672.0|62675.25|29.56
601611.SH|14.1|15.21|13.93|14.76|264180816.0|385102.66|14.55
000027.SZ|7.18|7.38|7.15|7.31|90453752.0|65776.47|7.21
000962.SZ|33.62|34.29|32.8|33.07|38369148.0|128214.58|34.2
000547.SZ|8.7|8.82|8.51|8.6|103593448.0|89353.59|8.75
001389.SZ|80.18|80.2|77.37|77.5|7401390.0|57956.02|80.48
603160.SH|86.09|86.19|84.1|84.17|8920140.0|75824.22|86.15
001287.SZ|27.1|29.72|27.1|28.53|120620928.0|345906.0|27.68
601606.SH|54.0|54.5|51.67|51.82|73917288.0|387965.94|55.47
002545.SZ|17.64|18.2|17.45|17.71|38246920.0|68202.75|17.26
