601100.SH|69.8|75.49|69.3|71.74|28204576.0|205125.81|70.55
603501.SH|140.0|149.66|137.6|143.6|72095336.0|1030284.0|136.2
600498.SH|24.5|25.95|24.5|25.39|128827592.0|323987.72|24.94
601727.SH|8.62|8.66|8.17|8.19|374009376.0|312745.59|8.6
002436.SZ|13.28|13.69|12.79|12.83|200574336.0|264774.0|12.81
000062.SZ|23.72|24.6|23.08|23.13|30870876.0|73703.14|23.82
600839.SH|12.0|12.32|11.39|11.47|591140672.0|698626.13|12.16
000002.SZ|7.64|7.76|7.47|7.52|200949552.0|152847.25|7.68
000887.SZ|16.85|17.95|16.58|17.29|118354992.0|205138.27|16.81
000032.SZ|26.17|27.87|25.44|25.58|180282656.0|483396.75|25.34
603067.SH|15.0|15.19|14.62|14.68|16212189.0|24227.35|14.95
601162.SH|4.71|4.9|4.62|4.69|726472832.0|344466.03|4.78
002335.SZ|43.98|44.97|40.05|41.08|94284472.0|404704.94|41.97
600186.SH|6.98|7.04|6.63|6.68|233911520.0|159093.2|7.08
600516.SH|5.14|5.17|5.01|5.01|47220060.0|23990.01|5.16
603881.SH|35.8|36.49|33.76|33.76|140417600.0|486474.91|37.51
601606.SH|12.21|12.21|11.81|11.89|13920645.0|16754.39|12.26
000564.SZ|3.13|3.15|2.94|2.97|524241440.0|157867.86|3.13
002044.SZ|7.47|7.79|6.79|7.09|817493568.0|591939.44|7.15
