603256.SH|33.23|34.58|32.95|33.5|16149163.0|54344.95|33.43
601869.SH|94.32|94.82|88.31|89.3|20378140.0|184844.14|95.15
001309.SZ|204.6|205.78|195.27|199.1|8869099.0|177125.45|203.7
600673.SH|22.24|22.3|21.18|21.53|33723820.0|72864.27|22.16
601231.SH|24.99|25.45|24.29|25.2|35338680.0|89739.7|25.0
603228.SH|64.85|70.15|64.5|68.08|50603124.0|346110.03|64.47
601179.SH|9.42|9.56|9.12|9.19|272680416.0|253898.31|9.55
001267.SZ|22.64|22.83|21.24|21.32|38800100.0|84245.25|22.34
603516.SH|191.78|197.49|176.4|196.38|9384262.0|175757.48|190.09
000969.SZ|20.74|20.78|19.09|19.16|111400888.0|220235.78|20.74
603667.SH|49.0|49.37|47.48|47.6|18519028.0|89236.53|48.99
605090.SH|37.25|37.42|35.78|36.74|25707468.0|94531.55|37.95
600550.SH|10.21|10.36|9.99|10.06|117463744.0|119217.72|10.38
002157.SZ|3.8|3.85|3.62|3.67|480361536.0|177313.14|3.73
603127.SH|35.2|35.39|34.13|34.26|33152382.0|114773.71|35.38
