002463.SZ|71.95|72.7|70.51|70.93|47730548.0|341408.66|72.09
603256.SH|32.79|33.67|32.64|33.2|12934800.0|42880.49|33.29
601869.SH|84.0|84.6|82.44|83.11|10824688.0|90273.81|85.57
601360.SH|13.26|13.34|12.84|12.93|178715056.0|231376.41|13.26
002558.SZ|41.0|42.1|40.11|40.4|31542522.0|129386.04|41.33
601238.SH|8.97|9.57|8.92|9.17|170890016.0|158291.84|8.99
001267.SZ|18.55|18.83|18.27|18.38|23651300.0|43783.11|18.76
000547.SZ|15.51|16.35|15.27|16.35|357941920.0|572684.63|14.86
603881.SH|34.26|34.35|33.2|33.29|33735596.0|113208.5|34.22
601606.SH|52.26|53.53|51.7|52.49|44846508.0|236863.59|52.22
603026.SH|88.9|89.61|84.5|85.77|17419016.0|150458.83|92.23
