600105.SH|5.85|6.0|5.77|5.89|76289536.0|45562.8|5.85
002436.SZ|13.21|13.42|13.03|13.33|72579744.0|96434.95|13.33
002049.SZ|69.3|70.76|68.73|70.05|42963972.0|301868.81|69.06
000688.SZ|13.11|13.36|13.05|13.29|12785715.0|17061.79|13.05
002236.SZ|18.22|18.54|17.24|17.9|298056544.0|559548.06|18.36
600206.SH|19.02|19.79|18.83|19.57|82774784.0|162515.33|19.28
002261.SZ|35.23|35.64|33.85|34.0|279586112.0|963382.19|36.34
603268.SH|41.98|42.62|41.0|41.4|3053145.0|12739.25|41.83
601611.SH|8.8|8.8|8.58|8.64|26793422.0|23537.05|8.73
002335.SZ|34.28|35.1|33.72|34.55|38198752.0|192959.52|34.5
603876.SH|9.42|9.57|9.32|9.57|32415252.0|31331.74|9.47
003021.SZ|159.33|164.28|154.63|160.5|12324693.0|196874.36|158.13
