601100.SH|77.71|85.24|76.62|80.76|32346662.0|268391.5|77.35
603501.SH|160.28|161.24|150.98|152.27|64964128.0|1010145.81|157.24
600498.SH|28.18|29.05|26.92|27.21|177816096.0|501894.72|27.65
601727.SH|8.41|9.19|8.41|8.92|666504128.0|583880.19|8.41
002436.SZ|13.12|13.27|12.82|13.07|101897616.0|133086.42|13.24
601777.SH|8.68|8.97|8.63|8.71|123303688.0|108122.15|8.67
600839.SH|11.67|11.81|11.41|11.49|360831360.0|420322.28|11.68
000002.SZ|7.59|7.6|7.49|7.52|137024688.0|103222.04|7.65
000887.SZ|17.75|17.85|17.22|17.61|87633504.0|156328.13|17.72
601162.SH|4.7|4.74|4.67|4.71|352193024.0|165592.41|4.74
600516.SH|5.08|5.12|5.02|5.05|31504918.0|16013.69|5.06
002044.SZ|7.22|7.76|6.94|7.49|777490816.0|577502.69|7.05
