600183.SH|62.54|63.47|60.7|62.88|49331552.0|310046.31|63.5
603986.SH|216.25|229.93|215.91|229.35|46261348.0|1036748.06|219.25
002916.SZ|207.6|217.2|203.96|216.43|12079662.0|256963.97|212.08
601872.SH|8.99|9.21|8.78|8.97|120109088.0|110732.91|9.01
600549.SH|35.57|35.99|34.29|35.29|50542708.0|178897.61|35.3
601012.SH|21.37|21.88|21.2|21.76|289819168.0|624920.69|21.11
600118.SH|42.96|45.47|42.11|44.9|84218336.0|369849.5|42.96
601179.SH|8.11|8.6|8.0|8.38|360010176.0|300348.09|7.92
601208.SH|19.7|19.73|18.73|19.24|55835104.0|107401.75|19.83
600601.SH|12.24|12.31|11.9|12.18|210212160.0|254857.02|12.33
002595.SZ|45.48|45.67|43.84|44.54|5921616.0|38681.27|45.48
600219.SH|4.27|4.35|4.14|4.32|429156480.0|199151.83|4.22
600021.SH|29.32|29.52|27.54|28.57|129209432.0|372716.53|29.32
603688.SH|41.11|41.3|39.63|40.86|12455329.0|50474.93|41.18
603699.SH|51.47|53.44|50.98|52.66|9273302.0|49702.73|51.47
002407.SZ|27.64|27.8|25.75|27.11|211768336.0|569574.0|28.2
603179.SH|55.29|58.35|54.34|54.86|24601230.0|194498.58|54.83
002046.SZ|28.8|28.8|27.98|28.61|13023568.0|37269.57|28.43
000962.SZ|31.44|31.8|28.76|29.85|36642004.0|109873.48|30.86
000547.SZ|8.37|8.61|8.33|8.6|74800928.0|63518.38|8.37
000981.SZ|3.67|3.81|3.67|3.76|1357424512.0|505772.91|4.08
001389.SZ|73.17|73.2|71.08|72.72|5099419.0|37098.48|73.61
600517.SH|6.33|6.56|6.27|6.48|100852816.0|65807.55|6.36
002459.SZ|14.28|14.51|13.8|14.36|89517408.0|126819.75|14.08
603160.SH|81.78|87.12|80.81|86.67|20232064.0|172175.56|81.77
600595.SH|6.64|7.23|6.46|7.11|144956560.0|101519.83|6.64
600100.SH|8.76|8.94|8.64|8.72|172059904.0|150878.83|8.68
000155.SZ|12.27|12.46|12.0|12.16|52312376.0|63437.29|12.29
002756.SZ|48.1|48.25|45.84|46.54|32262376.0|151725.23|48.76
603444.SH|463.0|474.58|459.98|464.0|2670636.0|127898.77|459.98
001287.SZ|25.88|26.97|25.39|26.78|54821020.0|143910.25|26.58
601606.SH|51.23|51.98|50.27|51.31|37581208.0|192672.39|51.26
603026.SH|64.45|64.66|59.96|62.46|16029779.0|98922.46|64.66
002545.SZ|17.2|17.6|16.61|17.15|30569096.0|53051.04|17.35
