600487.SH|23.1|23.3|21.56|22.04|161644544.0|357908.47|22.87
601869.SH|115.3|120.0|110.01|117.27|23842762.0|275395.75|115.28
002050.SZ|42.8|45.71|42.5|45.03|332288128.0|1471850.88|42.97
600498.SH|29.75|30.0|27.2|28.06|123255640.0|348010.59|29.65
600869.SH|7.7|8.02|7.53|7.72|110781240.0|86184.11|7.67
002222.SZ|52.75|52.95|49.05|50.97|45762584.0|231262.19|52.75
603920.SH|48.08|48.3|44.68|46.14|41069168.0|189863.38|47.31
600330.SH|12.44|12.82|11.46|11.8|200847472.0|240097.38|12.39
600157.SH|1.63|1.78|1.62|1.72|2611026432.0|446729.56|1.62
002245.SZ|19.8|20.59|19.56|20.32|150225760.0|301976.13|19.68
002472.SZ|50.48|53.5|50.0|51.69|66099024.0|341713.63|50.48
600562.SH|30.8|31.25|29.95|30.6|25094692.0|76336.45|30.99
600114.SH|33.2|33.59|31.5|32.26|27461422.0|88727.8|33.2
002290.SZ|39.11|39.11|36.5|37.71|8376101.0|31418.35|38.96
000564.SZ|2.71|2.72|2.57|2.63|665733824.0|174876.22|2.73
002624.SZ|18.81|19.08|18.12|18.57|53066472.0|98460.04|18.87
603950.SH|36.13|37.24|35.0|36.82|7170520.0|25748.91|36.4
002402.SZ|55.19|55.19|55.19|55.19|3106668.0|17145.7|50.17
