601872.SH|8.26|8.57|8.14|8.39|98718608.0|82369.96|8.34
600089.SH|21.41|24.11|21.41|24.11|447739680.0|1024951.0|21.92
601012.SH|21.01|22.52|20.73|21.85|330328832.0|715346.38|21.35
601179.SH|8.04|9.12|8.03|8.89|528545440.0|457498.88|8.29
601208.SH|18.79|18.99|18.23|18.92|65515900.0|121713.65|19.49
601360.SH|12.75|12.91|12.29|12.72|422090496.0|532205.5|13.11
600219.SH|4.53|4.66|4.52|4.62|260579536.0|119842.42|4.62
603688.SH|38.6|39.34|38.22|39.0|12903907.0|50029.93|39.39
002407.SZ|26.31|29.6|26.16|29.59|224180560.0|633417.31|27.83
000547.SZ|8.76|8.91|8.67|8.81|82345968.0|72473.05|8.98
000981.SZ|3.72|3.97|3.6|3.88|983555456.0|380494.06|3.8
600517.SH|6.51|6.9|6.43|6.79|107245880.0|72064.57|6.67
600637.SH|10.3|10.73|10.2|10.6|174112416.0|183114.23|10.54
002459.SZ|13.83|14.95|13.81|14.49|128862744.0|185348.13|13.96
600595.SH|6.82|7.09|6.68|6.99|100520472.0|69179.44|7.14
600100.SH|8.66|8.87|8.58|8.83|122375032.0|106841.08|8.77
000155.SZ|11.71|12.2|11.64|12.12|55887552.0|66748.98|11.8
002756.SZ|45.0|47.9|44.62|46.6|29167662.0|135439.69|46.13
002266.SZ|4.55|4.75|4.53|4.64|303743104.0|141498.34|4.66
603876.SH|13.01|14.17|13.01|13.94|83871456.0|115023.32|13.39
603444.SH|446.42|470.0|445.44|465.2|2242410.0|102704.09|452.01
601606.SH|51.0|51.86|49.22|50.44|43713120.0|221514.09|52.51
603026.SH|60.81|64.36|60.14|63.25|12278127.0|76928.56|62.58
