002281.SZ|68.55|70.06|67.57|68.48|43397720.0|298765.38|68.01
601231.SH|26.95|27.52|26.16|26.35|48941604.0|130516.45|27.08
601179.SH|9.05|9.54|9.05|9.14|196090912.0|181138.72|9.0
001203.SZ|26.88|28.95|25.77|28.17|57291824.0|157020.27|27.31
002240.SZ|32.14|33.78|31.03|33.3|90337888.0|294785.22|31.96
002491.SZ|6.35|7.16|6.26|7.16|276501920.0|186721.38|6.51
600733.SH|7.87|8.49|7.84|8.21|286646336.0|235225.94|7.94
601933.SH|5.3|6.04|5.28|5.76|1737658112.0|993183.75|5.49
600737.SH|16.69|17.35|16.5|17.18|43724304.0|74381.02|16.58
000969.SZ|19.92|20.75|19.84|20.2|101258072.0|204891.14|19.26
600186.SH|6.02|6.04|5.85|5.96|115799632.0|68787.95|6.1
605090.SH|36.5|38.4|36.48|37.98|23192038.0|87524.35|36.75
600550.SH|9.92|10.3|9.92|10.12|105202648.0|106346.65|9.84
002157.SZ|3.46|3.64|3.44|3.59|318352064.0|112155.16|3.48
603127.SH|35.72|36.39|34.84|35.42|26996574.0|95981.05|35.7
000825.SZ|4.85|5.04|4.85|4.97|209516688.0|104124.31|4.83
002545.SZ|17.4|17.41|16.8|17.17|20210018.0|34595.0|17.39
