603256.SH|11.44|12.04|11.26|11.78|28584600.0|33554.64|11.62
601825.SH|10.05|10.29|9.9|10.22|46434140.0|47115.83|10.0
600869.SH|4.97|5.17|4.97|5.06|59120800.0|30002.2|4.96
600601.SH|4.68|4.85|4.67|4.8|203366192.0|97029.94|4.65
603083.SH|45.1|45.55|44.02|44.43|49295316.0|220142.95|45.11
002491.SZ|6.06|6.26|5.92|6.01|152664976.0|92732.59|5.98
603392.SH|71.02|71.59|69.42|69.7|11744742.0|82367.02|72.48
001389.SZ|53.45|55.02|53.33|54.74|10237161.0|55649.76|53.3
002015.SZ|8.6|9.28|8.53|9.05|94180928.0|83683.98|8.52
002335.SZ|43.5|44.88|42.75|44.42|41812744.0|182665.36|43.5
601069.SH|18.59|19.06|18.27|18.94|27395660.0|50885.92|19.2
003035.SZ|5.0|5.1|4.96|5.0|77032960.0|38570.69|5.05
603127.SH|18.85|19.57|18.85|19.17|38724812.0|74615.2|18.85
002290.SZ|34.96|35.54|33.78|35.39|8938909.0|31069.71|34.95
