600183.SH|69.9|70.5|63.8|64.3|60475704.0|396917.41|69.5
603986.SH|231.0|234.68|216.0|220.0|49242880.0|1088257.5|232.0
002916.SZ|231.44|231.5|212.99|214.48|11429720.0|250415.55|233.44
600549.SH|36.56|37.11|35.54|35.7|60166588.0|217690.94|36.55
601012.SH|21.41|22.24|21.0|21.11|319061408.0|686322.94|21.51
600118.SH|44.55|44.56|42.2|42.96|86179272.0|372635.72|44.55
601179.SH|8.0|8.31|7.87|7.97|285183520.0|229561.39|7.9
601208.SH|20.64|20.99|19.76|19.93|69755400.0|141472.02|20.61
600601.SH|12.8|12.87|12.27|12.33|289722752.0|362069.44|12.91
002595.SZ|67.54|67.79|66.06|66.94|5382712.0|35924.08|67.55
600219.SH|4.74|4.81|4.59|4.61|473577504.0|221141.97|4.75
600021.SH|30.6|30.79|28.9|29.69|127984280.0|381837.34|30.19
603688.SH|42.05|42.76|41.27|41.27|14359448.0|59932.4|42.08
603699.SH|54.06|54.5|50.78|52.5|11270455.0|59079.13|53.89
002407.SZ|26.5|29.15|25.97|28.4|270484512.0|766213.31|26.5
603179.SH|75.0|81.47|74.89|77.06|29182576.0|229344.97|74.06
002046.SZ|28.58|29.07|28.53|28.63|13568600.0|39087.1|28.76
601611.SH|14.35|14.45|13.28|13.28|246229552.0|334521.31|14.76
000027.SZ|7.18|7.18|7.01|7.03|84257776.0|59632.07|7.31
000962.SZ|33.11|33.47|30.83|31.02|32050386.0|101871.59|33.07
000547.SZ|8.57|8.62|8.34|8.37|68604408.0|57851.8|8.6
000981.SZ|4.11|4.25|4.05|4.08|1084098560.0|446986.25|4.2
001389.SZ|77.47|77.79|74.13|74.26|6811330.0|51254.41|77.5
600517.SH|6.58|6.68|6.42|6.45|133435744.0|87213.84|6.5
002459.SZ|14.45|14.82|14.05|14.08|130162160.0|187634.06|14.35
603160.SH|84.17|84.8|82.11|82.16|9599940.0|79623.17|84.17
600595.SH|7.06|7.09|6.76|6.81|101252528.0|69499.24|7.09
000155.SZ|12.45|12.62|12.22|12.29|85822912.0|106395.88|12.36
603444.SH|483.61|492.8|472.5|472.98|3118085.0|149445.67|483.55
001287.SZ|27.69|28.15|26.5|26.7|81608624.0|221503.44|28.53
601606.SH|51.49|52.71|50.92|51.26|42112368.0|217478.38|51.82
002545.SZ|17.72|18.97|17.54|17.65|35006456.0|63240.72|17.71
