002281.SZ|48.83|49.52|48.2|48.55|25990870.0|126399.2|49.32
603228.SH|41.79|43.0|40.7|42.34|55321464.0|231519.31|41.84
002185.SZ|10.05|11.11|9.95|10.78|360478144.0|385278.44|10.1
002074.SZ|32.04|32.41|30.85|31.73|131362560.0|413344.13|32.46
603920.SH|30.3|30.51|29.7|30.01|38306368.0|115178.25|30.51
000062.SZ|26.74|27.74|26.62|26.96|50300840.0|136758.3|26.86
000737.SZ|10.71|11.6|10.25|11.53|256471264.0|276432.0|10.86
000519.SZ|22.6|23.99|22.12|22.7|256804976.0|585928.5|21.89
601162.SH|4.91|5.05|4.76|4.8|1120807936.0|544555.56|4.93
600961.SH|11.12|11.28|10.91|11.22|42487792.0|47181.51|11.18
002402.SZ|23.81|24.3|22.98|23.32|155869840.0|369263.53|23.17
