601319.SH|8.28|8.4|8.1|8.21|145971504.0|119596.8|8.28
603083.SH|39.0|41.54|38.88|40.18|29998400.0|122509.03|39.18
002378.SZ|7.91|8.8|7.86|8.8|95685944.0|81476.55|8.0
600500.SH|3.95|4.23|3.91|4.09|101118920.0|41186.02|3.95
601236.SH|8.31|8.65|8.16|8.47|143141312.0|119788.43|8.38
000958.SZ|7.23|7.35|7.17|7.21|105007056.0|75975.83|7.23
002364.SZ|15.02|15.68|14.86|15.44|32136906.0|49408.57|15.77
600396.SH|3.35|3.39|3.26|3.29|96222344.0|31738.52|3.33
603338.SH|47.47|48.06|47.21|47.53|5626424.0|26797.55|47.54
002290.SZ|32.0|32.4|31.6|32.13|4196510.0|13454.91|32.14
