600150.SH|37.88|39.23|37.2|38.5|158392800.0|606367.19|37.88
603256.SH|25.08|25.2|24.13|24.68|24252338.0|59678.65|25.08
002353.SZ|45.72|47.28|45.61|46.99|11487236.0|53468.25|45.82
002484.SZ|26.74|26.87|25.81|26.02|41179156.0|107777.2|26.69
000630.SZ|4.05|4.08|3.96|4.04|324394016.0|130638.14|4.05
002837.SZ|50.01|55.06|48.89|54.75|100785464.0|525895.56|50.05
600879.SH|11.6|11.6|11.15|11.27|204179728.0|230631.45|11.68
603179.SH|46.68|48.85|46.68|47.9|14118419.0|67859.3|46.4
000877.SZ|6.08|6.21|5.85|5.91|153495392.0|91481.06|6.25
603667.SH|38.45|38.58|37.81|38.22|17618842.0|67190.9|38.45
