002475.SZ|52.66|54.2|52.15|52.39|200349024.0|1061098.88|52.74
603986.SH|189.0|196.8|186.89|189.16|40856220.0|781024.06|190.94
002938.SZ|54.29|56.42|53.56|53.99|30922480.0|168765.28|54.3
000988.SZ|81.58|83.99|80.28|81.34|85602480.0|699839.63|81.26
002050.SZ|36.18|39.23|35.96|39.23|238019296.0|896044.13|35.66
603019.SH|106.0|112.71|106.0|111.48|149278912.0|1654665.88|102.46
001309.SZ|120.0|129.0|120.0|125.5|24836424.0|309590.88|117.91
600118.SH|36.49|37.15|35.89|36.65|49360572.0|179976.31|36.57
002436.SZ|22.1|22.56|21.19|22.28|156339520.0|342984.41|22.17
002636.SZ|13.34|13.55|13.17|13.47|26181400.0|35138.52|13.4
002429.SZ|6.67|6.73|6.48|6.56|201473088.0|132520.77|6.68
603308.SH|30.9|31.01|29.71|31.01|18840052.0|57402.1|30.67
002558.SZ|44.55|45.0|43.0|43.43|44973464.0|197189.72|44.58
003022.SZ|21.76|22.6|21.28|22.59|29854414.0|65457.36|21.87
002131.SZ|5.94|6.59|5.88|6.39|1788271360.0|1129446.75|5.99
002364.SZ|29.59|31.55|28.58|30.55|104389808.0|315323.06|30.86
000737.SZ|14.67|14.95|13.23|13.86|216122656.0|297607.06|13.96
603728.SH|74.35|79.2|73.08|78.15|25500600.0|193475.64|73.69
600516.SH|5.27|5.29|5.19|5.26|55680928.0|29125.95|5.27
002130.SZ|26.72|27.76|26.5|27.3|149348528.0|405809.16|26.7
603950.SH|33.55|37.09|33.33|37.09|8164500.0|29635.2|33.72
002716.SZ|6.9|6.93|6.38|6.63|258053600.0|170493.64|6.72
601975.SH|3.31|3.34|3.22|3.26|216533616.0|70708.52|3.33
002545.SZ|13.77|14.84|13.64|14.84|69192688.0|100640.04|13.49
003021.SZ|139.66|146.3|137.45|142.47|17311044.0|245614.88|137.19
