603256.SH|33.26|34.25|32.61|33.43|18571320.0|61924.41|34.43
601869.SH|101.39|101.4|95.15|95.15|20828860.0|200984.14|105.72
001309.SZ|206.93|207.59|199.9|203.7|11192440.0|228369.28|214.29
600673.SH|22.69|23.04|22.02|22.16|35323968.0|79088.34|23.05
600105.SH|21.41|22.07|19.68|20.11|301107712.0|615582.38|21.87
601231.SH|23.57|25.72|23.37|25.0|47898060.0|121874.98|23.75
603228.SH|65.52|66.05|63.46|64.47|23972560.0|155377.44|66.87
601696.SH|14.13|14.99|14.09|14.6|141809680.0|207380.81|14.29
001267.SZ|22.39|23.04|21.72|22.34|46954224.0|105610.9|22.92
603516.SH|183.96|193.9|183.56|190.09|5623374.0|106987.95|187.26
603067.SH|29.53|30.65|29.04|29.18|37424460.0|111438.52|29.46
603667.SH|50.0|51.17|48.99|48.99|29232856.0|145899.2|50.86
002157.SZ|3.53|3.93|3.51|3.73|687482048.0|259045.3|3.57
