002384.SZ|54.8|54.88|51.95|53.5|78559336.0|417840.63|53.59
601869.SH|41.68|41.85|40.42|40.6|8839410.0|36142.39|41.33
000657.SZ|16.51|17.8|16.01|17.8|212269392.0|365710.63|16.18
002080.SZ|28.0|29.5|27.83|28.26|64701268.0|185104.22|27.8
600089.SH|14.01|14.54|13.87|14.39|249149616.0|355220.19|14.25
601991.SH|3.65|3.72|3.56|3.64|486790464.0|177075.88|3.74
002851.SZ|55.0|55.35|54.16|54.63|14694964.0|80288.07|54.59
601179.SH|6.91|7.04|6.8|6.96|168248112.0|116339.93|7.01
601800.SH|9.61|9.92|9.52|9.75|155317184.0|151421.08|9.8
600580.SH|24.3|24.56|23.61|23.97|170129440.0|407114.25|24.3
601699.SH|13.12|14.35|12.82|14.18|182636800.0|249228.08|13.21
603308.SH|27.2|28.03|27.05|27.16|16189542.0|44552.75|26.78
600143.SH|12.82|12.82|12.42|12.5|164316656.0|205900.55|12.78
002240.SZ|14.2|15.9|14.2|15.9|81633264.0|124468.16|14.45
000983.SZ|7.54|8.0|7.43|7.87|253531840.0|195897.16|7.68
601001.SH|14.87|15.56|14.44|15.41|68938160.0|103543.56|14.89
001389.SZ|66.31|66.64|64.22|64.98|10795618.0|70269.75|65.32
603516.SH|49.86|52.0|48.71|49.75|14645079.0|72879.16|49.53
600546.SH|10.0|10.52|9.89|10.36|100787840.0|102711.61|10.0
601608.SH|4.88|4.97|4.83|4.93|157892288.0|77399.59|4.9
000400.SZ|23.4|23.73|23.4|23.56|40611636.0|95572.13|23.56
000158.SZ|23.1|23.3|23.0|23.24|66353920.0|153696.81|23.11
603950.SH|24.28|24.5|23.97|24.06|5074800.0|12245.68|24.22
