002384.SZ|54.59|55.85|52.88|54.97|100743136.0|548634.19|54.21
601869.SH|41.61|43.14|41.53|41.69|12614210.0|53521.34|42.2
002028.SZ|76.37|77.9|76.12|77.0|9325338.0|72410.32|75.56
600010.SH|2.15|2.25|2.15|2.2|1930482304.0|425169.03|2.14
600392.SH|16.98|18.38|16.58|18.38|178056432.0|323222.09|16.68
603308.SH|28.23|28.62|27.08|28.31|18611690.0|52225.87|28.38
002131.SZ|3.74|4.02|3.71|3.88|1136830720.0|441086.97|3.66
001389.SZ|69.14|69.34|65.25|67.45|18592548.0|125695.16|67.92
000158.SZ|23.99|24.52|23.71|24.1|160928800.0|386864.69|24.5
601609.SH|8.19|8.58|8.16|8.22|130984992.0|110442.29|8.2
603950.SH|24.9|25.22|24.34|25.05|6603440.0|16533.48|25.12
