000617.SZ|9.5|9.53|8.87|9.21|557035904.0|511407.41|9.66
601208.SH|11.67|12.61|11.67|12.61|111738160.0|139378.41|11.46
600726.SH|2.68|2.89|2.66|2.81|199458368.0|55961.95|2.68
600438.SH|20.39|21.03|20.32|20.63|120638992.0|248905.91|20.39
001203.SZ|10.65|11.5|10.65|11.1|50268504.0|56231.82|10.78
000987.SZ|7.79|7.83|7.44|7.5|133114832.0|100734.25|7.84
001389.SZ|61.38|63.29|61.12|62.69|8924241.0|55779.34|62.37
001896.SZ|6.56|6.74|6.44|6.74|42434828.0|28082.73|6.13
002653.SZ|45.22|45.95|44.5|45.65|3963461.0|17974.03|44.35
600396.SH|3.59|3.99|3.59|3.99|77135200.0|30218.99|3.63
