603256.SH|8.31|8.38|7.98|8.24|11404600.0|9306.38|8.42
002050.SZ|27.2|27.71|25.76|26.0|261213952.0|697077.88|26.7
001309.SZ|86.86|87.86|84.89|85.53|3861640.0|33187.06|87.8
600673.SH|12.1|12.87|12.06|12.56|69926352.0|87283.66|12.44
600105.SH|4.59|4.75|4.51|4.72|37439632.0|17414.83|4.69
002484.SZ|22.5|24.11|21.93|23.47|104046328.0|243992.91|21.92
002851.SZ|67.38|68.98|64.91|66.95|37591844.0|251202.0|67.39
603308.SH|15.89|16.43|15.59|15.77|24189220.0|38463.25|15.98
603699.SH|23.57|24.24|22.81|23.05|8244844.0|19289.31|23.93
600259.SH|29.5|31.77|29.37|30.8|17940708.0|55443.46|29.84
000962.SZ|13.9|14.79|13.32|14.79|39206004.0|56063.61|14.09
000981.SZ|2.12|2.33|2.12|2.25|555010048.0|124299.73|2.2
603516.SH|52.0|52.4|49.88|50.48|10028284.0|51203.61|53.36
000737.SZ|8.45|9.49|8.38|9.49|108134848.0|99175.2|8.63
000951.SZ|18.3|19.55|18.19|19.02|34632528.0|66181.69|18.73
600126.SH|4.68|4.85|4.64|4.67|54835792.0|25836.92|4.77
600316.SH|30.4|33.0|30.4|31.96|19543268.0|62323.79|31.48
