002028.SZ|82.58|82.71|79.7|80.1|13389522.0|108334.22|82.58
000617.SZ|8.82|9.04|8.72|8.9|336318272.0|297536.5|8.88
600010.SH|2.03|2.05|1.98|2.0|1054865984.0|211712.17|2.03
600438.SH|19.95|20.84|19.51|20.63|135805200.0|273719.13|20.16
600392.SH|15.75|16.31|15.62|15.79|215723040.0|344028.97|15.08
001203.SZ|10.62|10.64|10.32|10.47|24295994.0|25396.24|10.65
000987.SZ|7.44|7.53|7.39|7.49|65814492.0|49203.44|7.43
001389.SZ|63.0|63.01|60.01|60.32|15503037.0|94095.26|63.54
002653.SZ|46.51|48.11|46.45|47.76|3040024.0|14418.18|46.5
601609.SH|8.3|8.37|7.92|7.97|167069120.0|134826.38|8.49
