603993.SH|15.96|16.04|15.19|16.02|305389344.0|485772.81|15.72
600111.SH|56.85|57.53|52.87|54.37|303116192.0|1661657.38|56.67
002600.SZ|15.36|15.86|14.76|15.62|305554656.0|469066.91|15.47
002460.SZ|68.39|70.8|62.65|66.03|126697880.0|846670.06|68.37
600010.SH|2.92|2.98|2.67|2.77|3463425280.0|969183.88|2.91
601168.SH|22.54|23.16|22.41|23.1|49559800.0|113460.73|22.45
000426.SZ|35.18|35.48|33.08|34.55|101663776.0|345336.94|34.97
000960.SZ|23.54|23.63|22.5|23.19|50191348.0|117191.08|23.3
000831.SZ|61.37|62.17|57.08|59.42|100659648.0|594772.13|61.36
601126.SH|22.48|24.16|22.48|24.16|73289128.0|177152.39|21.9
601618.SH|3.94|4.03|3.86|3.94|243347328.0|95609.77|3.94
600667.SH|8.19|8.32|8.01|8.21|113101744.0|92803.02|8.24
002407.SZ|20.28|20.72|20.0|20.38|116422560.0|239174.91|19.95
600206.SH|24.4|24.46|22.56|23.24|92616320.0|215693.72|23.83
000962.SZ|28.06|28.06|25.96|26.98|28585012.0|77004.98|28.06
603061.SH|87.7|93.37|85.26|92.12|2896418.0|37467.48|87.63
000629.SZ|3.08|3.12|3.04|3.07|120218280.0|36926.14|3.08
002430.SZ|26.75|26.88|25.98|26.35|19906348.0|53429.75|26.5
600801.SH|19.95|21.17|19.58|20.73|41105580.0|86430.53|19.44
600536.SH|54.0|55.93|52.92|53.94|73743200.0|399394.25|55.55
601069.SH|34.62|34.84|32.31|34.05|46211440.0|155199.09|33.84
