000657.SZ|18.3|19.35|17.86|19.0|218689200.0|404141.13|18.01
002080.SZ|29.54|30.4|28.8|29.2|59939908.0|175542.94|29.71
600089.SH|13.84|14.04|13.6|14.02|127659176.0|176688.03|13.84
601888.SH|66.37|67.09|65.75|66.23|24277968.0|160635.7|66.37
601991.SH|3.43|3.44|3.36|3.41|213714816.0|72478.63|3.44
002466.SZ|40.04|41.23|40.04|40.4|62387308.0|252768.89|40.74
601958.SH|12.94|13.53|12.9|13.04|62189300.0|81659.77|12.94
601179.SH|6.71|6.72|6.62|6.72|76294472.0|50890.04|6.72
601800.SH|9.38|9.44|9.27|9.4|67541480.0|63161.87|9.41
600580.SH|23.6|24.26|23.32|23.77|104861392.0|249351.42|23.85
600895.SH|30.72|33.36|30.71|31.75|138302976.0|442746.0|31.28
601699.SH|13.94|14.76|13.76|14.7|116587424.0|166559.75|13.95
600143.SH|13.44|13.76|13.21|13.5|162095920.0|218573.91|13.55
002240.SZ|16.01|16.62|15.96|16.22|55401540.0|90198.74|16.16
002821.SZ|119.0|125.5|115.2|122.89|15413426.0|187493.95|118.02
000983.SZ|7.27|7.48|7.21|7.45|123028480.0|90199.9|7.3
601001.SH|14.58|14.94|14.48|14.87|29948912.0|44086.07|14.64
603516.SH|50.38|51.79|50.22|51.39|8796217.0|44971.94|50.41
600114.SH|23.44|25.0|23.41|24.66|42939560.0|104404.02|23.56
600515.SH|4.13|4.25|4.09|4.14|203126656.0|84716.78|4.14
600546.SH|9.79|9.95|9.67|9.92|34322720.0|33715.0|9.88
601608.SH|4.77|4.81|4.71|4.8|74168800.0|35261.83|4.74
000400.SZ|23.01|23.17|22.7|23.16|31130024.0|71388.1|23.04
