600183.SH|44.69|46.1|43.89|44.65|44901124.0|200997.42|44.69
600673.SH|17.82|19.25|16.92|18.61|158264048.0|284895.09|18.0
002466.SZ|43.9|44.9|43.6|43.88|55355372.0|244026.95|44.46
002460.SZ|39.01|39.57|38.77|38.95|30005836.0|117244.8|39.34
002636.SZ|13.55|13.68|13.18|13.38|61088496.0|81885.61|13.66
000066.SZ|17.95|18.12|17.29|17.38|337419200.0|597271.13|18.14
002203.SZ|13.35|13.5|12.93|13.18|61102192.0|80649.47|13.28
600143.SH|16.69|17.23|16.34|16.77|259380736.0|436347.75|16.89
603688.SH|39.2|42.09|39.2|40.75|38132088.0|156130.23|39.88
003022.SZ|19.45|20.1|19.12|19.29|38121320.0|73928.41|19.53
002491.SZ|5.66|5.73|5.6|5.62|69096224.0|39006.05|5.7
000962.SZ|21.56|22.25|20.7|21.05|49576688.0|105787.64|20.79
002364.SZ|23.77|24.97|23.42|24.97|142810208.0|347315.63|22.7
002518.SZ|33.67|33.74|32.83|33.74|19814232.0|66658.62|30.67
601162.SH|5.7|5.88|5.6|5.63|1128352768.0|643865.38|5.8
600126.SH|9.58|9.62|9.37|9.41|141093408.0|133660.8|9.57
603337.SH|54.0|54.0|49.73|50.4|8697168.0|44450.29|55.08
