603256.SH|35.88|37.1|34.82|35.9|24715302.0|88281.47|35.82
001309.SZ|221.23|224.9|211.34|217.18|12768901.0|277047.31|222.7
600105.SH|17.89|19.16|17.71|19.13|217262992.0|399597.09|17.78
600118.SH|48.0|51.46|47.79|50.15|92552472.0|461142.63|48.68
601231.SH|24.97|25.22|23.91|24.2|40032880.0|97029.21|25.02
603228.SH|70.02|72.23|67.86|69.65|41694096.0|289894.84|71.13
000703.SZ|8.4|8.42|8.23|8.33|31931686.0|26590.71|8.35
002487.SZ|56.79|57.72|56.47|56.71|11480737.0|65409.83|57.04
601696.SH|14.05|14.68|14.02|14.49|159477984.0|230372.86|14.13
001267.SZ|20.86|22.88|20.64|22.31|101282160.0|222588.03|20.8
603067.SH|28.7|29.26|27.78|28.11|19816252.0|55837.61|28.62
603667.SH|53.03|54.72|52.8|53.46|43623700.0|234298.5|53.52
