002594.SZ|107.29|108.98|105.51|108.36|27271140.0|890851.81|107.28
002600.SZ|10.13|10.16|9.62|9.74|484895488.0|476897.03|10.1
001309.SZ|74.14|77.17|72.66|74.31|6784972.0|71642.56|74.82
601689.SH|70.98|71.49|66.99|68.88|58763552.0|407481.25|72.2
600580.SH|22.23|22.82|21.26|22.29|263339056.0|703173.5|21.81
002920.SZ|131.13|131.23|124.83|127.55|16980556.0|219878.41|131.13
600143.SH|10.4|10.41|9.95|10.06|155442112.0|161601.41|10.4
002126.SZ|22.25|22.31|21.56|22.09|47735792.0|105726.7|22.43
002195.SZ|4.65|5.11|4.63|4.99|764339648.0|371784.19|4.65
600206.SH|16.95|17.32|16.7|17.28|81164520.0|139730.84|16.98
001267.SZ|9.09|9.37|8.75|9.13|33813488.0|30935.0|9.22
600588.SH|14.23|14.94|13.83|14.62|240233104.0|347295.78|13.7
002131.SZ|4.08|4.48|4.07|4.48|1418397696.0|617253.63|4.07
603486.SH|49.13|49.13|47.63|48.1|10064154.0|49713.68|48.77
600595.SH|3.29|3.48|3.28|3.43|163886000.0|58440.65|3.4
