002594.SZ|341.52|359.6|341.52|356.05|24364460.0|857463.38|341.3
002600.SZ|9.63|10.12|9.63|9.79|346518592.0|343127.34|9.61
603501.SH|134.0|138.3|131.01|135.92|42683056.0|573796.69|136.05
601689.SH|69.74|69.74|67.24|68.72|36055292.0|246502.22|68.9
601727.SH|8.6|8.71|8.38|8.57|513778720.0|437754.25|8.79
002920.SZ|126.7|132.55|126.51|130.4|9468854.0|123106.25|127.35
002126.SZ|22.38|24.44|22.38|23.95|56176688.0|133142.16|22.59
600206.SH|18.2|18.93|17.94|18.08|100109856.0|182496.58|18.69
603618.SH|6.15|6.32|6.09|6.12|28466716.0|17579.53|6.15
000062.SZ|24.17|24.48|23.6|23.85|24983072.0|59725.41|24.26
600588.SH|17.15|19.1|16.99|18.3|319766336.0|575366.56|17.4
603486.SH|51.63|54.74|51.19|53.78|12913062.0|68720.77|52.08
000002.SZ|7.93|8.05|7.71|7.81|262999440.0|205520.19|7.97
000887.SZ|16.8|17.05|16.4|16.63|88655480.0|147490.03|16.9
000032.SZ|23.0|23.97|22.75|23.97|48323964.0|114387.57|21.79
603067.SH|14.75|14.8|14.35|14.59|17940548.0|26103.97|14.76
601162.SH|4.83|4.91|4.75|4.84|982957184.0|474209.22|5.01
002335.SZ|35.16|38.15|35.11|38.15|44061764.0|162242.5|34.68
600186.SH|7.33|7.39|6.8|7.0|366754464.0|258757.06|7.17
600595.SH|3.63|3.72|3.59|3.7|78274152.0|28736.2|3.62
600516.SH|5.28|5.3|5.12|5.24|83447456.0|43321.3|5.28
603881.SH|33.75|34.1|31.0|34.1|104971952.0|343043.16|31.0
601606.SH|12.26|12.26|12.03|12.14|15938500.0|19310.35|12.29
000564.SZ|3.16|3.16|3.04|3.05|735834304.0|226746.5|3.25
002044.SZ|6.0|6.5|6.0|6.5|137410592.0|86998.01|5.91
