600276.SH|63.4|64.25|62.5|62.9|74203872.0|469020.81|63.59
002938.SZ|55.12|55.98|52.59|53.0|48825040.0|264445.69|54.1
000657.SZ|16.66|16.89|16.06|16.11|165876768.0|271827.41|17.1
601888.SH|66.19|66.2|64.66|64.96|25486900.0|166124.72|66.28
002466.SZ|39.36|39.58|38.0|38.23|71228888.0|275273.5|39.88
601958.SH|12.66|13.2|12.58|12.87|59127468.0|76376.8|13.31
002436.SZ|19.27|20.0|18.7|18.96|262159072.0|506424.88|18.59
002428.SZ|23.9|24.0|22.35|22.43|88549600.0|203689.55|24.0
600895.SH|33.01|33.7|31.88|32.2|135214192.0|443375.56|33.99
600570.SH|36.77|37.86|35.94|36.2|119681384.0|439396.25|37.0
002240.SZ|15.93|16.02|15.42|15.52|53903732.0|84547.17|16.31
002821.SZ|113.96|116.96|113.0|114.24|10518019.0|120828.94|113.97
600500.SH|4.19|4.23|4.05|4.06|83784152.0|34294.95|4.19
600114.SH|24.39|25.05|23.9|23.99|29734570.0|72602.72|24.16
002653.SZ|51.8|56.8|51.73|55.79|6803646.0|37200.75|52.1
600515.SH|4.06|4.08|3.9|3.93|190853776.0|75824.66|4.07
603063.SH|35.38|37.9|35.38|37.9|33456222.0|124134.12|34.45
