601825.SH|10.22|10.26|10.09|10.11|38872708.0|39391.99|10.22
600418.SH|40.0|43.18|39.3|41.97|191554656.0|803884.38|39.25
600601.SH|4.76|5.25|4.76|4.97|318829824.0|160356.0|4.79
603083.SH|44.44|44.87|43.59|43.7|24131236.0|106590.22|44.1
002491.SZ|5.85|5.94|5.72|5.83|64197516.0|37466.71|5.9
603392.SH|67.52|68.15|67.3|67.48|5482637.0|37074.06|67.56
001389.SZ|57.56|59.5|57.54|57.7|8157322.0|47677.8|58.39
002335.SZ|42.8|43.97|42.23|42.82|20036428.0|86211.91|42.7
601069.SH|19.07|19.28|18.86|19.04|20445712.0|38905.11|19.23
002290.SZ|36.23|37.16|34.9|35.42|7402200.0|26599.4|36.7
002716.SZ|3.9|3.98|3.89|3.91|161969824.0|63598.3|3.94
