600183.SH|71.59|73.39|70.23|71.41|30841788.0|221007.67|70.76
603256.SH|37.84|38.36|36.5|36.81|18324604.0|68222.38|37.91
600362.SH|50.25|55.28|50.24|54.92|128845208.0|700504.19|50.25
002837.SZ|111.17|112.0|106.0|106.89|64250928.0|695753.81|113.2
002851.SZ|89.5|92.16|89.18|90.07|16638392.0|150595.41|89.26
002202.SZ|19.6|20.88|19.45|20.4|427962624.0|862082.56|20.2
600879.SH|19.37|21.32|19.3|21.32|618888832.0|1270711.13|19.38
002429.SZ|7.65|7.68|7.41|7.42|67175232.0|50355.15|7.61
000559.SZ|16.59|17.26|15.89|17.2|474364352.0|802274.69|15.69
002407.SZ|33.61|34.89|33.5|33.91|118414304.0|403755.59|34.19
600330.SH|12.92|13.57|12.85|13.13|163764704.0|215999.05|12.77
002261.SZ|33.75|34.41|33.05|33.1|110129064.0|368565.38|34.17
002465.SZ|15.03|15.98|14.81|15.75|287958912.0|445460.75|15.12
605090.SH|42.5|43.88|40.96|43.1|43550316.0|184493.98|42.62
002756.SZ|54.0|55.38|53.01|54.25|11751354.0|63734.64|54.27
600550.SH|10.85|10.88|10.49|10.55|90483936.0|95988.9|10.85
