603986.SH|161.0|162.8|154.62|157.15|32732034.0|519182.44|163.83
002384.SZ|65.15|69.19|63.38|65.65|86513856.0|578258.75|65.61
000988.SZ|65.82|66.69|64.29|64.73|49938360.0|326372.97|66.79
605117.SH|75.02|75.77|72.5|72.88|29917340.0|221037.19|76.5
601689.SH|66.0|72.45|65.47|69.65|88149080.0|606696.5|68.19
601958.SH|15.73|16.16|15.63|15.71|43108812.0|68459.62|15.83
002460.SZ|47.5|51.03|47.31|48.9|157710528.0|780807.5|48.65
002202.SZ|12.32|12.56|12.09|12.25|95553840.0|117523.89|12.28
603659.SH|25.95|28.38|25.94|27.6|126431888.0|345479.28|26.38
605376.SH|48.65|48.78|47.33|47.57|5322340.0|25558.96|48.5
002812.SZ|39.52|41.08|38.73|39.6|69589264.0|275194.97|39.6
002155.SZ|22.5|23.99|22.33|23.23|136556560.0|316335.5|22.08
603179.SH|63.53|73.5|62.32|68.0|59044536.0|398087.41|66.82
002487.SZ|40.99|42.84|40.99|42.11|32770764.0|137170.02|41.72
002046.SZ|33.9|34.58|33.28|33.38|24667838.0|83371.15|34.24
000962.SZ|23.55|24.06|23.17|23.34|27584232.0|64948.83|23.67
002131.SZ|5.41|5.67|5.31|5.42|882100032.0|483762.19|5.43
600737.SH|17.03|17.2|16.46|16.55|45525200.0|76453.66|17.2
601020.SH|26.3|27.33|25.75|25.84|66634328.0|176358.16|25.56
