002475.SZ|51.5|54.94|51.1|53.11|315536224.0|1669244.0|52.01
603986.SH|189.39|200.85|186.8|190.88|59041052.0|1138185.13|186.6
002938.SZ|53.2|57.36|53.0|54.95|46605776.0|256897.2|53.59
601869.SH|99.68|109.65|96.0|109.65|26244954.0|270330.75|99.68
000988.SZ|85.0|91.33|83.33|87.57|118228512.0|1030382.31|85.57
002050.SZ|43.01|46.09|42.73|45.55|486457920.0|2161052.5|41.9
603019.SH|110.88|117.88|107.41|109.92|154347376.0|1739056.5|108.49
001309.SZ|136.0|138.0|126.0|128.19|25657038.0|340031.25|131.49
002436.SZ|22.39|24.22|22.1|23.24|218287552.0|506307.63|22.38
002636.SZ|13.3|13.7|13.05|13.34|32301246.0|43212.59|13.32
002429.SZ|6.67|6.96|6.6|6.68|281734816.0|190609.94|6.48
603308.SH|32.53|33.1|31.3|31.98|28525444.0|92002.88|32.4
002558.SZ|45.29|47.66|44.68|45.58|51204236.0|237007.8|45.38
603920.SH|50.64|51.35|47.0|48.01|75951128.0|374354.19|49.65
003022.SZ|22.15|22.45|21.13|21.66|23173324.0|50753.76|22.19
002472.SZ|48.6|52.67|48.0|50.89|100335200.0|503059.09|48.45
002131.SZ|6.3|6.85|6.25|6.45|1443526912.0|940855.81|6.31
002364.SZ|30.96|31.18|29.25|29.55|66936912.0|200886.52|31.19
000737.SZ|14.52|15.2|14.23|14.45|256289808.0|372940.47|15.25
002130.SZ|27.62|28.27|26.69|27.28|167915904.0|462215.38|28.09
002290.SZ|39.23|40.18|37.81|38.55|10705072.0|41982.26|39.21
000564.SZ|2.96|3.05|2.84|2.89|1493854976.0|438281.16|2.96
002624.SZ|19.29|20.08|18.84|19.14|96056848.0|187066.92|19.28
603950.SH|37.5|38.4|35.71|36.43|12494627.0|46087.74|37.31
002716.SZ|6.29|6.3|6.0|6.05|225199744.0|138657.75|6.47
003021.SZ|149.18|155.53|142.63|146.84|21458272.0|319896.69|149.5
