601138.SH|22.71|23.5|22.56|23.35|231955264.0|534742.25|23.0
600183.SH|29.89|31.32|29.48|30.62|62820784.0|191121.66|29.96
601100.SH|62.48|63.89|61.2|63.42|14657657.0|92060.95|62.19
601689.SH|63.66|68.0|62.8|65.53|42526132.0|278250.06|63.82
600869.SH|4.71|4.82|4.71|4.78|34288100.0|16395.62|4.73
600601.SH|5.35|5.5|5.15|5.32|433541472.0|230263.5|5.46
603308.SH|20.67|22.44|20.49|22.04|41369552.0|89238.25|20.4
001389.SZ|62.87|63.5|60.86|61.52|8250281.0|51046.98|62.9
600186.SH|5.25|5.31|5.13|5.24|151007328.0|78913.94|5.33
002130.SZ|27.65|29.0|27.61|28.37|183137808.0|519074.81|27.72
