600105.SH|7.35|7.44|7.11|7.21|132706360.0|95900.81|7.25
002436.SZ|12.8|12.89|12.53|12.61|74528112.0|94551.24|12.75
603083.SH|42.68|43.6|41.63|41.95|43879720.0|186892.56|41.61
600392.SH|12.18|12.19|11.8|11.88|49674432.0|59230.57|12.07
002378.SZ|7.85|7.88|7.47|7.68|78906304.0|60225.44|7.8
002195.SZ|6.07|6.09|5.8|5.82|396823680.0|233433.94|5.97
002491.SZ|5.13|5.16|5.05|5.06|26603600.0|13563.21|5.11
000062.SZ|29.02|29.11|27.63|27.8|49161224.0|138772.72|28.8
002364.SZ|16.9|17.0|16.28|16.38|63609904.0|105315.11|16.64
600396.SH|3.49|3.75|3.38|3.65|208938320.0|75395.08|3.49
