601100.SH|80.94|83.5|79.1|80.45|22242508.0|183822.44|83.04
600498.SH|28.92|28.92|27.33|27.69|110113096.0|312059.78|28.38
002436.SZ|14.44|14.58|13.6|13.78|189264128.0|267004.16|14.15
002273.SZ|25.29|26.72|25.29|25.46|132995336.0|350678.13|25.1
002414.SZ|8.74|8.98|8.36|8.98|174397024.0|151377.81|8.16
601777.SH|9.06|9.9|9.05|9.68|154317440.0|147000.16|9.05
002126.SZ|32.47|33.04|31.05|32.76|93891224.0|306552.28|30.01
603179.SH|37.93|38.21|36.5|37.06|9260838.0|48985.42|37.96
600246.SH|6.17|6.38|6.07|6.27|84543120.0|52777.2|6.09
002046.SZ|14.89|15.34|14.68|15.09|42469236.0|65690.27|14.98
000547.SZ|7.81|8.13|7.81|8.03|67891744.0|54197.97|7.86
603127.SH|21.47|21.82|20.77|21.06|23182740.0|49688.06|21.27
600316.SH|35.54|37.13|35.54|35.77|23866600.0|86238.12|35.9
