002353.SZ|44.9|46.25|44.62|45.96|8353709.0|38912.28|45.08
002466.SZ|43.05|43.99|43.01|43.77|53797608.0|234784.08|43.03
002837.SZ|44.5|49.14|43.93|48.96|109104320.0|677225.5|44.66
002460.SZ|37.6|38.78|37.56|38.61|37866104.0|145994.41|37.77
000066.SZ|18.11|18.35|17.65|17.8|410182912.0|734259.94|18.13
600143.SH|15.4|16.92|15.38|16.66|334856224.0|559074.56|15.58
000962.SZ|19.58|19.99|19.36|19.9|44070284.0|87791.16|19.68
002364.SZ|18.67|20.54|18.67|20.54|59286536.0|117667.73|18.66
000877.SZ|5.59|5.69|5.58|5.63|49827808.0|28116.97|5.62
600126.SH|9.37|9.5|9.36|9.4|182981712.0|172527.88|9.44
603337.SH|51.6|56.88|50.79|56.54|7584619.0|42091.78|51.67
