603256.SH|9.2|9.78|9.08|9.45|24541764.0|23131.03|9.2
600105.SH|6.21|6.39|6.21|6.28|79489328.0|49992.55|6.22
000617.SZ|7.03|7.13|6.98|7.08|140367744.0|99195.98|7.08
002648.SZ|18.3|18.39|17.81|17.99|83984296.0|151047.72|18.41
605358.SH|23.48|24.75|23.25|24.07|15042018.0|36379.66|23.97
002155.SZ|22.66|22.77|22.26|22.35|29799060.0|66827.77|22.49
002821.SZ|76.33|83.49|76.32|81.9|10289810.0|83638.4|77.33
002261.SZ|31.4|32.63|31.09|31.98|220216288.0|701763.0|31.4
002131.SZ|3.48|3.77|3.42|3.77|546323200.0|200452.11|3.43
600562.SH|20.63|20.95|20.45|20.6|5018330.0|10355.47|20.71
603067.SH|22.7|23.01|21.95|22.4|18538624.0|41398.38|23.02
002085.SZ|16.45|16.69|16.21|16.45|57491972.0|94807.48|16.33
601069.SH|16.8|16.94|16.28|16.38|24742300.0|40697.38|16.78
003021.SZ|122.11|127.39|120.01|125.0|9154845.0|113859.23|123.54
