603993.SH|16.1|16.17|15.56|15.7|243426368.0|385494.56|16.31
600111.SH|53.37|54.88|52.9|53.15|164274992.0|880476.38|54.5
002460.SZ|65.01|67.07|63.8|64.96|82726920.0|539496.38|66.18
600010.SH|2.72|2.82|2.68|2.73|1807763456.0|497066.28|2.77
601168.SH|23.0|23.32|22.71|22.87|40428016.0|92990.76|23.2
000960.SZ|23.49|24.28|22.92|23.01|53216864.0|125500.05|23.55
000831.SZ|58.01|59.34|56.51|57.13|66347276.0|382501.0|59.45
601126.SH|26.66|27.37|25.38|27.37|110434200.0|294035.5|24.88
601618.SH|3.9|3.92|3.79|3.82|183791184.0|70591.39|3.94
600667.SH|8.25|8.58|8.2|8.37|124545856.0|104422.03|8.27
002407.SZ|20.66|21.8|20.3|20.44|122228736.0|256555.91|20.58
600206.SH|23.0|23.42|22.63|22.78|46902432.0|107535.08|23.34
000962.SZ|27.15|28.8|26.9|27.77|25356188.0|70927.83|27.14
603061.SH|132.18|146.44|132.18|139.5|3763191.0|53362.75|133.95
002430.SZ|26.77|26.84|25.45|25.66|18439744.0|47996.92|26.75
600801.SH|21.1|21.13|20.45|20.52|23869738.0|49460.42|21.28
600536.SH|52.98|53.0|51.55|51.9|49448024.0|257361.25|53.94
601069.SH|32.93|33.58|31.81|32.09|40678600.0|133146.3|34.21
