600150.SH|38.14|39.63|37.94|38.63|153024800.0|599833.06|38.24
603256.SH|25.08|25.93|24.58|24.62|37935900.0|95184.69|25.82
002484.SZ|25.74|26.44|25.29|26.4|49627728.0|129563.99|25.62
000630.SZ|3.89|3.98|3.85|3.93|393954912.0|158169.73|3.92
600879.SH|11.19|11.58|11.1|11.3|197304752.0|223688.55|11.22
000811.SZ|12.41|13.5|12.24|13.24|79002376.0|103404.69|12.54
603179.SH|33.36|33.77|32.22|32.84|12590929.0|58112.38|33.64
000032.SZ|24.48|24.78|23.78|24.16|37154344.0|90023.44|24.75
603667.SH|39.04|39.35|38.08|38.28|24767366.0|96029.57|39.04
601606.SH|50.0|55.17|50.0|51.88|140191136.0|738038.88|51.68
