600183.SH|27.98|29.37|27.29|29.0|73823280.0|222970.67|27.48
603986.SH|128.91|138.21|127.51|135.12|40713332.0|552748.13|131.01
601100.SH|64.32|64.44|61.44|61.97|16282936.0|103787.63|63.44
600869.SH|4.87|4.92|4.7|4.78|45396600.0|21778.17|4.9
600601.SH|5.53|6.16|5.43|5.93|622394432.0|367749.25|5.63
600580.SH|16.61|17.28|16.22|16.59|151122160.0|307670.69|16.95
603629.SH|15.45|15.66|15.07|15.2|15603368.0|34237.09|15.72
002335.SZ|21.3|22.32|21.14|21.88|39105200.0|126533.61|21.3
600186.SH|5.12|5.34|5.08|5.16|173290272.0|90013.01|5.12
002130.SZ|28.01|29.5|27.66|28.1|224842976.0|647441.88|28.1
