600183.SH|72.44|73.4|70.59|70.76|39213060.0|280771.56|73.2
603256.SH|37.2|38.89|36.6|37.91|22280300.0|84498.27|38.02
600362.SH|46.85|51.3|46.42|50.25|93050840.0|459182.91|48.99
601888.SH|91.38|91.38|88.88|90.21|46653236.0|419405.72|91.48
601231.SH|29.12|31.84|29.05|31.01|66902160.0|205118.34|29.32
002837.SZ|109.36|117.3|107.55|113.2|65481064.0|744868.13|109.32
002851.SZ|87.19|90.41|87.19|89.26|18057630.0|161175.19|88.13
002202.SZ|22.01|22.78|19.54|20.2|682739392.0|1444103.13|21.66
600879.SH|18.86|20.86|18.69|19.38|673707840.0|1327121.63|19.28
002429.SZ|7.71|7.78|7.57|7.61|88463480.0|67659.47|7.73
605358.SH|35.6|36.18|34.89|34.98|24718984.0|87227.38|35.54
002414.SZ|14.8|15.04|14.59|14.77|73967736.0|109683.37|14.81
000559.SZ|13.88|15.69|13.8|15.69|234679024.0|344630.69|14.26
601212.SH|5.62|6.11|5.62|5.95|391325856.0|229525.61|6.24
002407.SZ|32.75|34.97|32.37|34.19|161589984.0|543796.5|33.97
600330.SH|12.91|13.0|12.58|12.77|164995344.0|210442.64|13.17
603618.SH|8.24|8.33|8.14|8.2|20814636.0|17113.26|8.32
600515.SH|5.3|5.38|5.15|5.15|272776544.0|141813.47|5.39
605090.SH|44.3|45.28|42.4|42.62|53641776.0|234582.73|45.94
601118.SH|6.09|6.23|5.91|5.92|92883816.0|55888.05|6.11
002756.SZ|52.63|54.79|51.7|54.27|16842194.0|89863.95|53.05
600550.SH|10.8|11.05|10.7|10.85|88690984.0|96497.02|10.99
003021.SZ|120.01|128.96|119.3|128.91|14999752.0|186282.3|121.88
