002080.SZ|34.26|34.55|32.46|32.7|47873920.0|159280.59|34.16
601888.SH|87.6|90.2|86.61|87.8|55250736.0|485430.44|88.28
603260.SH|58.99|62.18|57.91|61.19|35020600.0|211156.48|59.61
002812.SZ|59.93|63.56|58.16|61.87|76626800.0|468443.44|60.9
000688.SZ|26.0|27.74|25.94|27.74|46073856.0|126513.26|25.22
002407.SZ|38.38|41.99|37.2|40.65|234430144.0|917070.0|38.29
600711.SH|12.26|13.15|12.26|12.91|278876448.0|356415.38|12.48
003022.SZ|22.09|22.7|21.8|22.25|40592980.0|90427.15|21.66
603663.SH|37.02|37.19|35.46|35.78|20588456.0|73919.84|36.3
600246.SH|12.31|12.68|12.24|12.42|91080736.0|113266.41|12.39
600871.SH|2.58|2.63|2.55|2.58|258430416.0|66942.85|2.59
000830.SZ|16.22|16.73|15.95|16.14|54041876.0|87853.31|16.31
002497.SZ|23.46|24.98|23.46|24.98|100962632.0|246468.94|22.71
600516.SH|6.35|6.46|6.25|6.38|124531488.0|78853.75|6.43
603881.SH|32.71|36.0|32.3|35.09|86990112.0|301404.22|33.26
