600105.SH|7.06|7.58|7.06|7.29|250183696.0|185506.03|7.14
002436.SZ|12.9|12.95|12.7|12.85|80622184.0|103822.19|13.0
600392.SH|11.32|11.66|11.19|11.65|84665952.0|100777.33|11.38
600578.SH|3.86|4.04|3.85|4.0|132147512.0|56275.74|3.87
603629.SH|17.18|17.64|17.11|17.43|15806040.0|39256.93|17.29
002195.SZ|5.92|6.0|5.81|5.84|583642176.0|343182.34|5.89
002491.SZ|5.03|5.16|4.98|5.14|69500408.0|35500.95|5.15
002261.SZ|33.7|34.49|33.5|33.68|145991680.0|495169.38|34.1
000062.SZ|27.83|27.9|27.08|27.22|67396712.0|187600.67|28.22
002131.SZ|3.82|4.08|3.79|3.88|775955072.0|310887.56|3.87
002364.SZ|15.47|15.65|15.27|15.57|35221600.0|55337.39|15.46
