601888.SH|64.0|66.14|62.56|65.65|54163108.0|358463.31|63.93
000617.SZ|6.77|6.94|6.61|6.83|260915872.0|181243.3|6.8
002049.SZ|68.57|69.28|67.49|68.57|20587288.0|141813.34|68.87
600895.SH|24.73|24.95|24.5|24.72|18504814.0|46330.83|24.73
002487.SZ|25.77|25.83|25.1|25.45|19290400.0|49493.79|25.92
603061.SH|56.29|57.83|55.89|56.7|1097900.0|9102.06|56.94
000519.SZ|17.03|17.17|16.48|16.66|31430974.0|52744.07|16.96
600515.SH|3.66|3.67|3.57|3.64|69175952.0|25109.71|3.65
600186.SH|6.71|6.74|6.46|6.56|140468880.0|92530.93|6.75
000582.SZ|9.16|9.96|8.98|9.25|188046336.0|181277.78|9.51
600536.SH|47.7|48.3|46.66|47.01|29089928.0|138283.83|47.7
601069.SH|18.19|18.73|17.63|18.5|56474384.0|103654.02|17.59
601606.SH|12.14|12.28|11.84|11.99|12153800.0|14641.3|12.15
000564.SZ|2.89|2.93|2.8|2.83|334552416.0|95481.77|2.89
600685.SH|23.84|24.15|23.32|23.7|13508479.0|32440.4|23.7
