002281.SZ|54.61|54.92|51.0|51.59|40868984.0|214365.23|54.61
002080.SZ|14.78|15.36|14.68|14.81|37622152.0|56683.95|14.81
600050.SH|6.33|6.39|6.17|6.22|574542720.0|361399.72|6.25
601995.SH|35.01|35.63|34.45|34.57|40347200.0|140777.88|35.27
002837.SZ|44.55|45.45|43.0|43.52|26545820.0|116359.05|45.12
000938.SZ|29.79|29.9|28.5|29.2|98094224.0|286338.53|29.56
603296.SH|87.5|87.54|82.31|83.63|19257420.0|161913.27|88.26
003022.SZ|15.75|16.08|15.41|15.5|18224428.0|28792.02|15.61
603663.SH|29.6|30.73|27.13|27.5|67824480.0|200663.59|27.94
600246.SH|7.05|7.25|6.44|6.44|129672416.0|88095.77|7.16
002046.SZ|15.85|16.19|15.4|15.57|30729212.0|48299.04|15.81
000981.SZ|2.24|2.33|2.17|2.24|534682720.0|120527.52|2.22
002518.SZ|26.2|26.8|25.71|25.98|17843380.0|46838.36|26.34
000887.SZ|21.2|21.48|20.41|20.56|106893360.0|223496.98|20.68
603115.SH|14.38|14.64|14.32|14.64|5469879.0|7913.79|14.43
002653.SZ|33.36|34.7|32.81|33.48|5679443.0|19232.55|33.31
002498.SZ|3.43|3.48|3.4|3.44|33089030.0|11411.7|3.42
002152.SZ|14.28|14.5|13.91|14.1|95796080.0|136095.53|14.26
000158.SZ|24.91|25.83|24.15|25.11|135079760.0|337639.06|25.19
603638.SH|19.98|20.25|19.5|19.6|9082673.0|17991.11|20.0
003021.SZ|140.0|141.22|132.92|134.45|14121404.0|191969.45|141.3
002402.SZ|21.58|21.74|20.35|20.56|110373112.0|230448.36|21.61
