603986.SH|169.0|171.07|153.98|153.98|45498052.0|728423.38|171.09
002384.SZ|64.16|66.15|58.18|58.18|80415136.0|486943.34|64.64
603256.SH|36.9|37.77|34.14|34.92|23013032.0|82244.78|36.92
000988.SZ|72.98|73.4|64.8|64.8|110211136.0|742756.38|72.0
600673.SH|26.8|27.0|23.52|23.52|98861872.0|241807.84|26.13
601689.SH|64.9|65.72|60.5|61.78|74397248.0|465573.16|65.0
002156.SZ|34.65|34.88|31.82|31.82|205140416.0|673095.81|35.36
601958.SH|16.25|16.45|15.22|15.45|76503200.0|120614.14|16.25
002436.SZ|19.31|19.46|17.83|18.2|154758928.0|285579.72|19.09
002636.SZ|12.36|12.76|11.82|12.07|26540072.0|32703.69|12.4
600601.SH|9.38|9.66|8.58|8.76|529844928.0|486282.03|9.12
002155.SZ|22.1|22.2|20.44|20.75|95322472.0|201678.19|22.09
600711.SH|8.92|9.14|8.34|8.55|203426912.0|177368.17|8.99
600259.SH|64.66|65.47|60.2|61.51|21304508.0|133976.55|65.16
603179.SH|56.0|59.2|53.5|58.98|36828360.0|208360.36|56.0
603290.SH|104.65|106.69|98.02|100.41|10959305.0|112719.14|105.0
002131.SZ|5.75|5.76|5.31|5.31|1142784896.0|618943.44|5.9
600737.SH|18.01|18.3|16.44|16.75|86166272.0|149054.2|17.68
601717.SH|21.6|21.6|20.58|20.87|47714564.0|99874.85|21.54
002423.SZ|13.23|13.31|12.83|13.03|61561976.0|80871.06|13.25
601020.SH|27.39|27.75|24.65|24.65|79690784.0|204665.42|27.39
