002080.SZ|33.0|34.74|33.0|33.26|55758316.0|188049.31|31.91
601360.SH|13.63|13.68|13.0|13.01|283314400.0|376362.28|13.63
002812.SZ|62.05|66.36|61.55|61.89|70324592.0|449348.41|61.85
603929.SH|56.13|56.8|53.53|54.09|5027300.0|27384.11|56.15
000688.SZ|27.96|31.04|27.48|29.65|61062928.0|182328.67|28.24
002738.SZ|70.5|75.0|69.87|71.22|43872604.0|319190.34|69.87
002407.SZ|37.64|38.7|34.22|34.22|223040160.0|811784.63|38.02
600711.SH|12.4|12.8|12.32|12.36|160708736.0|201737.41|12.45
003022.SZ|21.21|21.55|20.53|20.57|18158214.0|38078.89|21.24
600246.SH|11.85|12.07|11.52|11.6|49421852.0|58020.19|11.81
000958.SZ|6.86|6.89|6.76|6.78|44058868.0|30024.86|6.82
600871.SH|2.5|2.51|2.43|2.45|167841296.0|41455.09|2.5
600577.SH|11.13|11.15|10.5|10.54|106509120.0|114129.0|11.04
002497.SZ|25.38|26.79|25.06|25.23|114729344.0|295661.5|24.83
603881.SH|34.23|35.58|33.5|34.73|55144140.0|189970.52|34.45
000039.SZ|8.69|8.73|8.46|8.5|65985772.0|56591.55|8.74
