002384.SZ|66.8|72.22|65.38|72.22|82775320.0|568141.0|65.65
002050.SZ|33.56|34.58|32.82|33.5|222098624.0|748264.38|34.04
605117.SH|71.16|71.88|69.0|70.15|35143024.0|246038.22|72.88
601689.SH|70.0|73.37|68.77|69.14|99252744.0|703999.0|69.65
600118.SH|35.89|38.01|35.31|37.41|96530712.0|358726.06|36.24
002460.SZ|46.45|48.48|46.45|47.05|118204632.0|560442.13|48.9
002202.SZ|12.25|12.38|12.04|12.16|71459304.0|86948.52|12.25
603659.SH|26.35|27.27|26.12|26.34|99064216.0|263477.88|27.6
605376.SH|47.03|48.64|47.03|47.3|4067835.0|19453.5|47.57
002812.SZ|38.8|43.56|38.78|43.56|64269280.0|264380.78|39.6
603179.SH|64.5|67.4|62.02|63.65|45181656.0|291270.38|68.0
002487.SZ|41.48|41.9|39.81|40.59|31993546.0|130033.32|42.11
002046.SZ|33.38|34.66|33.14|33.37|25587702.0|86203.41|33.38
000962.SZ|23.01|23.59|22.39|22.8|21250164.0|48620.04|23.34
603728.SH|67.05|70.5|67.0|68.89|21945192.0|150110.02|68.33
600516.SH|5.4|5.45|5.28|5.34|109460768.0|58474.39|5.44
601975.SH|3.28|3.38|3.25|3.36|342942496.0|113747.24|3.29
