001309.SZ|64.39|65.31|62.09|62.1|4903116.0|44147.71|64.57
600673.SH|12.44|12.84|11.84|12.44|99774784.0|123839.88|12.65
600105.SH|4.8|4.87|4.59|4.59|53329940.0|25820.72|4.85
002484.SZ|20.06|21.97|19.64|21.4|114545024.0|250893.95|21.7
002851.SZ|70.54|71.03|67.34|67.34|41007184.0|282176.53|70.36
603308.SH|16.04|16.4|15.73|15.75|21545260.0|35097.08|16.12
603699.SH|21.68|21.8|20.67|21.18|7244817.0|17292.92|21.53
600259.SH|29.45|29.97|28.8|29.69|12431257.0|36873.54|29.4
000962.SZ|14.35|14.55|13.84|13.85|27287368.0|39278.18|14.46
000981.SZ|2.37|2.38|2.2|2.2|711449472.0|162592.17|2.43
603516.SH|53.95|55.2|52.92|53.01|11019102.0|59645.24|54.17
000737.SZ|8.3|8.66|8.29|8.38|64846904.0|56568.08|8.35
000951.SZ|17.83|17.88|17.22|17.5|39903504.0|74643.02|18.27
