601869.SH|93.0|98.23|93.0|98.23|23778984.0|230045.7|89.3
600673.SH|21.7|22.22|21.47|22.01|38073408.0|83474.81|21.53
601179.SH|9.18|9.74|9.18|9.51|311961312.0|296312.63|9.24
603516.SH|192.99|213.99|192.66|209.3|9340273.0|190387.16|196.48
600737.SH|17.23|17.78|17.0|17.11|50338728.0|86687.34|17.04
000969.SZ|19.44|20.05|18.98|19.74|91006056.0|177725.08|19.36
600186.SH|5.85|6.29|5.75|5.98|179149648.0|108063.28|5.83
605090.SH|36.8|37.28|35.28|35.95|22140022.0|79742.96|36.99
600550.SH|10.0|10.28|9.83|10.11|100862848.0|101252.95|10.06
002157.SZ|3.71|3.75|3.48|3.59|427548992.0|152742.86|3.67
603127.SH|34.44|36.86|34.33|36.85|41485912.0|149427.86|34.38
000825.SZ|4.9|4.98|4.72|4.8|200768624.0|96647.87|4.92
