601872.SH|8.34|8.58|8.33|8.51|61318096.0|52063.13|8.39
600089.SH|25.68|26.52|24.86|25.44|839951744.0|2148758.0|24.11
601012.SH|21.85|22.16|21.42|21.77|221645808.0|481858.09|21.85
601179.SH|8.96|9.78|8.7|9.78|694489536.0|661330.56|8.89
601360.SH|12.72|13.09|12.39|12.92|439834272.0|560658.56|12.72
600219.SH|4.62|5.08|4.62|5.08|522163648.0|260325.25|4.62
000981.SZ|3.87|3.9|3.7|3.77|780393728.0|293729.91|3.88
600517.SH|6.72|7.18|6.72|7.04|147314128.0|103772.48|6.79
600637.SH|10.42|10.56|10.17|10.19|151998320.0|156092.78|10.6
002459.SZ|14.48|14.8|14.27|14.39|76485408.0|110242.67|14.49
600595.SH|6.92|7.69|6.86|7.48|170945744.0|125545.48|6.99
600100.SH|8.81|8.91|8.77|8.84|94322552.0|83385.1|8.83
000155.SZ|12.12|12.58|12.12|12.33|66701100.0|82555.51|12.12
002756.SZ|46.85|48.04|45.89|47.4|21458040.0|101271.55|46.6
002266.SZ|4.66|4.86|4.65|4.7|341480000.0|161671.69|4.64
603876.SH|13.9|14.24|13.7|13.78|68054320.0|94815.48|13.94
603444.SH|465.21|471.43|458.88|461.69|1674397.0|77392.04|465.2
603026.SH|63.01|68.59|62.85|65.8|16643311.0|109022.28|63.25
