600183.SH|46.8|48.82|46.17|48.67|54376712.0|265040.63|46.41
600111.SH|48.87|52.62|48.62|52.56|442979040.0|2277838.5|47.82
600673.SH|19.29|20.65|18.58|20.23|105280320.0|204344.81|18.98
600660.SH|61.25|61.39|59.93|60.73|28170380.0|175990.41|61.07
000977.SZ|69.68|71.46|67.9|69.11|177912320.0|1237924.25|68.16
000617.SZ|12.05|12.79|11.66|12.65|630349376.0|781639.81|11.86
600703.SH|14.9|15.18|14.58|14.76|207919104.0|307583.66|14.69
002636.SZ|13.48|13.74|13.23|13.74|66169144.0|90000.52|13.28
605376.SH|49.9|52.0|48.79|49.59|13216388.0|66482.49|50.45
002203.SZ|12.43|12.56|12.15|12.23|50268016.0|63087.44|12.26
002429.SZ|5.51|5.61|5.31|5.35|234102368.0|128188.45|5.43
603688.SH|42.7|43.5|41.62|42.14|30846052.0|131203.42|42.73
002126.SZ|37.59|39.62|37.06|39.44|42380092.0|162754.67|37.32
003022.SZ|20.48|20.77|19.79|20.1|34310660.0|69525.2|20.42
000062.SZ|31.4|34.07|30.86|32.54|93683440.0|306367.34|31.75
600839.SH|12.1|12.47|11.89|12.0|547835584.0|664334.25|11.93
002518.SZ|37.55|37.55|34.35|35.15|46053244.0|165741.5|35.04
000887.SZ|22.22|22.78|22.02|22.26|85327344.0|192653.59|21.95
603115.SH|17.26|18.05|16.96|17.7|10529100.0|19144.4|17.07
601162.SH|5.77|5.88|5.71|5.81|1015196224.0|586593.81|5.71
603444.SH|424.6|445.38|410.9|441.71|2728228.0|122925.05|420.64
600329.SH|41.69|41.7|40.17|40.98|15286145.0|69809.76|41.75
603950.SH|28.39|29.16|27.88|28.48|10883950.0|31094.72|28.01
