600111.SH|52.0|52.0|48.7|49.11|407281376.0|2030173.38|52.69
002080.SZ|38.13|38.68|36.82|36.97|41150748.0|154345.45|38.15
600660.SH|62.64|64.3|62.33|63.55|26849848.0|170738.8|62.83
000977.SZ|68.55|71.38|68.29|68.52|129069520.0|898879.06|69.15
000617.SZ|12.38|12.65|11.78|11.85|542651840.0|658814.25|12.75
600703.SH|14.69|16.14|14.59|15.7|331928256.0|516698.0|14.76
605376.SH|49.75|50.9|48.16|48.21|10993788.0|54331.35|49.69
601788.SH|20.61|20.83|20.25|20.29|84269040.0|172458.13|20.63
002429.SZ|5.41|5.64|5.34|5.58|173837040.0|95060.73|5.44
601059.SH|19.7|19.96|19.39|19.47|97608160.0|191540.94|19.99
002126.SZ|38.77|39.0|37.69|37.8|38091356.0|145401.92|39.56
003022.SZ|19.85|20.03|19.65|19.86|20262678.0|40250.21|20.17
000062.SZ|32.2|33.33|31.77|32.07|63462032.0|205259.39|33.04
600839.SH|11.9|12.6|11.78|12.23|531820864.0|653513.38|12.0
000887.SZ|22.47|22.89|22.33|22.64|64419744.0|145663.81|22.46
603115.SH|18.29|18.57|18.06|18.25|6607996.0|12117.95|18.3
603444.SH|456.0|479.99|455.05|458.5|2234588.0|103848.36|461.31
002290.SZ|34.02|36.0|33.83|35.55|16499990.0|57816.43|35.33
600329.SH|45.7|45.99|44.6|44.67|12410316.0|56002.64|45.77
603950.SH|28.61|31.47|28.61|31.47|20517974.0|63514.18|28.61
