001309.SZ|288.6|305.6|286.37|291.63|17804074.0|526008.5|290.67
601888.SH|87.57|90.74|86.81|89.82|85396176.0|762373.25|88.51
002851.SZ|79.66|80.23|78.02|78.36|23148244.0|182380.84|80.01
002636.SZ|17.47|17.53|16.88|17.04|63213700.0|109224.13|17.6
603260.SH|57.3|62.37|57.3|61.18|45735872.0|274853.69|56.7
600885.SH|31.91|32.78|31.49|32.46|23444136.0|76365.24|31.98
600096.SH|33.41|35.16|33.41|34.67|101498448.0|362193.19|33.41
600219.SH|4.97|5.06|4.87|4.96|545116480.0|292251.19|4.94
002407.SZ|33.31|37.5|33.31|37.5|258239696.0|941363.38|34.07
603663.SH|27.28|28.18|26.36|27.64|38894748.0|149606.41|27.84
001267.SZ|19.19|19.37|18.55|19.01|46060800.0|88130.36|19.54
603225.SH|17.79|18.35|17.3|18.01|23383594.0|42396.13|17.83
603061.SH|88.72|91.6|87.93|88.01|1389900.0|18000.6|89.39
000629.SZ|3.24|3.38|3.23|3.33|280626656.0|93023.41|3.24
600977.SH|17.18|18.22|17.11|18.01|94285352.0|168302.14|17.63
000830.SZ|15.39|16.46|15.39|16.22|76900464.0|124980.31|15.4
600516.SH|6.34|6.78|6.25|6.63|302958592.0|199815.55|6.37
