600276.SH|62.11|62.46|61.56|62.3|54144320.0|335691.13|62.0
002938.SZ|50.2|50.89|48.15|48.7|31969088.0|156819.13|49.61
601869.SH|53.3|57.0|51.18|57.0|25951828.0|140352.13|51.82
002436.SZ|17.83|17.97|16.92|16.99|141554640.0|244534.91|17.7
002428.SZ|21.79|22.0|21.59|21.65|37458740.0|81419.84|21.65
600570.SH|34.85|35.53|34.44|35.03|66989344.0|233759.41|34.85
000811.SZ|12.39|12.48|12.28|12.43|35084412.0|43424.01|12.34
600500.SH|4.01|4.03|3.99|4.02|24519742.0|9828.48|4.0
000032.SZ|25.6|26.0|24.68|25.42|59023536.0|149183.45|26.0
002653.SZ|54.0|54.5|52.51|53.05|3866500.0|20653.51|54.29
603063.SH|39.2|40.5|38.71|39.31|46638192.0|184157.56|37.99
603530.SH|28.72|29.55|28.72|29.25|6249585.0|18259.51|28.94
601606.SH|42.0|42.71|40.8|42.71|89330864.0|378357.19|38.83
