600150.SH|37.88|39.23|37.2|38.5|158392800.0|606367.19|38.5
603256.SH|29.37|29.87|28.8|29.87|23439890.0|69669.43|27.15
002353.SZ|46.4|46.9|45.9|45.93|8923934.0|41312.89|46.67
002466.SZ|44.76|45.2|42.96|43.03|78752832.0|344954.88|44.74
000630.SZ|4.21|4.31|4.18|4.19|457198784.0|193686.47|4.26
002837.SZ|56.89|61.3|55.67|58.23|104024168.0|601624.75|57.0
002460.SZ|38.88|39.15|37.77|37.92|43564556.0|167217.97|38.93
600143.SH|15.21|16.56|14.9|15.78|371671552.0|578663.38|15.22
002364.SZ|19.12|19.4|18.75|18.76|65289696.0|123965.71|19.24
000877.SZ|5.74|5.74|5.59|5.62|63164960.0|35807.48|5.74
