600183.SH|43.74|44.0|42.13|43.25|37492048.0|166338.09|43.22
600111.SH|44.82|47.29|44.2|44.47|321037792.0|1462462.88|45.3
600673.SH|18.95|19.41|18.23|18.36|77113448.0|143989.13|18.86
000617.SZ|10.74|10.77|10.6|10.77|292685920.0|317864.22|9.78
002636.SZ|13.16|13.37|12.93|13.04|33647920.0|44372.17|13.38
605376.SH|45.91|50.6|45.41|47.95|16982384.0|80674.19|46.42
000066.SZ|17.37|17.8|17.17|17.28|185604736.0|324442.25|17.48
002203.SZ|12.87|12.92|12.33|12.39|42808928.0|54752.04|12.89
603688.SH|39.91|43.82|39.62|42.46|57611156.0|244846.67|39.83
002126.SZ|37.64|38.21|36.42|37.06|41406896.0|154790.66|37.63
003022.SZ|21.44|21.78|20.23|20.4|49921720.0|104192.19|21.15
002491.SZ|5.61|5.69|5.47|5.51|45864804.0|25402.28|5.62
000062.SZ|28.67|31.96|28.67|30.65|114164664.0|356976.69|29.01
000962.SZ|21.02|21.91|20.66|20.82|28085994.0|59526.45|21.32
600839.SH|11.9|12.09|11.51|11.58|582782784.0|683275.63|12.19
002518.SZ|32.25|35.08|31.55|34.55|72318448.0|246243.09|31.85
000887.SZ|22.8|22.8|21.41|21.56|107644696.0|238707.5|22.86
603115.SH|17.87|18.04|16.98|17.27|14619700.0|26168.86|18.1
601162.SH|5.75|5.79|5.55|5.61|745277056.0|421994.81|5.63
600126.SH|9.46|9.8|9.38|9.8|217177424.0|208219.72|9.47
600329.SH|43.21|43.47|41.2|41.43|13940665.0|65460.13|43.36
603950.SH|28.15|28.37|27.32|27.82|9015160.0|25238.32|28.44
603337.SH|49.63|51.52|49.18|50.31|5992640.0|30632.32|50.17
