002484.SZ|24.4|24.83|23.61|24.24|55455428.0|133912.16|24.0
002436.SZ|13.85|15.02|13.56|14.08|198998528.0|282142.78|13.96
603688.SH|28.38|30.48|28.27|29.8|24367148.0|72153.13|28.52
002195.SZ|6.72|6.77|6.21|6.31|1195322752.0|765225.81|6.77
002236.SZ|19.2|20.5|19.19|19.22|274841440.0|540604.94|18.81
002261.SZ|34.66|35.9|33.8|34.74|203972544.0|708317.81|35.17
603268.SH|39.95|40.5|38.09|38.88|3218160.0|12571.29|40.79
600641.SH|15.66|15.76|14.9|15.16|25477670.0|38712.01|15.67
002335.SZ|56.89|58.98|55.98|58.72|74135136.0|426344.66|57.92
603881.SH|39.1|43.44|37.9|41.73|113740944.0|457500.56|39.75
600961.SH|9.91|10.03|9.53|9.74|63620572.0|61753.59|9.86
003021.SZ|154.31|155.15|142.88|144.63|12380331.0|181269.88|156.16
