600105.SH|7.28|7.44|7.18|7.3|160251856.0|117490.18|7.21
603083.SH|41.11|42.49|39.52|39.92|56271612.0|229338.52|41.95
600392.SH|11.9|12.58|11.87|12.3|102846152.0|126451.77|11.88
002378.SZ|7.75|7.99|7.67|7.77|85799544.0|67103.02|7.68
002195.SZ|5.8|5.92|5.77|5.86|289360608.0|169366.44|5.82
000062.SZ|27.67|28.35|27.6|27.95|36010264.0|100404.29|27.8
002364.SZ|16.48|16.52|16.01|16.1|40489200.0|65274.96|16.38
600396.SH|3.55|3.75|3.48|3.57|181271760.0|65583.88|3.65
603338.SH|49.52|49.6|48.01|48.29|11764765.0|57010.64|49.78
002290.SZ|33.09|33.2|31.78|32.56|10162100.0|32973.21|33.04
