002384.SZ|53.9|53.93|52.39|53.03|44100856.0|233685.3|53.5
601869.SH|39.94|40.71|39.74|40.04|8118000.0|32843.71|40.33
000657.SZ|17.9|19.35|17.77|18.85|253734432.0|482838.38|17.57
002080.SZ|27.54|28.0|27.14|27.41|31677144.0|88127.63|27.83
600089.SH|13.91|14.26|13.6|13.67|172935920.0|245153.25|14.03
601991.SH|3.5|3.5|3.34|3.35|391920992.0|137601.17|3.52
002851.SZ|54.61|54.78|53.37|53.76|15295462.0|82419.59|54.6
601179.SH|6.8|6.82|6.66|6.67|121894424.0|82976.98|6.86
601800.SH|9.5|9.55|9.27|9.27|109653560.0|104788.77|9.55
600580.SH|23.8|24.16|23.42|23.49|114708112.0|273830.06|23.79
601699.SH|14.0|14.97|13.89|14.1|152404432.0|220914.17|13.99
603308.SH|27.11|27.39|26.66|27.17|9898195.0|26901.06|27.0
600143.SH|12.45|12.89|12.36|12.51|156269184.0|199563.78|12.3
002240.SZ|16.06|17.37|15.97|16.55|109822088.0|181668.86|15.9
000983.SZ|7.76|8.03|7.53|7.64|199727168.0|157081.48|7.74
601001.SH|13.93|14.48|13.64|13.78|48168216.0|73543.8|14.11
001389.SZ|64.25|64.74|63.36|63.58|7793571.0|50304.66|64.33
603516.SH|50.05|50.92|49.72|50.24|9423574.0|47503.34|49.65
600546.SH|10.03|10.44|9.86|9.92|78940544.0|82460.13|10.01
601608.SH|4.84|4.85|4.72|4.73|116465160.0|56100.5|4.87
000400.SZ|23.06|23.06|22.62|22.66|32874432.0|76354.7|23.1
000158.SZ|23.36|23.94|23.04|23.79|141647744.0|334175.28|23.21
