002080.SZ|31.85|32.52|30.58|30.62|35692496.0|112748.71|32.83
601360.SH|12.85|13.11|12.4|12.51|307723136.0|393051.31|12.91
002812.SZ|58.8|59.0|55.7|55.7|54848704.0|310774.28|61.89
603929.SH|51.88|54.1|50.35|50.85|4857800.0|26278.8|52.44
000688.SZ|26.56|26.56|26.56|26.56|3781600.0|10093.09|29.52
002738.SZ|66.28|66.94|63.6|63.6|25972860.0|167892.77|70.72
002407.SZ|32.13|34.7|31.8|31.9|218566112.0|721757.44|34.02
600711.SH|11.84|11.89|11.11|11.13|223777664.0|257839.25|12.26
003022.SZ|19.99|20.19|18.93|18.94|23212566.0|45080.39|20.5
600246.SH|11.35|11.35|10.8|10.83|72939216.0|80363.73|11.6
000958.SZ|6.72|6.9|6.68|6.72|61955476.0|41925.36|6.78
600577.SH|10.1|10.24|9.78|9.78|131895192.0|132098.81|10.48
002497.SZ|22.65|22.94|22.65|22.65|28322188.0|64461.61|25.17
603881.SH|28.14|28.66|26.64|26.65|46892544.0|154526.44|28.91
002192.SZ|58.74|60.27|58.74|58.74|8294100.0|48965.81|65.29
000039.SZ|8.44|8.63|8.2|8.23|73446624.0|61350.07|8.5
