601869.SH|54.49|56.33|52.82|53.08|21818588.0|118021.38|57.0
002484.SZ|26.39|27.75|26.01|27.03|66087020.0|178367.31|26.39
600879.SH|10.98|11.25|10.98|11.07|218788128.0|243059.81|11.06
002428.SZ|21.7|21.89|21.54|21.74|34584912.0|75075.2|21.65
600570.SH|34.96|35.0|34.54|34.88|52411480.0|182422.56|35.03
000811.SZ|12.42|12.77|12.35|12.56|59822340.0|74880.52|12.43
600500.SH|4.02|4.06|3.99|4.04|31501000.0|12668.95|4.02
000032.SZ|25.31|26.88|25.0|25.86|62750368.0|162450.2|25.42
603667.SH|37.87|41.0|37.5|40.22|58370288.0|229946.59|38.07
603063.SH|39.4|40.99|38.81|39.21|32797628.0|129261.01|39.31
603530.SH|29.25|30.2|29.25|29.85|6258532.0|18566.73|29.25
601606.SH|43.13|46.98|43.11|46.98|42600960.0|194691.66|42.71
