002916.SZ|215.63|229.6|215.61|221.85|11881857.0|266051.28|218.67
600118.SH|39.93|41.17|39.93|40.22|76711008.0|311228.34|40.39
601231.SH|25.67|26.35|24.95|25.43|69376144.0|179582.41|25.77
600601.SH|11.82|13.19|11.75|13.19|517662368.0|651109.13|11.99
601061.SH|11.52|11.81|11.19|11.33|47084176.0|54936.12|11.54
600021.SH|27.2|27.96|26.07|27.03|163623552.0|451162.22|27.2
600667.SH|8.78|8.99|8.62|8.89|185814400.0|164669.3|8.98
603179.SH|53.95|54.73|52.35|53.5|21770284.0|163629.84|53.46
002046.SZ|29.53|30.76|29.48|29.81|31179056.0|94518.71|29.63
601611.SH|13.24|13.84|13.17|13.32|216958928.0|293765.25|13.87
000027.SZ|7.05|7.06|6.88|6.91|84435376.0|59967.76|7.09
000962.SZ|32.64|34.93|32.42|34.34|60642664.0|209646.88|31.74
001389.SZ|78.7|80.63|78.36|79.9|11963567.0|95786.25|81.14
603160.SH|85.46|87.14|84.38|85.42|13641902.0|117647.84|86.06
603067.SH|18.61|20.23|18.61|19.66|64389388.0|128839.74|18.38
