002938.SZ|39.1|39.25|37.68|37.8|52363568.0|199821.73|39.68
000617.SZ|9.5|9.98|9.16|9.66|776954880.0|742266.5|9.5
601208.SH|11.6|11.72|11.35|11.46|65273448.0|74917.69|11.58
600601.SH|5.57|5.58|5.39|5.5|183946208.0|100675.5|5.58
600726.SH|2.67|2.7|2.63|2.68|88903104.0|23616.21|2.68
600438.SH|20.69|20.9|20.26|20.39|125595984.0|257408.2|20.81
001203.SZ|10.7|11.25|10.51|10.78|54391216.0|58679.11|11.1
000987.SZ|8.0|8.05|7.6|7.84|188062608.0|146934.39|8.0
001267.SZ|11.68|12.11|11.51|11.73|19740672.0|23134.24|11.76
001389.SZ|63.17|63.84|62.04|62.37|10781404.0|67576.93|63.91
001896.SZ|5.61|6.13|5.48|6.13|135027360.0|78607.99|5.57
600396.SH|3.63|3.73|3.51|3.63|111209568.0|40066.65|3.63
600521.SH|20.8|21.19|20.45|20.56|36392196.0|75559.28|20.92
