603256.SH|34.8|34.91|33.2|34.5|17859016.0|60787.35|34.92
601869.SH|98.97|108.0|98.5|105.72|27414784.0|284396.38|101.27
001309.SZ|218.0|221.0|210.6|214.69|11526188.0|248185.39|217.09
600673.SH|22.91|23.19|22.04|23.05|50905568.0|115615.45|22.8
600105.SH|21.04|22.3|19.89|21.88|375106176.0|789049.38|21.04
600118.SH|52.6|54.25|51.55|52.1|103615800.0|544853.19|52.6
601231.SH|23.81|24.62|23.4|24.18|27621820.0|66654.08|23.72
603228.SH|67.83|68.31|64.44|67.42|30052512.0|199567.27|68.49
601696.SH|14.48|14.48|14.12|14.29|87801120.0|125510.64|14.48
001267.SZ|22.37|23.77|22.0|22.98|62599232.0|143692.98|22.43
603516.SH|185.0|190.86|182.0|187.36|6018613.0|112978.66|185.14
603067.SH|27.63|29.83|27.63|29.62|45371968.0|131403.36|27.63
603667.SH|53.55|53.93|50.8|50.98|48824288.0|253337.55|54.62
