603256.SH|8.8|9.3|8.72|9.02|14823080.0|13342.1|8.6
600105.SH|6.34|6.44|6.3|6.33|134041984.0|85447.53|6.3
000617.SZ|7.45|7.52|7.23|7.24|310685056.0|227477.69|7.42
002648.SZ|18.96|19.15|18.39|19.15|303482368.0|572717.75|17.41
605358.SH|25.2|25.44|24.64|24.9|25738158.0|64117.09|25.79
002155.SZ|23.42|23.5|22.52|22.78|56201864.0|129298.98|23.23
002261.SZ|27.75|30.43|27.75|30.43|191791808.0|565018.31|27.66
002131.SZ|3.4|3.5|3.4|3.41|313454528.0|107766.22|3.4
600562.SH|21.0|21.0|20.45|20.8|8009625.0|16624.35|20.84
603067.SH|21.2|22.71|20.88|22.61|33847272.0|74795.27|21.07
002085.SZ|16.68|17.68|16.5|17.22|138321104.0|235831.58|16.89
601069.SH|18.48|18.55|17.05|17.36|41894744.0|73879.63|18.22
003021.SZ|127.49|130.68|123.44|127.35|9393170.0|119777.09|125.32
