600183.SH|70.68|74.8|69.18|74.5|56182736.0|404524.25|70.68
603256.SH|38.0|38.46|37.06|37.6|22839028.0|86165.83|38.16
601888.SH|84.84|92.88|84.53|92.3|100830352.0|908444.19|85.21
601231.SH|30.29|30.54|29.53|29.86|52157968.0|156087.39|30.6
002837.SZ|110.33|113.77|109.5|110.59|53606468.0|593978.75|110.81
002851.SZ|91.06|91.88|86.78|87.97|28658136.0|253025.36|92.47
002429.SZ|7.47|8.08|7.47|7.81|163760256.0|128494.54|7.49
605358.SH|37.8|37.99|36.54|36.84|35421928.0|131411.2|37.31
002414.SZ|15.22|15.34|14.97|15.14|91711960.0|138681.64|15.19
601212.SH|5.82|6.0|5.74|5.87|351336672.0|206993.13|5.61
002407.SZ|35.11|37.53|34.56|36.95|266276176.0|959257.63|34.12
600330.SH|12.48|13.75|12.38|13.75|306864096.0|409859.75|12.5
603618.SH|8.57|8.8|8.39|8.4|37439304.0|31730.71|8.6
600515.SH|5.23|5.68|5.21|5.54|535377184.0|294313.03|5.28
605090.SH|40.75|43.95|40.75|41.76|51768152.0|219646.63|40.74
601118.SH|5.8|6.14|5.79|6.06|143766048.0|86288.92|5.77
600550.SH|11.08|11.98|11.06|11.6|193967760.0|222328.58|11.25
003021.SZ|118.06|119.33|115.13|116.52|8867489.0|103638.72|119.23
