600111.SH|52.1|52.46|51.22|52.22|138748960.0|722261.94|52.09
600010.SH|2.64|2.69|2.62|2.67|995777664.0|265098.22|2.66
000831.SZ|55.05|56.03|54.06|55.83|46852872.0|258651.55|55.05
002407.SZ|21.16|21.95|20.71|20.82|160437344.0|343803.38|21.28
600206.SH|22.11|22.66|21.91|22.58|41121200.0|92610.72|22.32
000962.SZ|27.85|28.57|27.28|27.42|32867700.0|91543.96|27.91
002364.SZ|27.21|28.14|26.9|27.3|45701544.0|126225.86|26.94
600536.SH|50.6|51.3|50.0|50.95|26750824.0|135434.02|50.97
601069.SH|30.74|30.74|29.63|29.85|33272826.0|100795.66|29.84
000158.SZ|24.77|24.9|23.87|24.6|145893584.0|356170.56|25.1
