601888.SH|64.91|65.02|64.04|64.27|26558472.0|175804.42|65.65
000617.SZ|6.8|6.89|6.66|6.66|177583392.0|122157.03|6.83
002049.SZ|68.34|69.47|67.92|67.95|24279578.0|168315.39|68.57
600895.SH|24.65|25.33|24.5|25.03|33087220.0|84202.16|24.72
002487.SZ|25.32|26.17|25.11|25.55|18554970.0|48020.73|25.45
603061.SH|55.98|58.63|55.67|58.14|1584500.0|13414.74|56.7
000519.SZ|16.49|17.13|16.48|16.56|28845100.0|48562.01|16.66
600515.SH|3.61|3.65|3.59|3.62|46156444.0|16775.37|3.64
000582.SZ|9.24|9.36|8.88|8.98|156446864.0|145140.06|9.25
601069.SH|19.16|19.78|17.69|17.74|64048456.0|121163.52|18.5
601606.SH|12.0|12.25|11.97|12.07|11504300.0|13967.44|11.99
600685.SH|23.44|23.99|23.42|23.61|12714711.0|30529.79|23.7
