601869.SH|102.0|108.05|102.0|108.05|29292532.0|313966.94|98.23
601179.SH|9.3|9.31|8.96|9.0|260990272.0|237363.22|9.51
600733.SH|8.01|8.32|7.93|7.94|257769328.0|208866.64|8.17
601933.SH|5.38|5.63|5.18|5.49|1341227392.0|725527.0|5.38
600737.SH|16.95|17.13|16.58|16.58|36036828.0|60590.02|17.11
000969.SZ|19.37|19.75|19.2|19.26|63497732.0|123399.6|19.74
600186.SH|5.88|6.27|5.87|6.1|150043216.0|90263.88|5.98
605090.SH|36.26|37.99|36.01|36.75|23714372.0|88215.19|35.95
600550.SH|9.95|10.06|9.81|9.84|78130384.0|77319.38|10.11
002157.SZ|3.58|3.6|3.47|3.48|288623360.0|101444.81|3.59
603127.SH|36.0|36.38|35.43|35.7|25425050.0|91067.99|36.85
000825.SZ|4.8|5.04|4.76|4.83|217768080.0|106533.45|4.8
