002384.SZ|79.49|79.49|75.2|76.35|112284480.0|866884.0|79.44
002050.SZ|35.01|35.75|34.5|34.5|190702912.0|668447.81|34.76
605117.SH|74.47|74.47|72.22|72.92|24689502.0|180718.09|74.49
600118.SH|37.46|39.1|37.21|38.17|79613680.0|304486.5|37.62
002460.SZ|47.51|47.79|46.28|46.57|79946432.0|375350.88|47.25
002202.SZ|12.7|12.8|12.32|12.36|133912720.0|167242.44|12.52
603659.SH|26.57|26.8|25.93|26.27|63414568.0|166904.5|26.57
605376.SH|48.37|49.35|48.27|48.58|5401100.0|26388.26|48.67
002812.SZ|44.85|45.48|42.68|43.21|68981616.0|301646.16|45.48
002558.SZ|43.0|43.64|41.61|42.0|49206916.0|209383.63|44.1
002487.SZ|40.9|40.97|39.66|40.19|21040088.0|84478.33|41.41
002046.SZ|33.16|34.52|32.9|33.49|31145960.0|105025.83|33.16
000962.SZ|23.54|24.95|23.2|24.7|31350874.0|76073.11|23.54
002131.SZ|6.09|6.28|5.95|5.96|1307481088.0|797072.56|6.08
603728.SH|72.45|74.29|71.0|71.9|24441346.0|177601.45|72.26
600516.SH|5.3|5.41|5.25|5.33|106319704.0|56426.77|5.32
603950.SH|34.05|35.2|33.8|34.61|7652280.0|26559.02|34.04
601975.SH|3.43|3.47|3.28|3.28|280897728.0|93894.17|3.32
002545.SZ|12.73|14.16|12.59|13.93|56110864.0|75862.3|12.96
