603986.SH|176.26|177.73|168.55|171.09|44127600.0|758703.25|176.0
002384.SZ|64.98|66.31|62.13|64.64|62492072.0|404017.25|63.66
603256.SH|37.9|38.1|36.63|36.92|20750514.0|77502.76|37.48
000988.SZ|75.51|75.7|70.53|72.0|123072264.0|888145.94|74.26
600673.SH|24.77|26.84|24.6|26.13|124138144.0|320718.94|24.4
002156.SZ|33.9|37.13|33.25|35.36|258865040.0|912464.69|34.14
601958.SH|17.39|17.41|15.91|16.25|99463000.0|163441.34|17.47
002436.SZ|19.75|19.86|18.88|19.09|143990176.0|277116.38|19.6
002636.SZ|13.2|13.2|12.34|12.4|32262560.0|40792.3|13.11
002241.SZ|33.36|33.65|32.18|32.51|174094768.0|572710.63|33.24
600601.SH|8.7|9.26|8.41|9.12|421052864.0|372040.5|8.81
002155.SZ|23.27|23.43|21.5|22.09|109180416.0|244200.42|22.29
600711.SH|9.2|9.39|8.81|8.99|230984704.0|209649.23|9.02
600259.SH|69.86|70.15|64.51|65.16|26752892.0|178055.97|69.7
603290.SH|105.0|108.0|104.0|105.0|9532079.0|100798.81|104.35
002131.SZ|5.86|6.2|5.68|5.9|1380126592.0|821254.38|5.85
002364.SZ|24.14|25.29|23.7|24.53|54978024.0|134559.13|24.23
002555.SZ|19.32|20.3|19.23|19.67|120784464.0|239948.14|19.3
600737.SH|18.0|18.24|17.5|17.68|62978760.0|111880.0|17.97
601717.SH|21.42|21.95|21.2|21.54|41759764.0|89740.95|21.33
603950.SH|31.8|32.5|30.76|30.99|9957660.0|31390.61|31.39
002423.SZ|13.73|13.78|13.15|13.25|79143752.0|105652.73|13.66
601020.SH|28.55|28.98|26.58|27.39|72171328.0|198870.75|28.01
