002080.SZ|32.35|33.57|31.85|32.32|31992744.0|105947.36|32.27
601888.SH|86.7|87.19|83.56|84.34|56999796.0|488023.34|87.1
002812.SZ|62.0|64.96|58.9|60.62|71394208.0|434201.91|61.87
603929.SH|51.24|56.53|50.35|56.53|7409963.0|40924.88|51.24
000688.SZ|29.61|30.38|26.17|27.02|100674872.0|285561.72|27.61
002407.SZ|40.05|40.05|36.39|36.39|224476336.0|856297.81|40.45
600711.SH|12.66|12.76|12.09|12.24|224073984.0|279162.19|12.81
003022.SZ|22.28|22.92|21.33|21.67|31854248.0|70079.23|22.18
600246.SH|12.78|12.8|12.23|12.32|81367992.0|101005.7|12.42
000958.SZ|7.1|7.13|6.81|6.86|88810920.0|61463.6|7.08
600871.SH|2.58|2.59|2.45|2.47|246553600.0|61463.85|2.58
000830.SZ|15.85|16.01|15.2|15.32|53923780.0|84665.8|15.94
002497.SZ|25.52|26.59|24.04|24.47|143496496.0|361111.59|24.92
600516.SH|6.3|6.74|6.27|6.5|242558384.0|157787.89|6.37
603881.SH|29.2|30.77|28.41|29.85|90304232.0|324410.56|29.19
000039.SZ|8.92|8.94|8.59|8.6|103934880.0|90370.94|8.91
