601995.SH|34.16|36.06|33.82|35.07|51828968.0|182415.67|34.17
600105.SH|5.87|5.96|5.74|5.88|126272736.0|74891.54|5.94
000688.SZ|12.8|13.09|12.62|12.9|15542181.0|20180.22|12.87
603663.SH|17.16|18.28|16.99|17.79|58488668.0|146001.52|17.55
600206.SH|19.32|19.83|18.93|19.34|127714392.0|250035.02|20.03
600246.SH|6.62|6.76|6.32|6.48|65278732.0|42359.87|6.69
002046.SZ|15.55|16.07|15.4|15.84|29214200.0|47326.78|15.46
601611.SH|8.53|9.03|8.53|8.85|76678832.0|68824.58|8.61
000981.SZ|2.2|2.21|2.15|2.2|341732032.0|74518.59|2.22
002152.SZ|13.58|13.85|13.39|13.65|71529552.0|101329.64|13.59
603876.SH|9.52|9.64|9.14|9.31|74452728.0|70793.32|9.77
603638.SH|19.35|20.44|19.3|19.91|9882820.0|19967.94|19.45
003021.SZ|145.36|161.91|143.64|161.91|16803646.0|257257.45|147.13
002402.SZ|20.48|20.82|20.35|20.71|60613700.0|126614.27|20.48
