002281.SZ|58.38|58.85|54.74|56.24|51488816.0|293469.66|58.04
002080.SZ|14.69|14.91|14.11|14.54|44821624.0|67680.86|14.63
600050.SH|6.34|6.44|6.05|6.15|789635584.0|507744.56|6.38
002837.SZ|28.3|28.34|26.67|27.41|27736442.0|129742.56|28.29
000938.SZ|33.0|33.0|30.98|31.53|150384896.0|477824.0|32.83
603296.SH|66.16|66.28|62.71|63.91|14399564.0|131779.61|66.06
002273.SZ|26.09|27.27|24.9|26.72|113808208.0|300327.56|26.06
002414.SZ|8.39|8.42|8.0|8.15|97523976.0|79434.2|8.36
002126.SZ|33.46|35.23|30.66|32.76|113279552.0|375498.56|32.86
003022.SZ|15.76|15.87|15.38|15.71|19231086.0|30318.21|15.45
603179.SH|38.5|38.89|36.34|36.68|8642195.0|45581.59|38.47
600246.SH|6.87|7.4|6.85|7.1|141010016.0|100685.59|6.84
002046.SZ|16.99|17.98|16.25|16.59|67066412.0|116400.09|17.11
000547.SZ|7.98|8.0|7.68|7.82|41363956.0|32327.99|8.0
002518.SZ|28.19|28.52|26.52|27.5|30390410.0|85281.09|28.19
000887.SZ|23.92|24.05|21.81|22.35|199537440.0|463219.88|23.91
603115.SH|13.69|13.7|13.11|13.3|6919559.0|10038.96|13.68
002653.SZ|32.59|34.15|32.45|34.01|9362090.0|31688.47|32.67
002498.SZ|3.53|3.55|3.38|3.42|76487296.0|26898.69|3.53
000158.SZ|26.94|28.93|26.94|27.96|248763808.0|695196.81|27.38
603127.SH|21.85|22.71|21.43|22.04|19838792.0|44043.37|21.9
600316.SH|35.65|35.65|33.77|34.58|15838600.0|54716.5|35.8
