002080.SZ|36.97|37.97|35.8|35.8|51265304.0|188930.11|36.97
600660.SH|63.61|65.65|63.57|64.22|28028952.0|181695.41|63.55
000977.SZ|68.54|69.51|65.98|66.28|160892976.0|1091409.5|68.52
000617.SZ|12.05|13.04|11.79|12.38|608941312.0|756140.75|11.85
600703.SH|15.6|15.95|15.27|15.35|253198528.0|396004.22|15.7
603228.SH|60.77|64.14|60.25|61.02|49298836.0|306007.84|61.01
002202.SZ|11.74|11.9|11.52|11.52|134516640.0|157734.38|11.95
605376.SH|48.43|49.15|46.72|46.8|9432833.0|45249.86|48.21
601788.SH|20.28|20.75|19.9|19.93|108656232.0|221835.23|20.29
002429.SZ|5.68|6.02|5.63|5.66|299640320.0|174150.92|5.58
601059.SH|19.43|19.75|18.8|18.8|91927848.0|177922.22|19.47
003022.SZ|19.8|20.52|19.77|19.77|24566320.0|49468.19|19.86
600839.SH|12.33|12.48|11.9|11.9|512021376.0|625671.56|12.23
000737.SZ|12.61|12.68|12.18|12.21|132044768.0|164217.31|12.69
603115.SH|18.25|19.5|18.19|18.63|12711175.0|23940.17|18.25
603444.SH|457.0|473.58|453.01|455.18|1670614.0|77514.22|458.5
002290.SZ|35.67|37.98|34.97|35.51|15799700.0|57511.59|35.55
002716.SZ|5.43|5.54|5.25|5.25|200912944.0|108536.82|5.46
