600089.SH|26.77|27.45|25.51|26.35|610586048.0|1613564.38|26.5
001309.SZ|277.69|288.0|267.2|282.74|20198268.0|558732.38|267.01
002851.SZ|86.36|91.8|83.1|85.19|36628084.0|314406.25|86.12
002636.SZ|16.4|18.0|16.36|18.0|27095756.0|47565.32|16.36
601360.SH|12.45|13.1|12.31|12.93|382210688.0|488282.69|12.38
600885.SH|33.08|33.25|31.67|32.45|35405448.0|114054.46|32.87
600096.SH|35.68|37.81|34.99|35.23|181254432.0|654260.63|34.37
600219.SH|5.2|5.32|5.11|5.21|556826752.0|289499.41|5.2
001267.SZ|20.46|20.52|18.57|19.35|78675408.0|152108.98|20.3
603225.SH|17.03|18.56|16.87|18.15|45690856.0|81779.02|16.87
603061.SH|136.95|137.99|128.89|133.01|1798540.0|23819.28|136.94
600637.SH|10.05|10.12|9.93|9.94|68025712.0|67952.7|10.02
000629.SZ|3.23|3.31|3.22|3.23|206110048.0|67129.42|3.22
600977.SH|18.1|19.38|17.66|19.07|154022016.0|285263.66|18.33
002266.SZ|4.77|4.83|4.57|4.59|278329728.0|129083.13|4.77
603876.SH|14.66|14.98|14.15|14.36|95489216.0|138873.45|14.33
