601872.SH|8.29|8.57|8.28|8.42|72387552.0|62865.57|8.26
600089.SH|25.14|26.38|24.66|26.14|706454400.0|1823944.5|25.08
002636.SZ|16.36|17.25|16.17|16.24|72143040.0|120154.7|16.86
601360.SH|12.73|12.78|12.28|12.28|316206912.0|397115.53|12.82
600885.SH|33.25|34.7|32.5|32.52|42497480.0|142841.88|33.75
600637.SH|10.19|10.22|9.95|10.02|89040592.0|89490.12|10.19
000629.SZ|3.22|3.25|3.19|3.22|187029680.0|60324.68|3.21
600977.SH|17.27|18.58|17.26|18.3|152740304.0|276781.09|17.22
600100.SH|8.76|8.8|8.56|8.59|84294856.0|73452.39|8.8
002756.SZ|47.7|51.48|46.21|50.45|36393580.0|179085.56|47.0
002266.SZ|4.66|4.89|4.65|4.71|329791872.0|159392.98|4.64
603876.SH|13.58|14.75|13.27|14.2|90745672.0|128543.38|13.65
603026.SH|67.65|72.34|67.21|70.04|22806524.0|159588.56|65.76
