603256.SH|8.76|8.82|8.5|8.6|7441491.0|6415.11|8.82
600105.SH|6.3|6.58|6.24|6.3|189136032.0|120504.04|6.32
000617.SZ|7.76|7.82|7.4|7.42|450205440.0|341805.81|7.82
605358.SH|24.4|26.26|24.19|25.79|42480520.0|107211.42|24.62
002155.SZ|23.95|24.05|23.0|23.23|59413928.0|139579.5|23.59
002261.SZ|28.82|28.88|27.66|27.66|102485336.0|287135.5|28.81
002131.SZ|3.51|3.54|3.39|3.4|415237696.0|143065.78|3.54
600562.SH|20.48|20.93|20.25|20.84|8833165.0|18232.24|20.6
603067.SH|20.4|21.24|20.4|21.07|23836388.0|49567.27|21.1
601069.SH|18.94|19.28|18.15|18.22|42579712.0|79278.96|18.73
