000657.SZ|18.58|18.91|17.41|18.01|210384176.0|380290.25|19.08
002080.SZ|27.95|29.74|27.07|29.71|57612496.0|165134.31|27.84
600089.SH|13.88|14.02|13.76|13.84|119327736.0|165465.66|14.03
601888.SH|67.2|68.45|66.1|66.37|43049724.0|287851.09|68.05
601991.SH|3.46|3.49|3.42|3.44|191245648.0|65893.89|3.47
002466.SZ|40.81|41.84|40.04|40.74|89628760.0|366410.41|41.89
601958.SH|13.0|13.11|12.64|12.94|68769976.0|88700.12|13.21
002851.SZ|53.94|55.2|53.94|55.06|20345972.0|111277.66|53.79
601179.SH|6.73|6.76|6.67|6.72|72595008.0|48732.13|6.77
601800.SH|9.48|9.52|9.4|9.41|59306236.0|56031.53|9.47
600580.SH|23.82|24.49|23.7|23.85|117165456.0|281116.94|23.67
601699.SH|13.58|14.29|13.58|13.95|128409256.0|179105.02|14.29
600143.SH|13.01|13.88|12.81|13.55|216046848.0|289804.97|12.71
002240.SZ|16.22|16.74|15.9|16.16|71465832.0|116018.29|16.55
002821.SZ|114.47|118.3|112.88|118.02|10444367.0|120356.59|114.48
000983.SZ|7.39|7.51|7.27|7.3|170518832.0|125504.2|7.77
601001.SH|14.6|15.08|14.32|14.64|45941392.0|67453.26|15.08
603516.SH|50.55|51.38|50.01|50.41|10296566.0|52236.18|50.34
600114.SH|23.25|24.25|23.25|23.56|41188000.0|97467.23|23.28
600515.SH|4.15|4.25|4.12|4.14|248188048.0|103452.34|4.27
600546.SH|10.0|10.09|9.75|9.88|52093104.0|51640.85|10.27
601608.SH|4.76|4.8|4.73|4.74|57583048.0|27411.8|4.79
000400.SZ|23.2|23.23|22.92|23.04|23340800.0|53760.98|23.12
