601138.SH|20.67|21.91|20.59|21.55|289325728.0|618808.5|20.48
001309.SZ|106.36|109.04|103.47|105.61|8805971.0|93823.81|106.68
600580.SH|23.8|26.54|23.7|26.54|197975360.0|513119.59|24.13
603308.SH|19.6|20.41|19.38|20.21|31224052.0|62078.47|19.61
600143.SH|10.28|10.82|10.07|10.7|236407520.0|245973.61|10.31
002195.SZ|4.56|4.78|4.51|4.65|706134912.0|328634.53|4.66
001267.SZ|9.25|9.62|9.16|9.33|21625830.0|20302.4|9.29
600588.SH|12.32|13.7|12.32|13.7|161824672.0|216105.34|12.45
002131.SZ|4.02|4.27|4.01|4.13|1496216448.0|622477.75|4.1
001389.SZ|56.9|58.43|56.13|57.05|6468424.0|37046.59|56.6
