002281.SZ|56.1|59.38|54.51|58.3|60780540.0|346960.22|56.1
002080.SZ|15.29|15.32|14.9|15.29|56203112.0|85175.53|15.2
600050.SH|6.8|6.85|6.51|6.61|731231040.0|484563.41|6.63
002837.SZ|48.18|48.5|46.78|48.23|28343524.0|135639.36|48.15
000938.SZ|33.15|33.27|32.18|32.97|138911216.0|453840.5|33.12
603296.SH|95.77|96.5|93.1|94.58|12224565.0|115584.23|95.77
002273.SZ|26.12|27.1|25.79|26.56|95567232.0|254073.55|26.13
002414.SZ|8.49|8.58|8.24|8.36|123969768.0|103584.67|8.42
002126.SZ|32.52|34.1|32.2|33.1|91000208.0|301627.31|31.0
003022.SZ|15.32|15.78|15.32|15.58|20135468.0|31286.14|15.27
603179.SH|52.38|56.88|52.38|54.46|13082534.0|72034.91|52.9
600246.SH|7.0|7.11|6.73|6.84|142928032.0|98636.73|6.9
002046.SZ|16.05|17.52|15.84|17.52|43106616.0|71662.71|15.93
000547.SZ|7.91|8.0|7.86|8.0|38269908.0|30486.92|7.93
002518.SZ|28.52|29.71|28.08|28.87|35779324.0|103423.13|28.29
000887.SZ|22.25|24.55|22.1|24.26|183987648.0|440016.03|22.32
603115.SH|14.76|15.05|14.64|14.88|9365633.0|13876.06|14.84
002653.SZ|31.67|33.17|31.5|33.07|7569702.0|24642.74|31.87
002498.SZ|3.55|3.64|3.54|3.61|61925540.0|22280.72|3.55
000158.SZ|28.18|29.1|26.6|27.41|244371712.0|680837.06|28.17
603127.SH|21.3|22.48|21.03|22.05|23575744.0|51774.01|21.09
600316.SH|36.15|37.0|35.66|35.83|15342401.0|55375.25|35.53
