603501.SH|135.29|138.24|131.54|135.48|42084832.0|571360.94|135.2
601727.SH|8.54|8.71|8.43|8.59|434659328.0|372769.19|8.56
603618.SH|6.15|6.37|6.05|6.3|37190996.0|23415.26|6.06
000062.SZ|23.17|23.7|22.93|23.14|21506552.0|51477.72|23.17
600588.SH|18.38|19.19|17.32|17.53|315847840.0|570062.25|18.3
600839.SH|12.37|12.85|11.95|12.11|767888128.0|951193.31|12.6
000002.SZ|7.75|7.87|7.62|7.68|224527088.0|173260.58|7.81
000887.SZ|16.36|16.88|16.23|16.46|82434384.0|138646.34|16.28
000032.SZ|25.79|26.23|24.49|25.2|166514576.0|433172.38|23.83
603067.SH|10.12|10.55|10.06|10.38|20104324.0|29783.69|10.13
601162.SH|4.93|4.95|4.73|4.78|676292544.0|325519.13|4.84
002335.SZ|28.53|28.53|28.53|28.53|4292780.0|18016.8|25.9
600186.SH|7.1|7.12|6.93|7.08|282802400.0|199081.81|7.0
600516.SH|5.16|5.26|5.08|5.13|68942712.0|35596.19|5.21
603881.SH|25.97|25.97|25.97|25.97|23236660.0|87160.71|23.6
601606.SH|12.14|12.29|12.11|12.26|12950400.0|15799.87|12.14
000564.SZ|3.0|3.2|2.99|3.13|584885248.0|181496.77|3.05
002044.SZ|7.13|7.13|7.13|7.13|43477564.0|31086.46|6.48
