603256.SH|37.78|38.92|37.78|38.16|31536606.0|120906.07|37.99
002281.SZ|70.41|71.08|68.36|70.68|41468452.0|289210.81|71.12
601888.SH|87.0|87.26|85.01|85.21|51523588.0|441755.97|87.86
601231.SH|30.55|31.24|29.3|30.6|65990804.0|200034.72|30.55
002837.SZ|110.6|116.5|109.88|110.81|71440096.0|802691.31|111.17
605358.SH|37.68|37.68|36.86|37.31|30677096.0|114248.96|37.31
002414.SZ|15.41|15.46|14.91|15.19|108554752.0|164368.63|15.51
601212.SH|5.7|5.7|5.45|5.61|297357856.0|165203.22|5.89
001203.SZ|29.53|30.95|29.47|30.68|33494046.0|101205.16|31.38
002407.SZ|33.55|34.94|33.26|34.12|176840656.0|601628.75|34.16
002240.SZ|34.01|34.95|33.78|34.3|67253160.0|230197.41|35.67
600330.SH|13.05|13.1|12.27|12.5|200500160.0|251870.8|13.04
002491.SZ|6.51|6.72|6.42|6.44|117047408.0|76046.6|6.55
603618.SH|8.57|8.7|8.47|8.6|41016920.0|35241.46|8.58
600515.SH|5.55|5.56|5.27|5.28|417965600.0|225869.56|5.43
601118.SH|5.96|5.96|5.74|5.77|80543000.0|46718.21|5.92
600550.SH|11.14|11.56|11.0|11.25|165317456.0|186504.2|11.19
002545.SZ|17.82|18.0|17.56|17.71|9265128.0|16461.25|17.89
003021.SZ|115.54|121.18|115.42|119.23|11599999.0|137875.8|115.55
