002281.SZ|55.56|57.25|54.87|55.84|46160124.0|258959.75|57.26
600050.SH|6.3|6.53|6.26|6.4|900909312.0|596523.0|6.5
002837.SZ|28.75|29.12|28.01|28.24|37896836.0|183730.58|29.76
000938.SZ|31.96|34.21|31.74|32.98|189216800.0|623607.44|32.86
603296.SH|68.49|69.56|66.11|66.91|16562790.0|160423.41|69.99
002273.SZ|25.05|26.3|24.8|25.63|103185656.0|269586.25|25.46
002414.SZ|8.5|8.7|8.31|8.42|195112512.0|165671.72|8.98
601777.SH|9.3|10.5|9.3|10.2|154118640.0|155187.95|9.68
002126.SZ|31.26|32.82|30.36|30.76|79812448.0|252890.58|32.76
603179.SH|36.71|38.69|36.38|37.36|9562157.0|50959.81|37.06
600246.SH|6.35|6.9|6.18|6.9|94570928.0|62846.16|6.27
002046.SZ|14.79|15.74|14.69|15.52|41327556.0|65053.03|15.09
000547.SZ|7.9|8.1|7.81|7.93|43724380.0|34780.05|8.03
002518.SZ|27.34|28.32|27.34|27.61|27887536.0|79376.99|28.67
000887.SZ|20.55|22.65|20.37|21.97|158478096.0|344686.63|20.57
002653.SZ|32.17|32.35|31.27|31.47|7040858.0|22643.9|32.15
603127.SH|20.61|21.44|20.28|20.94|18278560.0|38263.95|21.06
600316.SH|35.47|36.62|35.05|35.5|14538464.0|52144.98|35.77
