002384.SZ|53.13|54.03|52.44|53.59|66955032.0|356764.5|54.31
601869.SH|41.05|42.22|40.42|41.33|9977200.0|41253.09|41.43
002080.SZ|28.51|28.55|26.45|27.8|61599076.0|169860.91|28.47
002851.SZ|54.2|55.7|54.06|54.59|19946462.0|109412.23|54.94
601179.SH|7.51|7.56|7.0|7.01|299408288.0|214525.41|7.47
600580.SH|23.7|25.42|23.4|24.3|244111664.0|598718.44|24.11
603308.SH|27.16|27.34|26.22|26.78|18954492.0|50637.55|27.3
600143.SH|12.17|13.47|11.89|12.78|281851392.0|357744.78|12.3
002240.SZ|14.83|15.1|14.4|14.45|53655896.0|78957.38|14.72
002131.SZ|3.79|3.81|3.71|3.72|380791200.0|142499.41|3.75
001389.SZ|66.86|66.86|64.4|65.32|9747107.0|63688.24|66.91
603516.SH|50.5|51.27|48.91|49.53|12739299.0|63367.55|50.0
000400.SZ|24.72|24.75|23.54|23.56|76453080.0|183032.81|24.81
000158.SZ|23.01|23.5|22.85|23.11|89971360.0|208374.84|23.37
603950.SH|24.45|24.6|24.15|24.22|4491751.0|10943.54|24.62
