001309.SZ|271.6|300.88|269.87|290.67|20584542.0|593200.94|274.03
601888.SH|89.24|93.1|87.82|88.51|106388192.0|969509.38|89.83
002851.SZ|81.97|82.76|77.97|79.98|23462044.0|187445.78|82.99
002636.SZ|16.49|17.66|16.49|17.6|80000744.0|137806.2|16.58
603260.SH|58.0|58.75|55.5|56.7|28847784.0|163482.92|58.16
600885.SH|31.57|32.49|30.67|31.98|28229732.0|91235.4|31.76
600096.SH|33.71|33.92|32.36|33.41|80271344.0|276384.63|34.31
600219.SH|4.77|5.04|4.72|4.94|643822400.0|341029.81|4.77
002407.SZ|31.71|34.8|30.36|34.07|237162864.0|775249.63|33.14
603663.SH|26.7|27.93|25.81|27.84|41678072.0|156802.03|26.7
001267.SZ|18.44|20.34|17.74|19.54|76339904.0|144577.23|18.92
603225.SH|17.64|18.11|17.32|17.83|21095812.0|37904.13|17.79
603061.SH|89.98|92.11|87.51|89.39|1195800.0|15591.0|90.91
000629.SZ|3.26|3.31|3.2|3.24|178402624.0|57871.78|3.27
600977.SH|18.84|19.03|17.41|17.63|119373712.0|215824.2|19.03
000830.SZ|15.81|15.91|15.14|15.4|69028552.0|107693.91|16.01
