000988.SZ|93.76|99.6|92.75|98.9|86196864.0|841166.56|91.95
000977.SZ|72.0|73.07|70.71|72.56|102415464.0|740174.38|71.95
000021.SZ|24.89|25.76|24.89|25.12|145683136.0|371416.19|24.24
603083.SH|128.78|142.22|128.78|131.98|42794944.0|578550.75|132.77
002812.SZ|44.78|47.14|44.78|45.75|49633028.0|227316.2|44.35
002222.SZ|48.51|49.15|47.9|48.78|16573236.0|80835.87|48.51
000559.SZ|11.94|12.78|11.42|12.78|327467424.0|403389.97|11.6
600330.SH|10.95|11.27|10.93|11.09|78454728.0|87221.3|10.83
603650.SH|41.42|42.58|41.11|41.71|22534300.0|94781.16|41.42
002294.SZ|59.81|60.42|58.19|58.81|11098007.0|65813.44|60.11
600060.SH|24.55|24.71|23.91|24.48|29453368.0|71486.14|24.79
600637.SH|9.75|10.37|9.73|10.02|167373792.0|170553.77|9.67
600562.SH|30.76|31.23|30.15|31.04|13835215.0|42901.86|30.75
603728.SH|80.33|82.48|79.47|81.78|19414812.0|157578.64|79.47
600126.SH|9.9|10.22|9.73|10.05|159393808.0|158994.02|9.86
002065.SZ|11.01|11.07|10.61|10.81|197952592.0|215886.91|10.49
002716.SZ|7.19|7.28|6.81|7.09|306298592.0|216205.72|6.91
