601888.SH|65.86|67.8|65.33|66.23|46445464.0|317862.81|66.2
000617.SZ|6.74|7.23|6.74|7.0|410634464.0|292608.22|6.74
002049.SZ|71.63|71.63|69.78|70.07|37192640.0|263769.28|71.18
600895.SH|25.15|25.45|24.78|25.2|39110108.0|99539.59|25.09
000519.SZ|17.48|17.92|17.46|17.72|51369812.0|90897.78|17.67
601933.SH|6.07|6.25|5.92|5.93|805260480.0|488739.03|6.03
600515.SH|3.75|3.95|3.69|3.76|192902672.0|73324.17|3.78
600186.SH|6.83|6.97|6.81|6.84|179739680.0|123545.06|6.86
000582.SZ|9.9|11.29|9.78|10.59|344170560.0|366242.75|10.27
600536.SH|48.99|49.83|48.0|49.33|48600948.0|237639.86|49.0
601069.SH|16.86|18.77|16.86|18.39|69003904.0|123376.66|17.16
601606.SH|12.28|12.45|12.22|12.44|20046500.0|24727.93|12.33
000564.SZ|2.92|3.06|2.88|2.98|610770304.0|181410.67|2.91
600685.SH|23.83|24.28|23.58|24.16|20888566.0|50640.39|23.73
