002463.SZ|71.36|74.0|69.93|70.13|116096952.0|835156.13|72.83
603256.SH|33.0|35.15|32.35|32.35|35190400.0|118542.68|33.93
601869.SH|85.47|93.48|84.76|87.3|27852528.0|245165.16|85.64
601360.SH|13.61|13.83|13.3|13.39|227774976.0|308345.41|13.71
002558.SZ|40.9|42.67|40.58|40.7|48165048.0|200415.92|40.98
601238.SH|8.22|8.69|8.08|8.41|143542640.0|120670.16|8.27
001267.SZ|18.29|19.93|18.2|18.69|66863728.0|127991.86|18.48
000547.SZ|11.8|13.22|11.43|12.28|483979296.0|581288.88|12.69
603881.SH|36.0|37.03|35.35|35.73|72160976.0|261858.77|36.31
002192.SZ|53.25|54.18|52.72|53.12|21103936.0|112748.55|53.26
601606.SH|51.8|53.2|51.8|52.1|52995092.0|278613.59|52.69
