002466.SZ|44.9|45.37|44.0|44.46|69810056.0|311270.69|43.77
002837.SZ|49.22|53.87|48.61|53.87|111673272.0|753668.88|48.96
002460.SZ|39.63|40.16|38.95|39.19|48751388.0|192863.75|38.61
000066.SZ|17.8|18.46|17.7|18.14|392730208.0|708666.31|17.8
600143.SH|17.01|17.48|16.34|16.69|396364320.0|675175.38|16.66
002491.SZ|5.63|5.76|5.58|5.7|120733280.0|68468.88|5.81
000962.SZ|20.04|20.84|19.7|20.63|49521812.0|101491.28|19.9
002364.SZ|22.58|22.6|21.91|22.6|24246620.0|54753.3|20.54
000877.SZ|5.68|5.8|5.67|5.73|61302736.0|35161.27|5.63
600126.SH|9.51|9.66|9.43|9.57|189127344.0|181124.89|9.4
603337.SH|55.19|56.16|52.43|54.63|7853822.0|42610.63|56.54
