002384.SZ|70.17|71.5|62.4|63.66|111462096.0|738102.0|68.82
603256.SH|40.93|41.05|36.82|37.41|35333512.0|135242.91|40.68
600673.SH|24.44|24.91|23.88|24.4|111561832.0|272002.69|24.19
002156.SZ|33.91|36.2|33.89|34.06|259145072.0|910617.0|34.8
603228.SH|61.14|61.95|54.45|54.45|48591092.0|278844.0|60.56
002436.SZ|21.28|21.37|19.57|19.57|202488432.0|412056.75|21.75
002202.SZ|11.33|11.34|10.9|10.99|67050416.0|74238.71|11.26
002636.SZ|13.84|13.87|12.94|12.99|38393488.0|51514.29|13.78
002241.SZ|34.65|34.65|32.56|32.89|245517600.0|826122.88|35.33
600601.SH|9.09|9.58|8.58|8.81|447927744.0|401391.84|9.19
600711.SH|9.09|9.18|8.8|8.92|213082720.0|192482.56|9.09
600259.SH|70.66|72.72|66.29|69.55|36303080.0|252233.45|69.55
603290.SH|108.26|109.09|103.26|103.84|11705518.0|124081.98|109.21
002131.SZ|5.95|6.17|5.68|5.82|1995574144.0|1192721.0|5.76
002364.SZ|26.19|26.35|23.98|24.13|72915816.0|182585.16|25.96
000737.SZ|13.14|13.3|12.7|12.86|134579360.0|174591.55|13.12
002555.SZ|18.56|18.95|18.01|18.27|91811240.0|178724.53|18.62
601717.SH|20.21|20.88|19.77|20.08|59579288.0|128191.28|20.46
603950.SH|31.22|31.74|29.77|31.26|12956059.0|39925.07|31.26
002716.SZ|6.41|6.67|6.28|6.33|439479040.0|283548.88|6.06
002423.SZ|13.81|14.13|13.37|13.51|86529936.0|119737.68|13.87
