600487.SH|21.88|22.84|21.58|22.61|141738784.0|314856.28|22.04
601869.SH|112.3|113.59|105.6|110.3|18672358.0|205221.42|117.27
002050.SZ|44.0|44.78|42.77|44.55|259925856.0|1137071.38|45.03
600498.SH|28.09|28.8|27.71|28.49|81297040.0|230078.72|28.06
600869.SH|7.65|8.15|7.52|8.14|136652832.0|109316.37|7.72
002222.SZ|50.97|54.82|49.84|52.97|57706860.0|299804.59|50.97
603920.SH|45.58|45.99|44.4|45.62|31101942.0|140256.53|46.14
600330.SH|11.67|12.03|11.56|11.77|130250752.0|153257.95|11.8
600157.SH|1.68|1.69|1.64|1.66|1521405312.0|252392.95|1.72
002245.SZ|20.37|22.24|20.01|21.45|187713600.0|393456.22|20.32
002472.SZ|50.66|53.3|49.2|51.31|59213196.0|305574.03|51.69
600562.SH|30.28|31.71|30.1|31.2|22179526.0|68931.58|30.6
600114.SH|32.18|32.78|31.59|32.66|25997506.0|84099.61|32.26
000564.SZ|2.59|2.65|2.58|2.63|422957472.0|111016.9|2.63
603950.SH|36.28|39.36|35.83|38.5|10634320.0|40355.5|36.82
002065.SZ|11.89|11.89|11.22|11.43|377938432.0|433962.75|12.17
002716.SZ|6.66|6.83|6.55|6.75|201822208.0|135169.38|6.7
002402.SZ|60.71|60.71|50.56|56.0|262113712.0|1470119.38|55.19
