002463.SZ|69.65|72.8|69.12|72.09|79753680.0|569551.69|69.45
603256.SH|32.8|33.61|31.95|33.29|23226800.0|75886.8|32.13
601869.SH|87.12|87.48|85.08|85.57|12476916.0|107047.2|87.08
601360.SH|13.5|13.56|13.14|13.26|244609600.0|325564.88|13.62
002558.SZ|41.01|41.55|40.01|41.33|36995176.0|151419.25|41.14
601238.SH|9.25|9.28|8.96|8.99|204835072.0|186070.83|9.25
001267.SZ|18.79|19.08|18.59|18.76|28467800.0|53483.88|18.53
000547.SZ|14.8|14.86|14.4|14.86|142563200.0|210889.59|13.51
603881.SH|34.09|34.7|33.3|34.22|58574752.0|200036.33|35.69
601606.SH|52.0|52.88|51.9|52.22|39357848.0|205679.89|52.95
603026.SH|90.8|94.9|88.41|92.23|21752590.0|200014.98|92.45
