603256.SH|8.69|8.83|8.6|8.66|8212900.0|7131.44|8.71
002050.SZ|29.45|29.95|28.55|29.22|293754208.0|857720.0|28.6
001309.SZ|93.32|95.25|91.01|93.76|7277005.0|67637.3|92.28
600673.SH|12.43|12.6|11.35|11.47|117337896.0|138377.95|12.61
600105.SH|5.0|5.15|4.95|5.04|59876060.0|30186.03|5.05
002484.SZ|23.08|23.6|21.9|22.6|55869736.0|126020.13|23.52
002851.SZ|67.0|67.95|62.75|66.8|55730408.0|365914.09|69.72
603308.SH|17.6|18.11|17.11|17.4|32790008.0|57209.83|17.35
603699.SH|24.05|24.18|23.58|23.92|5256651.0|12571.34|24.05
000962.SZ|15.15|15.32|14.91|14.99|27341472.0|41151.66|15.42
000981.SZ|2.34|2.37|2.26|2.29|598413696.0|137585.17|2.36
603516.SH|54.27|55.0|52.55|52.82|8419900.0|45073.11|54.27
000737.SZ|9.67|9.75|9.35|9.4|96398352.0|91276.45|9.74
000951.SZ|19.5|19.58|18.9|18.93|24510472.0|46931.61|19.69
002497.SZ|12.8|13.0|12.51|12.72|38940700.0|49655.1|12.9
600126.SH|4.79|4.98|4.75|4.92|79840496.0|38805.41|4.88
600316.SH|32.5|33.64|31.5|31.77|19823752.0|64495.56|32.5
