600276.SH|62.63|63.38|60.56|61.11|73465464.0|454589.44|62.7
002938.SZ|52.68|52.99|49.57|50.5|39362976.0|203773.5|52.0
601869.SH|50.07|52.35|48.74|50.46|19666636.0|100255.69|50.58
000657.SZ|15.83|15.92|15.49|15.61|95695472.0|152030.91|15.88
601888.SH|64.05|64.7|63.71|63.89|12211655.0|79134.39|64.26
002466.SZ|38.28|38.75|38.0|38.25|38159912.0|146216.17|38.23
601958.SH|12.06|12.16|11.67|11.69|45009436.0|56991.9|12.07
002436.SZ|18.52|18.9|18.05|18.21|170182432.0|313818.25|18.93
002428.SZ|22.49|22.58|21.77|21.8|52311520.0|115588.37|22.42
600895.SH|31.7|33.13|30.53|32.32|134067584.0|430566.75|31.85
600570.SH|35.8|36.14|34.82|35.33|89027488.0|316178.94|36.0
002240.SZ|15.53|15.97|15.51|15.82|32655248.0|51478.31|15.52
002821.SZ|111.71|114.7|108.81|110.05|12117916.0|136041.39|112.94
600500.SH|4.05|4.07|4.0|4.0|41095832.0|16529.32|4.06
600114.SH|23.77|23.93|23.2|23.28|21047576.0|50029.09|23.69
002653.SZ|55.33|57.03|53.01|53.6|5298367.0|28940.77|55.52
600515.SH|3.92|3.96|3.89|3.91|82554864.0|32327.6|3.93
603063.SH|37.75|39.35|36.61|37.97|58854440.0|223699.16|37.77
603530.SH|27.99|29.11|27.85|28.5|6784031.0|19520.88|28.04
