600276.SH|63.61|64.53|62.45|63.39|98084936.0|624790.19|63.6
002938.SZ|52.91|53.5|51.3|53.1|39241816.0|210403.83|52.36
000657.SZ|18.39|18.5|16.87|16.87|195339840.0|343915.25|18.77
600089.SH|13.66|13.73|13.43|13.48|90084176.0|125692.21|13.66
601888.SH|65.48|66.32|65.05|65.58|26787040.0|177964.7|65.53
601991.SH|3.29|3.41|3.28|3.35|296513344.0|103060.06|3.29
002466.SZ|40.83|41.14|39.43|39.88|66125180.0|266517.97|40.4
601958.SH|12.93|13.57|12.75|12.91|85208296.0|115501.4|12.64
002436.SZ|18.25|19.27|17.92|18.56|215059248.0|399884.97|18.24
601800.SH|9.25|9.32|9.19|9.22|46331716.0|43495.48|9.28
600895.SH|31.15|34.54|31.0|33.64|157260592.0|515931.53|31.4
601699.SH|14.8|14.95|14.01|14.23|119811464.0|176203.22|14.51
002240.SZ|16.34|16.65|16.01|16.31|53132416.0|86739.55|16.22
002821.SZ|120.58|121.57|112.03|112.67|15834264.0|186216.53|121.59
000983.SZ|7.42|7.52|7.19|7.23|109405952.0|81526.67|7.32
601001.SH|14.28|14.3|13.59|13.66|40108632.0|58721.2|14.12
600114.SH|24.1|24.34|23.61|23.86|26447156.0|64187.03|24.36
002653.SZ|52.45|53.08|51.53|51.83|4874840.0|25605.46|52.49
600515.SH|4.13|4.2|4.05|4.07|204312032.0|84301.13|4.14
600546.SH|9.7|9.8|9.6|9.66|48197228.0|48430.59|9.57
601608.SH|4.8|4.86|4.73|4.76|80371352.0|38570.84|4.8
