600487.SH|22.73|23.56|22.63|22.78|136834224.0|315635.41|22.93
600498.SH|29.14|29.68|28.13|28.15|59080548.0|169654.63|29.14
600869.SH|8.23|8.37|7.77|7.78|90195384.0|72214.27|8.27
000021.SZ|24.81|25.6|24.39|24.46|153579392.0|384301.91|24.85
002812.SZ|44.66|45.7|44.3|44.35|37206032.0|167157.86|45.39
002222.SZ|50.13|50.57|48.71|48.71|25048258.0|124226.66|50.79
000559.SZ|10.82|11.8|10.8|11.8|166570832.0|190682.33|10.73
600330.SH|11.22|11.36|10.83|10.83|113809528.0|125258.97|11.38
603650.SH|41.6|43.86|41.6|41.92|30819076.0|131229.7|42.15
600157.SH|1.61|1.65|1.6|1.61|822753664.0|133274.02|1.61
002294.SZ|62.28|62.28|60.4|60.66|9077920.0|55659.52|62.3
600060.SH|25.03|25.24|24.52|24.79|25921512.0|64304.61|25.13
600637.SH|9.8|10.24|9.74|9.8|168891968.0|167612.78|9.87
600562.SH|31.13|31.6|30.74|31.0|14580260.0|45542.53|31.3
603728.SH|83.6|84.0|79.38|79.49|19520860.0|158303.14|83.67
600126.SH|10.32|10.7|9.85|9.86|253202848.0|258294.17|10.69
002065.SZ|11.0|11.09|10.53|10.54|191754448.0|206277.58|11.06
002716.SZ|6.81|7.2|6.78|6.91|291468544.0|203354.8|6.58
002402.SZ|51.1|53.0|47.97|48.18|178807072.0|896933.88|52.6
