600183.SH|42.41|43.43|40.56|43.22|43544728.0|189581.98|43.45
600111.SH|43.87|46.41|43.87|45.3|358560640.0|1626342.75|44.32
600673.SH|18.46|18.9|18.19|18.86|85046480.0|157950.09|18.61
002636.SZ|13.13|13.85|12.92|13.38|54232404.0|73300.59|13.26
000066.SZ|17.08|17.54|16.96|17.48|212558176.0|365844.94|17.38
002203.SZ|12.87|12.99|12.5|12.89|44111640.0|57510.28|12.95
603688.SH|39.91|40.66|39.12|39.83|23879162.0|95164.91|40.66
002126.SZ|37.08|37.99|36.25|37.63|51118244.0|189694.56|38.08
003022.SZ|19.14|21.15|18.98|21.15|45711484.0|93706.82|19.22
002491.SZ|5.62|5.63|5.53|5.62|49052008.0|27392.89|5.62
000062.SZ|29.35|30.09|28.34|29.01|74783232.0|221936.64|29.49
000962.SZ|20.64|21.93|20.44|21.32|35297104.0|75342.1|20.89
002518.SZ|33.23|33.23|30.95|31.85|56581280.0|183981.56|33.29
000887.SZ|21.94|22.96|21.45|22.86|127965008.0|286158.47|21.74
601162.SH|5.6|5.73|5.53|5.63|804820928.0|452068.5|5.63
600126.SH|9.37|9.54|9.25|9.47|124043304.0|116638.54|9.41
600329.SH|42.46|44.39|41.51|43.36|16115202.0|76305.44|43.06
603950.SH|27.83|28.64|27.08|28.44|16647832.0|46480.52|27.83
603337.SH|49.96|50.2|48.9|50.17|5641606.0|28228.86|49.95
