002281.SZ|69.99|71.46|69.27|70.74|50226600.0|352994.28|70.24
601231.SH|28.56|28.94|26.97|27.34|67553008.0|188828.25|28.56
001203.SZ|28.6|31.33|28.23|30.93|55152040.0|167579.52|28.46
002240.SZ|33.8|36.97|33.42|35.92|108142200.0|378848.5|34.28
600330.SH|12.0|12.13|11.76|11.85|108091808.0|128881.26|12.0
002491.SZ|6.89|7.2|6.52|6.55|243472000.0|165675.81|6.95
600733.SH|8.22|8.38|8.15|8.19|155789296.0|127866.28|8.33
601933.SH|5.63|5.86|5.42|5.45|1136570240.0|635511.06|5.76
600737.SH|16.92|17.0|16.62|16.81|26472446.0|45436.13|16.84
600186.SH|5.83|5.97|5.83|5.85|62886112.0|36916.93|5.91
000825.SZ|5.1|5.15|4.93|4.97|205712688.0|103178.4|5.18
002545.SZ|16.79|17.59|16.6|17.24|17310328.0|30263.79|16.7
