002463.SZ|69.88|70.36|68.01|69.45|59952232.0|414340.59|70.13
603256.SH|32.68|32.8|31.8|32.13|15795600.0|50754.91|32.35
601869.SH|85.0|90.96|84.5|87.08|19966446.0|173344.61|87.3
601360.SH|13.35|14.07|13.35|13.62|292431104.0|401692.53|13.39
002558.SZ|40.68|42.58|40.52|41.14|40986096.0|169974.59|40.7
601238.SH|8.39|9.25|8.3|9.25|229121520.0|206295.5|8.41
001267.SZ|18.81|18.98|18.4|18.53|36382900.0|67757.16|18.69
000547.SZ|12.0|13.51|11.86|13.51|409083072.0|517134.75|12.28
603881.SH|35.86|36.58|35.3|35.69|48748272.0|174293.77|35.73
601606.SH|52.12|53.9|51.5|52.95|54792516.0|288162.75|52.1
