002938.SZ|39.05|40.58|38.2|39.68|66977960.0|264277.88|38.32
000617.SZ|9.01|9.85|9.01|9.5|924363840.0|880448.19|8.95
601208.SH|11.75|12.1|11.46|11.58|82553728.0|96547.95|11.75
600601.SH|5.67|5.76|5.51|5.58|200517136.0|111849.61|5.69
600726.SH|2.7|2.75|2.65|2.68|105932720.0|28424.34|2.72
600438.SH|20.26|21.64|20.03|20.81|199511744.0|416200.5|20.27
001267.SZ|11.75|12.07|11.6|11.76|24464762.0|28801.53|11.8
001389.SZ|66.6|67.3|62.13|63.91|18426986.0|117917.68|66.18
001896.SZ|5.69|5.83|5.51|5.57|93780200.0|52557.7|5.69
600396.SH|3.86|3.88|3.62|3.63|170914336.0|63229.02|3.95
600521.SH|21.18|21.47|20.78|20.92|39461696.0|83124.23|21.15
