600183.SH|61.72|65.45|61.72|63.08|50331520.0|321575.56|63.68
603986.SH|231.0|231.22|222.5|224.99|29336780.0|662435.81|230.1
601872.SH|9.12|9.17|8.32|8.34|198496608.0|170743.27|9.22
600549.SH|35.5|35.75|34.52|34.8|43030120.0|150482.55|35.69
601012.SH|21.78|21.93|21.18|21.35|195737984.0|421213.91|21.76
601179.SH|8.4|8.68|8.2|8.29|302843264.0|254420.48|8.43
601208.SH|19.28|20.02|19.02|19.49|68421936.0|134090.19|19.34
601360.SH|12.75|13.12|12.6|13.11|505915616.0|650035.13|12.87
002595.SZ|65.61|66.66|64.49|65.0|4812100.0|31486.68|65.59
600219.SH|4.68|4.81|4.58|4.62|361453920.0|168866.42|4.71
603688.SH|41.0|41.16|39.06|39.39|14465575.0|57518.29|40.95
603699.SH|53.69|55.12|53.48|54.45|7448546.0|40583.39|53.69
002407.SZ|27.0|28.88|27.0|27.83|204040032.0|573233.13|27.31
000962.SZ|30.53|30.62|29.57|29.88|25490704.0|76684.53|30.01
000547.SZ|8.52|9.26|8.5|8.98|136575024.0|121007.84|8.6
000981.SZ|3.76|3.88|3.72|3.8|849364288.0|321825.06|3.76
600517.SH|6.6|6.95|6.56|6.67|116701888.0|78774.98|6.57
002459.SZ|14.35|14.54|13.86|13.96|66756328.0|94489.84|14.36
600595.SH|7.2|7.4|6.87|7.14|124547824.0|88836.34|7.28
600100.SH|8.66|8.94|8.63|8.77|115130640.0|101058.84|8.76
000155.SZ|12.07|12.16|11.7|11.8|52914448.0|62922.95|12.16
002756.SZ|46.67|48.1|45.16|46.13|27449732.0|127851.39|46.94
603876.SH|13.65|13.88|13.2|13.39|95118344.0|128533.51|13.65
603444.SH|475.0|475.0|448.32|452.01|2906953.0|132693.11|477.0
001287.SZ|26.58|27.35|26.1|26.18|43369940.0|115142.07|26.9
601606.SH|51.32|53.43|50.9|52.51|58607476.0|306990.56|51.31
603026.SH|62.86|66.0|62.07|62.58|14686048.0|93661.82|62.5
002545.SZ|17.34|17.6|16.72|16.97|18893678.0|32175.11|17.45
