001309.SZ|91.12|93.02|90.16|91.26|5747360.0|52769.83|91.97
600673.SH|12.75|13.28|12.48|12.65|128245648.0|165785.89|12.95
600105.SH|4.86|5.02|4.86|4.95|63998876.0|31664.3|5.0
002484.SZ|20.49|22.22|20.49|22.22|79165448.0|173487.3|20.2
002851.SZ|72.01|75.66|69.97|70.41|63523896.0|459708.72|70.06
603308.SH|16.62|16.86|16.14|16.35|35996400.0|59217.34|16.31
600259.SH|29.45|30.12|29.38|29.55|9915200.0|29472.71|29.56
000962.SZ|14.86|15.1|14.67|14.7|31402568.0|46700.34|14.87
000981.SZ|2.46|2.57|2.41|2.43|782836864.0|193393.88|2.54
603516.SH|51.95|56.99|51.71|54.52|15175924.0|82221.86|51.94
000737.SZ|8.56|8.75|8.5|8.6|54384788.0|46923.69|8.61
