603228.SH|41.41|44.14|40.5|43.18|57715760.0|244023.11|41.1
002185.SZ|10.03|10.2|9.97|10.09|106618336.0|107376.72|10.11
003031.SZ|52.57|54.0|52.57|53.0|7298528.0|38923.33|52.74
600726.SH|2.52|2.63|2.49|2.56|132380800.0|33758.18|2.53
000062.SZ|25.88|26.48|25.88|26.3|25679524.0|67347.36|25.96
000737.SZ|13.02|13.3|12.01|12.4|265451376.0|333752.34|12.42
000519.SZ|21.3|21.44|20.43|20.69|129671448.0|269043.16|21.25
600562.SH|30.0|30.94|30.0|30.2|13092228.0|39716.96|30.27
002517.SZ|19.2|19.54|18.5|19.1|64503816.0|122184.02|19.18
601162.SH|4.68|4.72|4.63|4.67|553347072.0|258753.08|4.66
600396.SH|3.35|3.76|3.28|3.55|212077168.0|73963.07|3.43
603444.SH|320.0|328.0|313.07|323.01|1554370.0|49683.18|319.8
603127.SH|21.8|22.12|21.58|21.93|24191484.0|52843.97|21.95
600961.SH|11.46|11.58|11.14|11.36|38875040.0|43987.61|11.36
002402.SZ|22.54|22.88|22.42|22.62|62733112.0|142019.39|22.41
