002281.SZ|54.84|57.53|52.54|54.35|51387588.0|281268.47|56.24
002080.SZ|14.4|14.54|14.09|14.15|36581448.0|54567.57|14.54
600050.SH|6.11|6.19|5.93|6.02|715221056.0|449656.13|6.15
601995.SH|37.0|37.5|34.8|35.09|76445616.0|277524.19|38.69
002837.SZ|26.97|27.23|25.79|26.45|32615804.0|147248.2|27.41
000938.SZ|30.84|31.23|29.34|29.42|136223712.0|412580.66|31.53
603296.SH|63.26|63.26|60.16|61.54|16047181.0|141308.8|63.91
002273.SZ|26.1|26.2|24.67|24.87|84656752.0|219161.27|26.72
002414.SZ|8.15|8.17|7.91|7.98|72633256.0|58338.55|8.15
003022.SZ|15.71|16.12|15.37|15.48|15909462.0|25067.27|15.71
603179.SH|36.65|36.67|34.4|34.49|7835445.0|39167.18|36.68
603663.SH|18.48|19.83|18.48|19.83|22623452.0|61884.34|18.02
600246.SH|7.11|7.32|6.8|7.16|109858000.0|77469.2|7.1
002046.SZ|16.49|16.58|15.34|15.4|49189000.0|80022.22|16.59
000547.SZ|7.79|7.86|7.49|7.53|31003788.0|23723.87|7.82
000981.SZ|2.37|2.43|2.22|2.22|704439744.0|163184.16|2.37
002518.SZ|27.02|27.03|25.5|25.66|21408544.0|57246.39|27.5
000887.SZ|21.97|22.35|20.25|20.33|138180560.0|292517.78|22.35
603115.SH|13.1|13.4|13.1|13.23|4001371.0|5782.62|13.3
002653.SZ|33.6|34.4|32.75|32.91|5276235.0|17793.38|34.01
002498.SZ|3.39|3.42|3.32|3.34|37077100.0|12772.25|3.42
002152.SZ|14.85|14.98|13.58|13.69|144051344.0|211823.63|14.55
000158.SZ|27.15|27.22|25.16|25.16|199638176.0|520538.13|27.96
603127.SH|21.76|22.37|20.48|20.61|19776636.0|42085.29|22.04
603638.SH|21.11|21.52|19.56|19.75|15829877.0|32481.96|21.21
003021.SZ|154.33|154.72|140.63|140.63|12273164.0|176104.16|156.33
002402.SZ|23.85|24.16|21.31|21.31|161872928.0|365441.63|23.71
600316.SH|34.27|35.29|33.62|33.97|14100997.0|48679.25|34.58
