600183.SH|73.76|74.6|70.38|72.4|48966572.0|356811.72|73.7
603256.SH|37.59|38.31|36.29|37.95|23886156.0|89816.02|37.53
601888.SH|92.55|94.65|89.65|91.03|67085920.0|618578.75|91.85
601231.SH|29.25|30.01|28.41|28.89|41683536.0|122836.81|29.43
002837.SZ|84.94|85.75|82.02|83.96|55584680.0|605376.31|84.94
002851.SZ|87.62|89.71|87.28|88.1|16285221.0|144142.55|87.94
002202.SZ|20.8|21.46|20.32|21.46|220386528.0|467028.75|19.49
600879.SH|18.98|19.78|18.68|19.26|584154496.0|1124166.88|19.45
002429.SZ|7.79|7.97|7.6|7.64|118645944.0|93061.09|7.72
605358.SH|36.2|36.99|35.25|35.39|32158112.0|115969.66|36.69
002414.SZ|15.1|15.2|14.72|14.81|81432232.0|121202.84|15.14
000559.SZ|13.43|14.78|13.27|14.06|278905856.0|394257.97|13.43
601212.SH|6.2|6.46|5.96|6.24|600401408.0|377985.56|5.87
002407.SZ|35.8|35.8|33.06|33.77|221196896.0|757826.44|36.75
600330.SH|13.76|13.93|13.0|13.17|254699056.0|340221.75|13.75
603618.SH|8.38|8.44|8.28|8.32|23743044.0|19782.41|8.4
600515.SH|5.56|5.65|5.37|5.39|412443744.0|226131.33|5.54
605090.SH|42.55|45.69|41.97|45.69|56079752.0|249960.55|41.51
601118.SH|6.0|6.41|5.96|6.11|130534688.0|80458.7|6.06
600550.SH|11.4|11.42|10.85|10.99|153499824.0|169353.64|11.6
003021.SZ|116.62|125.82|115.72|121.5|11992941.0|145067.73|116.14
