002594.SZ|327.5|346.94|322.65|345.05|27935722.0|945104.88|329.9
002600.SZ|9.98|10.06|9.71|9.91|329005120.0|324580.81|9.79
601689.SH|68.0|70.33|66.03|69.5|37252328.0|255730.08|69.69
600580.SH|26.6|28.6|26.31|27.98|182589696.0|503277.0|27.21
002920.SZ|126.04|132.32|124.88|130.3|13072676.0|169544.8|126.58
600143.SH|10.23|10.53|10.19|10.35|108532256.0|112415.24|10.13
002126.SZ|22.22|23.58|21.94|23.0|40925768.0|93655.17|22.28
002195.SZ|4.82|5.37|4.79|5.27|856851968.0|439805.81|4.88
600206.SH|17.18|18.68|17.13|18.3|115494648.0|206139.61|17.31
603618.SH|6.35|6.52|6.24|6.36|51479888.0|32815.77|6.31
000062.SZ|24.36|25.4|24.28|25.1|45473816.0|113719.9|24.86
600588.SH|14.66|16.37|14.58|15.82|278423616.0|440257.5|14.88
002131.SZ|4.52|4.79|4.45|4.7|1280620672.0|598472.56|4.71
603486.SH|49.91|54.12|49.91|53.2|18016044.0|95385.06|49.75
000032.SZ|20.11|20.8|19.87|20.8|61830696.0|126779.77|20.29
002335.SZ|35.41|37.12|34.28|36.33|50447904.0|181287.34|34.69
600595.SH|3.67|3.72|3.56|3.6|110480320.0|40006.17|3.69
603881.SH|28.18|28.18|28.18|28.18|9194020.0|25908.75|25.62
601606.SH|12.34|12.7|12.32|12.49|33132540.0|41186.55|12.57
000564.SZ|2.94|3.1|2.93|3.04|678865344.0|205710.83|2.97
