603256.SH|36.7|36.7|34.9|34.92|20785884.0|74024.66|35.9
001309.SZ|221.88|224.19|216.3|217.09|12117834.0|266450.66|217.18
600673.SH|24.1|24.11|22.8|22.8|53582896.0|124098.09|24.12
600105.SH|19.5|21.04|19.28|21.04|164765216.0|342013.31|19.13
600118.SH|51.38|54.99|50.16|52.6|104636408.0|552578.69|50.15
601231.SH|24.43|24.65|23.71|23.72|26172122.0|63133.51|24.2
603228.SH|69.6|70.19|67.25|68.49|30198592.0|207884.06|69.65
002487.SZ|57.2|58.8|56.73|57.61|17205536.0|99687.62|56.71
601696.SH|14.39|14.65|14.28|14.48|117286320.0|169554.69|14.49
001267.SZ|22.34|23.65|22.02|22.43|79104160.0|180848.22|22.31
603516.SH|183.99|193.17|183.99|185.14|7419538.0|139784.92|184.0
603067.SH|28.94|29.66|27.53|27.63|31410614.0|89970.03|28.11
603667.SH|53.5|55.8|53.21|54.62|43922808.0|239752.11|53.46
