601888.SH|67.21|67.94|65.24|65.68|39823888.0|263192.53|67.98
000617.SZ|7.1|7.15|6.9|6.96|220414864.0|153992.28|7.16
002049.SZ|70.44|70.74|68.45|69.39|26668880.0|184582.06|70.59
600895.SH|25.5|25.5|25.02|25.08|21784180.0|54835.6|25.55
603061.SH|82.49|84.8|80.81|83.12|2024700.0|16763.32|82.5
000519.SZ|17.6|17.7|16.85|16.98|48868180.0|83465.23|17.74
600515.SH|3.75|3.76|3.63|3.66|102406280.0|37610.05|3.76
600186.SH|6.81|6.87|6.68|6.75|135731520.0|91450.7|6.84
000582.SZ|10.59|10.68|9.72|9.72|224285872.0|226118.42|10.8
600536.SH|48.84|49.0|47.5|47.7|34576312.0|165751.72|49.33
601069.SH|18.05|18.3|17.68|17.8|49393400.0|88399.48|18.6
601606.SH|12.36|12.39|12.03|12.15|13655800.0|16593.81|12.44
000564.SZ|2.95|2.98|2.86|2.89|447840704.0|130120.77|2.98
600685.SH|24.4|24.4|23.9|23.98|12437341.0|29907.96|24.44
