603993.SH|15.22|17.01|15.22|16.95|414280800.0|681123.0|16.43
000988.SZ|80.22|83.95|80.22|82.27|60802920.0|500853.81|84.99
002600.SZ|14.76|15.46|14.56|15.26|415017888.0|623189.69|16.0
000977.SZ|65.96|70.84|65.96|70.44|87825152.0|607859.88|69.62
002460.SZ|59.05|69.85|59.05|69.6|137361184.0|886914.06|63.78
601168.SH|22.35|23.52|22.35|23.34|83750664.0|192559.55|23.77
000426.SZ|36.0|37.8|33.3|37.8|135741952.0|480582.72|36.3
000960.SZ|23.64|24.74|23.47|24.53|68546576.0|167164.59|24.91
603083.SH|103.72|111.57|103.2|107.52|29553630.0|318410.28|108.82
601618.SH|3.91|4.07|3.83|4.0|504295520.0|198835.22|4.05
600667.SH|8.24|8.62|8.18|8.53|141833744.0|120609.73|8.7
603061.SH|91.48|99.03|90.45|97.39|3853956.0|52794.2|96.98
000629.SZ|3.02|3.16|3.0|3.13|195022784.0|60044.08|3.11
601615.SH|16.64|18.21|16.62|17.86|114864760.0|203058.41|16.64
002430.SZ|25.71|27.37|25.7|26.91|23905374.0|65093.39|26.63
