600089.SH|26.35|26.68|25.14|25.27|486300096.0|1252699.5|26.35
001309.SZ|287.74|298.33|271.97|274.43|19653168.0|555837.25|282.74
002851.SZ|85.8|87.02|82.84|83.02|23140780.0|195777.72|85.19
002636.SZ|19.44|19.44|16.59|16.7|108364240.0|189054.06|18.0
603260.SH|56.5|60.17|56.5|58.16|40256468.0|236352.67|58.51
600885.SH|32.55|33.1|31.97|32.11|27453796.0|88968.64|32.45
600096.SH|35.37|35.96|34.9|35.51|101787976.0|360799.72|35.23
600219.SH|5.25|5.3|5.11|5.16|305745856.0|158355.55|5.21
002407.SZ|33.01|35.0|32.08|33.34|245835744.0|819199.56|32.94
603663.SH|34.37|37.48|34.37|37.48|45788064.0|166110.77|34.07
001267.SZ|19.89|20.5|18.9|18.98|64444248.0|126829.49|19.35
603225.SH|18.05|18.35|17.67|17.99|23628732.0|42347.21|18.15
603061.SH|132.65|136.9|131.73|132.2|1617000.0|21648.96|133.01
600637.SH|10.0|10.19|9.91|10.05|91433320.0|92136.41|9.94
000629.SZ|3.24|3.32|3.22|3.27|215261104.0|70500.55|3.23
600977.SH|18.88|19.39|18.39|19.06|105399856.0|198865.95|19.07
002266.SZ|4.61|4.92|4.52|4.73|293028608.0|137501.55|4.59
