603986.SH|132.07|133.88|125.17|128.2|39402400.0|509480.75|132.86
603256.SH|8.7|8.76|8.54|8.63|5675500.0|4915.67|8.66
002050.SZ|29.0|29.67|27.68|28.2|242271888.0|693616.81|29.22
600580.SH|19.0|20.0|18.93|19.13|176091968.0|341483.81|19.09
603629.SH|22.08|23.22|21.7|23.01|38270492.0|85976.28|22.08
603699.SH|24.05|24.41|23.7|24.28|6574750.0|15867.69|23.92
000737.SZ|9.6|10.33|9.5|9.9|168741264.0|167411.27|9.4
002335.SZ|30.9|31.46|30.15|30.7|37643008.0|115816.56|30.39
000951.SZ|19.19|19.67|19.12|19.24|20898362.0|40444.34|18.93
002497.SZ|12.78|13.09|12.64|12.82|41684832.0|53643.32|12.72
600126.SH|4.89|4.98|4.71|4.8|68009152.0|32889.96|4.92
600316.SH|31.98|32.0|31.03|31.6|11359222.0|35771.6|31.77
