603256.SH|8.73|9.2|8.63|9.13|14766202.0|13319.31|8.95
600105.SH|6.4|6.47|6.11|6.12|121364632.0|77084.74|6.23
000617.SZ|7.07|7.22|6.91|6.92|214996896.0|154111.8|7.08
002648.SZ|17.87|18.01|17.41|17.41|135609280.0|252058.55|18.15
605358.SH|24.39|25.0|23.81|23.82|17844060.0|43390.14|24.75
002155.SZ|16.84|16.98|16.78|16.82|33944556.0|76581.7|17.05
002821.SZ|71.0|75.75|69.66|74.93|9232827.0|69642.31|72.07
002131.SZ|3.32|3.43|3.27|3.37|344102784.0|116978.83|3.35
600562.SH|20.34|20.47|20.14|20.3|5207747.0|10766.12|20.39
603067.SH|15.06|16.22|14.95|16.15|27198640.0|61463.64|15.85
002085.SZ|16.65|16.73|16.08|16.08|85324400.0|141251.52|16.97
601069.SH|16.8|16.8|16.29|16.57|28903008.0|48436.03|17.15
003021.SZ|126.68|128.31|122.58|122.87|6309814.0|78895.04|126.68
