600150.SH|37.88|39.23|37.2|38.5|158392800.0|606367.19|38.5
603256.SH|25.07|27.15|24.71|27.15|35291472.0|92499.73|24.68
002353.SZ|46.74|47.12|45.68|46.67|10675014.0|49465.8|46.99
002466.SZ|44.92|45.47|44.1|44.74|99433648.0|444258.75|45.88
000630.SZ|4.08|4.27|4.06|4.26|627257600.0|262576.16|4.04
002837.SZ|54.06|58.86|54.01|57.0|97723584.0|548039.81|54.75
002460.SZ|39.36|39.66|38.69|38.93|54579312.0|212873.17|39.45
600143.SH|14.61|15.57|14.61|15.22|308835232.0|468788.19|14.79
603179.SH|47.68|48.75|46.73|48.49|10859750.0|51867.45|47.9
002364.SZ|19.07|19.55|18.78|19.24|85677792.0|164133.67|18.99
000877.SZ|5.88|5.89|5.69|5.74|115436976.0|66422.23|5.91
