002281.SZ|69.5|70.65|69.06|70.24|52963768.0|370418.34|68.48
601231.SH|26.61|28.99|25.85|28.99|61468516.0|169312.2|26.35
601179.SH|9.1|9.43|9.07|9.32|210598320.0|194320.31|9.14
001203.SZ|29.03|29.3|27.86|28.66|44343416.0|126983.48|28.17
002240.SZ|33.63|35.14|32.95|34.28|109238440.0|370253.25|33.3
002491.SZ|7.47|7.65|6.87|6.95|356099936.0|258543.52|7.16
600733.SH|8.35|8.54|8.3|8.33|295119680.0|248662.06|8.21
601933.SH|5.65|5.8|5.48|5.76|1348352896.0|758392.0|5.76
600737.SH|17.3|17.72|17.11|17.18|30166794.0|52139.02|17.18
000969.SZ|20.61|20.73|20.1|20.2|71691840.0|145719.19|20.2
600186.SH|5.91|5.96|5.87|5.91|74659288.0|44036.12|5.96
605090.SH|38.4|38.78|37.23|37.94|23209612.0|87695.99|37.98
600550.SH|10.1|10.19|9.96|10.15|92591656.0|93384.41|10.12
603127.SH|35.01|36.22|34.46|35.4|22662272.0|80387.2|35.42
000825.SZ|5.09|5.47|5.05|5.19|342581216.0|181310.89|4.97
002545.SZ|17.33|17.63|16.89|17.0|16531065.0|28506.95|17.17
