601995.SH|35.03|36.02|34.93|35.63|45127648.0|161029.66|35.07
600105.SH|5.87|6.08|5.84|6.04|183920048.0|111868.41|5.88
002049.SZ|68.74|69.98|68.13|69.45|57610464.0|401520.13|68.18
000688.SZ|13.01|13.11|12.67|12.88|13667185.0|17716.46|12.9
603663.SH|17.52|18.97|17.45|18.41|48332796.0|124345.58|17.79
600206.SH|19.41|20.4|19.36|20.05|144251200.0|290955.22|19.34
002046.SZ|16.09|16.34|15.81|16.08|39183580.0|64492.24|15.84
601611.SH|8.78|8.88|8.66|8.79|45783776.0|40847.56|8.85
000981.SZ|2.2|2.28|2.2|2.24|485313600.0|108825.28|2.2
002152.SZ|13.89|14.39|13.84|14.23|126558576.0|186687.16|13.65
603876.SH|9.3|9.59|9.26|9.45|51622824.0|49728.38|9.31
603638.SH|19.87|20.66|19.85|20.39|11303633.0|23192.33|19.91
003021.SZ|161.63|168.1|157.43|159.53|17380884.0|283296.5|161.91
002402.SZ|21.09|21.94|20.94|21.53|92925536.0|203345.67|20.71
