002594.SZ|339.3|340.3|326.01|329.9|28036356.0|931588.5|330.13
002600.SZ|9.76|9.94|9.7|9.79|288599392.0|283299.59|9.8
001309.SZ|104.0|105.44|102.11|102.71|4999171.0|51506.4|104.9
601689.SH|68.73|70.8|68.16|69.69|35588872.0|247372.8|69.89
600580.SH|26.3|28.15|25.66|27.21|210456096.0|567931.13|27.11
002920.SZ|129.96|131.99|124.36|126.58|14641694.0|186295.03|130.0
600143.SH|10.26|10.5|10.08|10.13|114314752.0|116946.61|10.36
002126.SZ|22.28|22.62|21.85|22.28|29475276.0|65449.98|22.33
002195.SZ|4.99|5.09|4.81|4.88|624849024.0|307620.31|4.99
600206.SH|17.48|17.65|17.11|17.31|61797900.0|107382.7|17.48
603618.SH|6.4|6.55|6.13|6.31|62861468.0|39382.8|6.47
600588.SH|14.2|15.21|13.94|14.88|210348816.0|304749.09|14.62
002131.SZ|4.75|4.95|4.52|4.71|2100621312.0|999783.13|4.54
603486.SH|50.0|50.5|49.18|49.75|9966541.0|49658.34|49.47
600595.SH|3.58|3.74|3.52|3.69|143329136.0|52561.13|3.6
