000988.SZ|100.19|100.66|91.77|92.48|117961432.0|1119626.5|99.15
000977.SZ|73.6|75.15|72.33|74.42|105858312.0|786267.63|72.6
000021.SZ|26.75|27.87|26.73|27.87|71482872.0|197474.34|25.34
603083.SH|132.59|138.58|126.66|127.8|35509596.0|467161.09|132.26
002812.SZ|45.7|47.77|45.37|46.7|47334220.0|221224.98|45.75
000559.SZ|13.3|14.1|12.64|12.66|461028352.0|608556.06|12.98
603650.SH|42.33|45.08|42.03|44.19|30794112.0|134458.75|42.21
002294.SZ|60.36|60.8|58.91|60.35|6952545.0|41592.13|59.36
600060.SH|24.43|24.48|23.92|24.12|23698716.0|57265.65|24.48
600637.SH|10.14|10.35|10.0|10.31|138373312.0|141307.17|10.15
601615.SH|15.75|16.83|15.75|16.16|112458856.0|183649.41|16.19
603728.SH|82.78|86.4|81.2|84.64|23000098.0|192322.09|81.8
600126.SH|10.28|10.3|9.97|9.97|123429136.0|124239.58|10.05
002065.SZ|10.9|11.0|10.74|10.78|129828112.0|140593.7|10.86
002716.SZ|7.21|7.3|6.97|7.02|271602208.0|193180.41|7.09
