001309.SZ|262.43|275.83|262.43|269.6|18619580.0|499552.31|291.63
601888.SH|89.3|91.57|87.52|87.58|66716404.0|598344.25|89.82
002851.SZ|76.11|76.12|72.38|72.42|27217844.0|201544.03|78.33
603260.SH|60.57|62.08|59.55|59.61|32986998.0|199998.23|61.18
600096.SH|33.98|34.85|33.39|33.4|69389912.0|244290.84|34.67
600219.SH|4.91|4.93|4.8|4.8|351835744.0|184431.94|4.96
002407.SZ|37.33|39.69|36.31|38.09|259190416.0|987007.06|37.5
603663.SH|27.61|27.83|25.78|25.86|33371760.0|123431.78|27.64
001267.SZ|18.65|18.81|17.98|18.11|37789544.0|69306.88|19.01
603225.SH|17.91|19.3|17.75|17.77|25837560.0|48092.69|18.01
603061.SH|87.74|88.62|85.66|85.95|1082470.0|13651.96|88.01
600871.SH|2.61|2.71|2.57|2.59|404062240.0|105943.4|2.63
000830.SZ|16.03|16.58|15.8|16.11|48106780.0|78667.48|16.22
600516.SH|6.6|6.67|6.41|6.42|182551392.0|118888.82|6.63
