002384.SZ|55.5|58.5|53.79|54.31|98595600.0|549651.69|54.97
601869.SH|41.54|43.39|41.09|41.16|10849901.0|45707.87|41.69
002028.SZ|77.8|78.4|76.68|78.3|10365192.0|81176.2|77.0
002851.SZ|56.31|56.67|54.29|54.94|34642740.0|191241.17|56.68
603308.SH|28.0|28.25|27.02|27.14|19122668.0|52973.27|28.31
002240.SZ|14.39|14.98|14.2|14.72|69038808.0|100879.41|14.27
002131.SZ|3.82|3.82|3.69|3.72|684322304.0|257509.42|3.88
001389.SZ|66.8|70.57|65.95|66.26|17875992.0|122948.02|67.45
000158.SZ|23.91|23.98|23.27|23.34|113411376.0|267135.09|24.1
601609.SH|8.39|8.92|8.39|8.69|166703792.0|146584.03|8.22
603950.SH|24.92|25.27|24.45|24.49|5601855.0|13955.98|25.05
