603986.SH|128.9|137.76|128.44|134.79|41894464.0|559834.5|128.2
603256.SH|8.6|8.71|8.52|8.61|5693500.0|4902.62|8.63
002050.SZ|28.0|29.25|27.52|28.44|174176432.0|492948.94|28.2
600580.SH|19.16|20.38|19.14|19.3|161257584.0|315475.5|19.13
603629.SH|22.58|22.59|22.0|22.49|22546496.0|50331.59|23.01
000737.SZ|9.68|9.75|9.35|9.52|103069792.0|98335.82|9.9
002335.SZ|30.99|32.3|29.84|31.55|49220840.0|153366.61|30.7
002497.SZ|12.98|13.48|12.92|13.02|50659720.0|66471.95|12.82
600126.SH|4.78|4.78|4.56|4.62|57578824.0|26707.1|4.8
600316.SH|31.61|34.0|31.41|33.3|22760060.0|75361.58|31.6
