002484.SZ|23.29|25.0|22.56|24.0|71459928.0|168825.67|22.97
002436.SZ|14.05|14.3|13.81|13.96|152767840.0|214210.72|13.67
002049.SZ|71.65|72.2|70.66|70.7|36432468.0|259790.84|71.58
603688.SH|28.17|29.15|27.96|28.52|14968193.0|42829.57|28.14
002236.SZ|18.9|19.49|18.66|18.81|214677472.0|407874.06|18.65
002261.SZ|34.88|36.83|34.11|35.17|256447120.0|903964.69|34.53
603268.SH|41.39|41.75|40.41|40.79|2011100.0|8196.74|41.38
600641.SH|16.19|16.51|15.59|15.67|35356048.0|56326.0|16.18
002335.SZ|55.0|59.91|54.5|57.92|95143400.0|554284.94|54.46
600961.SH|9.72|10.4|9.7|9.86|98808424.0|98776.13|9.75
003021.SZ|156.21|158.29|154.5|156.16|7787369.0|121718.62|157.1
