002384.SZ|75.55|79.44|75.01|79.44|88735344.0|689480.56|72.22
002050.SZ|33.33|34.91|32.8|34.76|208240576.0|709943.75|33.5
605117.SH|70.8|74.5|69.89|74.49|36057328.0|261744.13|70.15
600118.SH|36.5|38.39|36.09|37.62|82126352.0|306632.28|37.41
002460.SZ|46.58|47.99|45.97|47.25|86016864.0|404560.88|47.05
002202.SZ|12.55|12.68|11.91|12.52|192863392.0|239234.66|12.16
603659.SH|26.08|26.91|25.71|26.57|77577552.0|204618.72|26.34
605376.SH|47.1|49.3|46.54|48.67|5471232.0|26317.6|47.3
002812.SZ|44.1|46.2|43.0|45.48|87198480.0|391547.91|43.56
002487.SZ|41.53|41.9|39.91|41.41|27517580.0|112687.38|40.59
002046.SZ|32.91|33.6|32.6|33.16|26447216.0|87270.46|33.37
000962.SZ|22.81|23.65|22.44|23.54|20747042.0|48198.13|22.8
603728.SH|68.5|72.54|68.41|72.26|28436424.0|203400.81|68.89
600516.SH|5.31|5.34|5.23|5.32|86860728.0|45877.2|5.34
603950.SH|34.37|34.95|33.5|34.04|9652900.0|32872.75|34.65
601975.SH|3.32|3.36|3.27|3.32|243562448.0|80447.09|3.36
002545.SZ|12.23|13.15|12.23|12.96|48774808.0|62307.85|12.2
