600105.SH|5.78|5.89|5.71|5.83|64475492.0|38055.9|5.89
002436.SZ|13.27|14.09|13.15|13.61|147003520.0|200985.13|13.33
002049.SZ|68.59|72.48|68.36|71.06|46231424.0|327922.72|70.05
000688.SZ|13.18|13.26|12.93|13.26|9237786.0|12208.8|13.29
002236.SZ|17.74|17.87|17.29|17.64|161279488.0|298629.16|17.9
002261.SZ|33.6|34.63|33.5|34.53|180556640.0|617503.69|34.0
603268.SH|41.93|42.0|40.39|41.38|2100000.0|8603.9|41.4
601611.SH|8.56|8.68|8.52|8.64|20253126.0|17720.72|8.64
002335.SZ|33.38|38.05|33.24|37.14|69595776.0|373949.09|34.55
603876.SH|9.45|10.06|9.4|9.7|54751328.0|54521.01|9.57
600961.SH|9.21|9.95|9.1|9.75|104331392.0|99251.86|9.21
003021.SZ|156.33|161.62|149.33|156.43|13908498.0|215864.7|160.5
