600105.SH|7.12|7.29|7.05|7.15|141254448.0|102743.58|6.98
002436.SZ|12.74|12.81|12.55|12.69|52303424.0|66471.27|12.63
603083.SH|40.45|42.13|39.68|41.06|52382564.0|216152.31|38.44
600392.SH|11.6|11.83|11.29|11.62|73080048.0|88149.54|11.42
603629.SH|17.21|17.64|17.07|17.52|15401456.0|38153.96|17.0
002195.SZ|5.87|5.98|5.81|5.97|468969376.0|278039.97|5.82
002491.SZ|5.11|5.14|5.02|5.11|38606140.0|19579.23|5.11
000062.SZ|27.6|28.67|27.5|28.3|60403776.0|172797.69|28.15
002131.SZ|3.76|3.87|3.71|3.82|459865184.0|177225.34|3.74
002364.SZ|15.16|16.44|14.93|16.44|62846360.0|100331.88|14.93
600396.SH|3.6|3.71|3.44|3.49|224683776.0|79312.27|3.76
