603986.SH|161.93|169.0|159.15|163.83|52371476.0|860267.19|159.56
000988.SZ|66.88|67.94|64.78|66.79|74977936.0|496373.09|67.54
600673.SH|25.18|25.64|23.0|23.96|135557744.0|327887.28|25.0
601689.SH|65.98|69.73|65.9|68.19|86732400.0|592443.38|63.39
002156.SZ|31.85|33.65|31.34|32.97|167266064.0|540522.06|32.21
601958.SH|16.25|16.25|15.72|15.83|35448700.0|56368.08|15.95
002436.SZ|19.2|19.87|18.52|18.87|116753808.0|223189.56|19.01
002155.SZ|22.0|22.42|21.41|22.08|89709704.0|196700.16|21.53
600711.SH|8.94|8.94|8.73|8.89|118868408.0|104954.99|8.8
600259.SH|63.9|63.9|61.63|62.8|11765164.0|73577.3|63.23
603179.SH|62.95|67.78|62.95|66.82|34906600.0|229518.36|62.98
002131.SZ|5.45|5.62|5.37|5.43|929836480.0|511497.0|5.37
600737.SH|17.25|17.35|16.83|17.2|45671324.0|77933.01|17.05
601717.SH|21.59|22.01|21.25|21.85|38838532.0|84359.16|21.49
601020.SH|26.0|26.36|24.91|25.56|46656176.0|118672.72|25.38
