600105.SH|7.37|7.43|6.97|6.98|197490944.0|141839.38|7.29
002436.SZ|12.77|12.87|12.54|12.63|58510032.0|74502.68|12.85
600392.SH|11.55|11.7|11.36|11.42|50238120.0|59832.04|11.65
600578.SH|4.0|4.14|3.97|4.08|113801440.0|49559.57|4.0
603629.SH|17.41|17.42|16.9|17.0|10964756.0|26750.48|17.43
002195.SZ|5.79|5.92|5.71|5.82|493812480.0|287138.5|5.84
002491.SZ|5.18|5.21|5.08|5.11|46584868.0|23906.4|5.14
000062.SZ|26.9|28.88|26.4|28.15|92086192.0|260308.66|27.22
002131.SZ|3.84|3.84|3.71|3.74|489977024.0|187108.95|3.88
002364.SZ|15.5|15.52|14.82|14.93|30203660.0|46023.08|15.57
