600183.SH|43.74|48.44|43.74|47.61|55736284.0|262025.11|44.45
600111.SH|44.58|48.43|44.57|47.95|393736928.0|1859415.0|44.6
600673.SH|18.36|19.08|18.3|18.98|63257024.0|118704.26|18.36
600660.SH|64.0|64.6|62.88|63.17|30890392.0|196005.48|64.7
000977.SZ|65.6|68.97|64.64|68.2|178000000.0|1197448.25|65.46
000617.SZ|10.75|11.96|10.53|11.96|727706496.0|810913.25|10.87
600703.SH|14.31|14.96|14.24|14.69|276503168.0|403598.38|14.42
002636.SZ|13.14|13.65|13.1|13.4|44656432.0|59900.41|13.16
605376.SH|49.5|52.76|49.5|50.55|18562328.0|93779.42|48.05
002203.SZ|12.63|12.72|12.4|12.49|41158660.0|51553.76|12.62
603688.SH|42.02|43.49|41.96|42.82|39570300.0|169221.66|42.55
002126.SZ|37.0|38.02|36.71|37.44|29085824.0|108802.81|37.18
003022.SZ|20.33|20.88|20.18|20.49|27200980.0|55833.6|20.47
002491.SZ|5.49|5.58|5.47|5.54|33139768.0|18318.63|5.51
000062.SZ|31.89|33.1|31.02|32.25|110513696.0|353001.09|31.15
600839.SH|11.6|12.0|11.52|11.93|468821024.0|554820.94|11.58
002518.SZ|33.65|36.4|33.0|35.49|53284236.0|184180.73|35.0
000887.SZ|21.67|22.5|21.66|22.15|75409856.0|165849.08|21.76
603115.SH|17.99|18.35|17.65|17.67|7781300.0|13861.93|17.87
601162.SH|5.54|5.75|5.53|5.71|842324416.0|477085.66|5.61
603444.SH|434.03|441.7|431.6|440.24|2374887.0|103859.52|442.91
600329.SH|46.18|47.2|45.39|46.54|10183078.0|47281.86|46.22
603950.SH|27.95|28.49|27.7|28.14|10296855.0|28911.52|27.95
