002475.SZ|52.14|54.23|52.07|52.74|249499808.0|1323738.38|52.71
603986.SH|193.51|194.5|186.62|190.94|49548308.0|946985.56|190.21
002384.SZ|76.99|80.35|75.3|77.65|81070816.0|629720.69|76.35
002938.SZ|55.81|56.03|53.96|54.3|26727484.0|146296.34|55.75
000988.SZ|78.53|83.98|76.9|81.26|108957048.0|887480.31|77.09
002050.SZ|34.8|36.88|34.45|35.66|229050992.0|821331.81|34.5
605117.SH|73.72|77.0|72.89|73.02|32950224.0|247224.75|72.92
603019.SH|101.0|104.58|99.57|102.46|116104088.0|1186772.0|97.97
600118.SH|37.43|37.59|36.5|36.57|65312952.0|240407.91|38.17
002460.SZ|47.0|50.14|47.0|48.66|105306808.0|515912.19|46.57
002436.SZ|22.32|22.85|21.88|22.17|143625120.0|320012.69|22.47
002202.SZ|12.37|12.5|12.19|12.31|99964192.0|123373.49|12.36
002636.SZ|13.43|13.48|13.09|13.4|37101176.0|49451.62|13.67
603659.SH|26.5|27.42|26.31|26.41|78325120.0|210595.98|26.27
605376.SH|48.6|50.47|48.38|49.95|9213700.0|45882.34|48.58
002812.SZ|43.05|44.73|43.03|43.56|53844080.0|236988.91|43.21
603308.SH|31.6|32.04|30.65|30.67|15320754.0|47492.04|31.42
002558.SZ|41.04|45.59|40.8|44.58|58980172.0|260885.33|42.0
003022.SZ|22.0|22.48|21.8|21.87|28091700.0|62162.86|22.0
002487.SZ|39.7|40.88|39.62|39.8|16918274.0|67686.97|40.19
002046.SZ|33.01|33.9|32.31|32.65|27049468.0|89184.58|33.49
000962.SZ|24.6|24.6|23.77|24.35|22176408.0|53588.6|24.7
002131.SZ|5.97|6.11|5.9|5.99|862300416.0|516271.78|5.96
002364.SZ|28.76|31.63|28.44|30.86|84543936.0|253873.92|28.75
603728.SH|71.2|75.38|71.2|73.69|22212474.0|164334.72|71.9
600516.SH|5.34|5.36|5.26|5.27|59957556.0|31720.65|5.33
002130.SZ|26.61|27.26|26.4|26.7|121247944.0|324522.91|27.05
603950.SH|34.64|34.64|33.0|33.72|8043340.0|26895.2|34.61
601975.SH|3.32|3.41|3.29|3.33|256403824.0|85724.8|3.28
002545.SZ|13.8|13.98|13.25|13.49|39812592.0|53712.31|13.93
003021.SZ|135.95|140.93|133.1|137.19|14899813.0|205415.89|135.96
