000988.SZ|87.5|88.34|84.79|85.24|66952376.0|577875.13|88.41
002600.SZ|17.1|18.22|15.88|16.04|638219648.0|1080067.5|17.18
000977.SZ|74.68|74.93|69.04|69.66|140294848.0|1001208.5|75.96
000426.SZ|35.74|39.38|35.6|36.3|110508536.0|404032.75|36.18
000021.SZ|29.89|32.94|28.21|31.72|385886080.0|1176997.38|30.66
000960.SZ|24.6|25.81|24.38|25.27|79141664.0|199337.41|25.13
603083.SH|115.59|117.74|109.03|109.1|36304300.0|410247.16|115.02
002812.SZ|48.0|48.25|44.55|44.79|45213252.0|206828.56|48.88
601618.SH|4.01|4.3|3.97|4.05|616096640.0|253940.53|4.14
603650.SH|42.9|44.89|42.81|44.32|22978824.0|100871.65|43.65
002294.SZ|57.86|59.69|55.94|56.3|9706873.0|55931.08|57.96
600060.SH|24.4|24.79|24.06|24.59|19355910.0|47381.61|24.57
600637.SH|10.09|10.16|9.85|9.91|113377800.0|112773.91|10.08
000629.SZ|3.12|3.16|3.09|3.11|167367968.0|52257.06|3.13
601615.SH|16.97|17.96|16.6|16.82|103376864.0|178098.58|17.28
603728.SH|82.28|84.38|77.8|78.52|19775344.0|160422.83|82.28
600126.SH|9.7|9.7|9.46|9.48|103597720.0|99086.57|9.76
