002080.SZ|13.86|14.03|13.77|13.86|26793492.0|39010.09|14.15
601995.SH|34.14|34.62|34.04|34.17|27248944.0|93795.74|34.39
003022.SZ|15.24|15.41|15.12|15.34|9278396.0|14300.08|15.37
603663.SH|17.55|18.49|17.55|17.55|61577184.0|154227.64|19.52
600206.SH|19.3|21.68|18.62|20.03|196170448.0|381953.5|20.71
600246.SH|6.32|6.72|6.32|6.69|79333944.0|52205.04|6.44
002046.SZ|14.99|15.75|14.92|15.46|24601740.0|39042.43|15.16
000981.SZ|2.21|2.23|2.17|2.22|382975008.0|84079.8|2.24
603115.SH|13.39|13.4|13.11|13.25|3643600.0|5242.28|13.44
002498.SZ|3.35|3.44|3.33|3.4|35900272.0|12444.88|3.36
002152.SZ|13.51|13.83|13.38|13.59|64119052.0|90981.84|13.53
000158.SZ|24.57|25.15|24.5|24.77|95857944.0|237547.22|25.08
603638.SH|19.14|19.85|19.07|19.45|7588864.0|15021.61|19.35
003021.SZ|135.32|147.23|135.26|147.13|16213078.0|235171.28|133.78
002402.SZ|19.95|20.76|19.95|20.48|65234500.0|135337.09|20.26
