603256.SH|8.14|8.68|8.14|8.64|11665300.0|9995.17|8.17
002050.SZ|25.65|27.95|25.1|27.95|181407232.0|494869.88|25.35
001309.SZ|61.13|65.81|59.94|65.3|7567108.0|68299.66|60.48
600673.SH|12.65|12.78|12.24|12.61|96651920.0|121102.13|12.56
600105.SH|4.66|5.01|4.61|4.95|74552840.0|36911.69|4.62
002484.SZ|22.48|23.21|22.01|23.0|75624424.0|175091.92|22.95
002851.SZ|67.36|69.82|64.95|69.67|45710496.0|309537.06|66.9
603308.SH|15.66|17.12|15.5|17.12|21954672.0|36762.14|15.54
603699.SH|20.45|21.61|20.2|21.3|8215400.0|19590.25|20.3
600259.SH|30.66|31.11|30.2|31.07|15017257.0|46418.34|30.65
000962.SZ|14.46|15.25|14.21|15.18|46734380.0|69995.23|14.55
000981.SZ|2.22|2.4|2.15|2.36|843992128.0|194712.03|2.25
603516.SH|50.43|54.15|49.77|53.92|11061560.0|58425.09|50.13
000951.SZ|17.79|18.55|17.67|18.46|35644504.0|69109.54|17.79
600126.SH|4.7|4.95|4.66|4.88|66607424.0|32132.04|4.67
600316.SH|32.17|32.69|31.76|32.47|16644913.0|53687.98|31.93
