002938.SZ|37.05|39.78|36.61|39.3|79297848.0|307091.75|37.41
601208.SH|10.88|11.97|10.69|11.97|145854032.0|170084.08|10.88
600601.SH|5.55|5.95|5.53|5.78|366516576.0|211373.8|5.58
003031.SZ|51.48|52.17|51.0|51.85|4816710.0|24959.33|51.35
600726.SH|2.8|2.83|2.68|2.73|204892544.0|56116.8|2.79
600438.SH|18.35|20.02|18.18|20.02|145148672.0|280218.59|18.2
001267.SZ|10.9|11.36|10.73|11.19|28945060.0|32198.77|10.78
600562.SH|29.95|30.78|29.9|30.43|12173709.0|36950.15|30.08
002517.SZ|18.98|20.27|18.88|20.08|94162312.0|186441.39|18.96
600396.SH|3.85|4.05|3.68|3.78|245107632.0|94417.52|3.85
603444.SH|321.68|338.58|318.88|333.14|2092720.0|69594.35|322.77
603127.SH|22.6|25.15|22.54|24.75|59970068.0|146334.67|22.86
600521.SH|22.1|22.69|21.75|22.2|42899520.0|95213.63|22.12
