603986.SH|150.0|163.99|145.8|159.56|69948768.0|1070013.75|153.98
002384.SZ|57.98|64.0|56.48|64.0|89848056.0|543947.75|58.18
603256.SH|35.48|36.73|34.6|36.45|20896248.0|74929.22|34.92
000988.SZ|64.41|67.67|62.5|67.54|112267600.0|732197.19|64.8
600673.SH|22.5|25.55|22.2|25.0|163092432.0|384142.78|23.52
601689.SH|61.0|63.94|60.8|63.39|52114996.0|327553.59|61.78
002156.SZ|31.32|32.5|30.26|32.21|171511504.0|538601.63|31.82
601958.SH|15.44|15.97|15.42|15.95|48090008.0|75815.23|15.45
002436.SZ|18.3|19.13|18.02|19.01|114500184.0|213534.84|18.2
002636.SZ|12.09|12.56|11.95|12.53|22851976.0|28091.63|12.07
002155.SZ|20.77|21.69|20.77|21.53|71597696.0|151790.0|20.75
600711.SH|8.59|8.86|8.43|8.8|126966976.0|110867.87|8.55
600259.SH|61.45|63.48|61.2|63.23|12516828.0|78264.76|61.51
603179.SH|58.4|64.88|56.88|62.98|39381596.0|242430.91|58.98
603290.SH|100.41|104.9|99.38|104.31|8139448.0|83292.45|100.41
002131.SZ|5.25|5.49|5.07|5.37|940892416.0|496681.31|5.31
600737.SH|16.75|17.22|16.29|17.05|66455072.0|111491.81|16.75
601717.SH|20.86|21.51|20.82|21.49|35613132.0|75820.73|20.87
002423.SZ|13.09|13.38|12.91|13.38|55903852.0|74086.01|13.03
601020.SH|24.66|25.77|24.42|25.38|50045444.0|125641.09|24.65
