603993.SH|15.73|15.85|15.0|15.04|293969376.0|448887.5|15.7
600111.SH|53.16|54.9|52.63|53.0|174906864.0|938089.25|53.15
002460.SZ|65.0|66.3|60.75|60.96|100031872.0|626526.19|64.96
600010.SH|2.73|2.89|2.7|2.71|2230219264.0|621259.81|2.73
601168.SH|23.0|23.16|22.1|22.18|39704632.0|89478.63|22.87
000831.SZ|57.4|58.84|56.11|56.2|56450008.0|323989.5|57.13
601126.SH|26.47|28.48|26.1|27.14|116070368.0|316149.31|27.37
600667.SH|8.27|8.33|7.84|7.86|115997336.0|93064.34|8.37
002407.SZ|20.02|21.4|20.02|20.27|128505312.0|264924.28|20.44
600206.SH|22.99|23.66|22.14|22.3|65859264.0|151253.27|22.78
000962.SZ|27.57|28.18|26.3|26.45|19307540.0|51850.98|27.77
603061.SH|139.5|146.0|137.52|138.35|2369400.0|33225.27|139.5
002364.SZ|30.91|31.25|27.74|27.74|69364304.0|197466.97|30.82
002430.SZ|25.69|25.87|24.19|24.26|14921932.0|37025.5|25.66
600801.SH|20.33|20.82|20.1|20.23|21192156.0|43341.23|20.52
600536.SH|51.5|52.74|50.35|52.01|45279744.0|233447.39|51.9
601069.SH|33.6|34.66|32.8|33.26|51678464.0|173850.3|32.09
