002484.SZ|23.95|25.9|23.62|25.0|62097016.0|154198.25|24.24
002851.SZ|68.35|70.27|67.07|69.0|45338784.0|312300.28|68.5
002056.SZ|15.45|15.88|15.4|15.51|101710512.0|158980.28|15.45
603688.SH|29.5|29.6|28.86|29.44|12253052.0|35864.72|29.8
002195.SZ|6.28|6.45|6.2|6.33|823601344.0|522150.03|6.31
002236.SZ|19.49|19.79|18.93|19.02|209832064.0|403682.13|19.22
603268.SH|38.51|39.46|38.3|38.8|1927700.0|7500.76|38.88
600641.SH|15.4|16.06|15.18|15.52|27457100.0|42552.4|15.16
002335.SZ|57.0|58.97|53.36|58.02|63437352.0|357163.88|58.72
603881.SH|40.75|43.0|39.71|41.7|96115880.0|398886.28|41.73
600961.SH|10.09|10.22|9.58|9.67|66961616.0|65373.29|9.74
