002938.SZ|35.89|39.08|35.89|36.41|93978560.0|358961.31|35.89
002185.SZ|9.84|9.93|9.79|9.82|52500440.0|51718.63|9.87
600601.SH|5.5|5.79|5.49|5.58|246307808.0|138295.97|5.6
003031.SZ|51.29|51.53|50.47|50.91|3747230.0|19223.07|51.35
600726.SH|2.59|2.79|2.57|2.79|198711280.0|53397.73|2.54
600438.SH|18.05|18.56|17.9|18.2|69362256.0|126494.44|18.36
001267.SZ|10.7|10.89|10.62|10.72|24115266.0|26046.95|10.8
000062.SZ|25.5|26.06|25.3|25.89|20654904.0|54353.19|25.57
000737.SZ|11.07|11.33|10.96|11.16|120444688.0|135632.78|11.34
600562.SH|29.9|30.0|29.46|29.83|10187949.0|30578.73|29.98
002517.SZ|19.19|19.69|18.81|18.86|52897248.0|101379.43|19.38
600396.SH|3.7|3.85|3.68|3.85|199744032.0|76108.63|3.5
603444.SH|313.4|318.98|300.52|303.17|1821186.0|59354.05|314.13
603127.SH|22.0|22.71|21.43|22.71|31218826.0|69123.8|22.21
600961.SH|11.58|11.77|11.33|11.49|68944216.0|79520.48|11.09
600521.SH|22.53|22.95|21.4|21.77|54146348.0|120761.96|22.64
002402.SZ|22.13|22.24|21.64|21.7|51213900.0|112559.92|22.25
