002475.SZ|52.63|52.99|51.5|52.01|194955232.0|1019239.0|52.39
603986.SH|188.99|192.58|182.97|186.6|33924536.0|635860.56|189.16
002938.SZ|53.96|54.49|51.84|53.59|36069060.0|191585.33|53.99
000988.SZ|82.48|86.92|82.1|85.57|89780224.0|763603.38|81.34
603019.SH|108.14|109.75|105.25|108.49|118721112.0|1277657.38|111.48
001309.SZ|125.5|132.98|123.79|131.49|26817396.0|343238.41|125.5
002436.SZ|22.47|22.86|21.85|22.38|131129496.0|293221.5|22.28
002636.SZ|13.54|13.55|13.17|13.32|20394436.0|27160.21|13.47
002429.SZ|6.48|6.72|6.42|6.48|159956384.0|104542.78|6.56
603308.SH|31.37|32.44|31.06|32.4|27731724.0|87886.0|31.01
002558.SZ|43.5|45.8|43.43|45.38|45966336.0|207621.05|43.43
003022.SZ|22.3|22.58|22.1|22.19|19102610.0|42610.09|22.59
002131.SZ|6.21|6.41|6.16|6.31|1129661824.0|710554.19|6.39
002364.SZ|30.55|31.97|30.01|31.19|69546032.0|215674.44|30.55
000737.SZ|13.68|15.25|13.55|15.25|280170304.0|406744.53|13.86
002130.SZ|27.3|28.88|27.06|28.09|156889168.0|440267.41|27.3
002290.SZ|40.0|40.6|38.78|39.21|11002591.0|43615.9|39.46
002624.SZ|18.72|19.55|18.52|19.28|88784208.0|168863.06|18.81
603950.SH|37.4|38.43|36.04|37.31|15969100.0|59297.12|37.09
002716.SZ|6.55|6.59|6.36|6.47|182962592.0|118196.27|6.63
002545.SZ|14.81|14.81|13.44|13.98|70598992.0|97425.44|14.84
003021.SZ|143.88|156.72|143.06|149.5|18470168.0|278140.13|142.47
