600183.SH|99.51|102.37|97.97|100.56|52046428.0|518205.81|100.78
001309.SZ|705.0|717.45|685.0|695.96|12846523.0|897339.31|699.16
002851.SZ|124.8|125.23|121.01|122.6|22813984.0|279118.75|126.5
601126.SH|81.6|88.88|79.16|86.48|35059108.0|293169.0|81.58
003031.SZ|171.99|173.99|161.56|164.84|13770216.0|228174.39|172.42
605589.SH|45.17|48.5|44.8|47.87|53360960.0|249138.56|46.01
603156.SH|50.3|53.0|48.57|49.05|41407188.0|208644.08|48.36
002409.SZ|116.13|122.98|116.0|120.56|38303968.0|463865.34|115.96
600667.SH|13.05|13.92|12.85|13.69|324734560.0|438902.78|13.1
002407.SZ|36.5|40.69|36.4|40.69|206493408.0|801408.44|37.18
000811.SZ|36.5|38.2|35.3|36.98|56472488.0|207149.31|38.06
000962.SZ|54.93|56.18|53.3|55.04|22098880.0|121594.81|55.5
600500.SH|6.13|6.46|6.03|6.15|140545632.0|86955.4|6.13
603290.SH|122.81|129.52|122.81|127.03|13847874.0|175785.59|123.83
002364.SZ|52.91|53.86|50.0|51.53|49190488.0|253382.25|52.87
002518.SZ|64.47|65.58|62.9|64.39|20800640.0|133268.61|64.47
