002353.SZ|170.0|170.0|151.2|151.2|19755424.0|309349.59|168.0
002185.SZ|26.1|26.1|25.1|25.31|494881696.0|1276427.38|23.73
603296.SH|81.66|86.03|80.56|82.8|49274252.0|411582.41|82.14
000066.SZ|19.58|20.4|19.15|19.45|332777600.0|658177.13|19.88
600580.SH|33.0|34.58|32.72|33.65|56477664.0|190915.86|33.2
603268.SH|157.87|168.57|155.87|159.68|13149700.0|213767.09|157.0
002294.SZ|34.56|38.51|34.0|37.13|56314288.0|205903.77|35.21
002472.SZ|42.53|45.34|42.12|43.55|66003280.0|289443.63|42.52
603087.SH|62.29|67.26|61.72|66.47|19130212.0|125770.38|62.74
000951.SZ|21.37|21.73|21.01|21.31|7117283.0|15240.11|21.38
002536.SZ|54.09|57.27|52.1|52.84|55325084.0|301527.28|52.69
002152.SZ|10.47|10.69|10.27|10.27|73541480.0|77265.18|10.6
603881.SH|24.04|26.33|23.95|25.32|59125064.0|150306.47|24.42
603638.SH|22.69|23.82|22.34|22.73|27172152.0|62625.63|22.55
003021.SZ|87.4|90.7|86.68|86.73|4934535.0|43647.0|86.9
603337.SH|37.05|38.7|37.0|37.2|4816700.0|18240.18|37.05
