002353.SZ|161.86|168.48|158.58|168.0|16900528.0|278125.91|157.99
600673.SH|36.0|38.5|35.5|38.34|95560184.0|359293.25|36.0
601991.SH|6.82|7.07|6.42|6.57|616396224.0|411775.28|6.95
002185.SZ|21.75|23.73|21.41|23.73|462101280.0|1050767.75|21.57
000066.SZ|19.0|20.0|18.18|19.88|362974688.0|703016.56|19.31
600580.SH|32.48|33.45|31.8|33.2|54621764.0|178262.03|33.03
600845.SH|19.25|20.36|18.66|20.19|47021128.0|92996.2|19.4
603268.SH|164.9|168.75|151.51|157.0|15221608.0|240028.64|167.77
002294.SZ|35.97|37.73|34.0|35.21|56183860.0|199738.61|36.0
002472.SZ|42.72|42.74|40.83|42.52|48294764.0|201929.05|42.34
603087.SH|62.2|64.0|61.03|62.74|11495731.0|71752.7|62.85
601933.SH|3.0|3.07|2.95|3.06|139036624.0|42265.72|3.01
000876.SZ|7.0|7.17|6.88|7.06|50437036.0|35476.58|7.07
601162.SH|3.75|3.85|3.7|3.8|440278464.0|166527.2|3.64
600208.SH|2.82|3.01|2.79|3.0|141134240.0|40581.3|2.83
000951.SZ|21.69|21.82|21.15|21.38|7978906.0|17035.21|21.76
002536.SZ|51.51|52.98|49.66|52.69|40109948.0|206070.73|49.8
603638.SH|22.74|23.52|21.47|22.55|35130060.0|78740.21|23.85
003021.SZ|85.41|87.03|82.82|86.9|4222136.0|35891.16|85.06
603337.SH|38.11|38.11|35.8|37.05|6099111.0|22268.21|37.52
