600487.SH|38.07|39.15|35.63|38.69|205927056.0|771793.88|36.7
601869.SH|181.3|192.25|171.23|192.25|19469552.0|358999.25|174.77
601898.SH|13.9|14.26|13.83|14.06|50691360.0|71253.24|14.18
600188.SH|15.43|15.98|15.41|15.89|98974992.0|156269.92|15.57
600115.SH|6.3|6.46|6.22|6.39|174884768.0|111326.99|6.3
603806.SH|18.92|19.91|18.75|19.5|87237840.0|169700.17|18.48
002129.SZ|11.0|11.68|10.86|11.68|432467328.0|494386.06|10.62
600330.SH|16.55|17.05|15.75|17.05|140083824.0|230502.94|15.5
000811.SZ|17.2|17.72|16.94|17.6|37496048.0|65608.77|17.05
002945.SZ|20.2|20.8|19.9|20.4|51648436.0|105215.8|20.21
000547.SZ|30.84|31.28|29.8|30.34|279638432.0|853441.81|30.35
000738.SZ|27.3|27.82|26.39|27.0|64360000.0|173621.06|26.6
600550.SH|15.85|15.98|15.5|15.72|113625048.0|178039.45|15.61
