603019.SH|107.59|109.6|100.98|102.45|142474592.0|1498547.25|107.23
002600.SZ|17.34|18.54|17.34|17.8|416136256.0|743652.38|17.34
001309.SZ|945.0|976.0|880.0|893.22|16354286.0|1523092.63|942.9
000100.SZ|5.98|6.26|5.86|6.12|2605923840.0|1578083.75|5.82
001289.SZ|15.52|16.09|15.36|15.8|12289098.0|19338.68|15.63
605499.SH|123.43|130.67|122.22|128.53|10216026.0|130156.23|123.43
000021.SZ|63.53|66.2|59.59|62.26|310196448.0|1958584.75|64.27
002409.SZ|220.0|246.44|218.0|236.09|44967264.0|1063028.5|224.5
002558.SZ|27.4|28.61|26.28|28.11|118656328.0|325325.16|27.56
600707.SH|16.73|17.75|16.01|17.66|411970720.0|708380.38|16.89
002240.SZ|44.85|46.43|43.16|45.65|62817944.0|282521.41|44.83
002129.SZ|11.87|12.44|11.54|11.9|485925440.0|582633.63|12.02
600330.SH|30.63|31.07|29.21|29.94|115226384.0|346946.22|30.84
600563.SH|192.2|195.2|177.99|182.55|14111558.0|262013.8|190.8
000967.SZ|10.47|10.55|9.86|10.13|170055680.0|174606.48|10.4
002046.SZ|73.65|74.0|70.0|70.45|18014408.0|129136.26|73.65
601611.SH|11.05|11.59|10.82|11.23|75215680.0|84020.45|11.1
600500.SH|7.68|8.6|7.68|7.96|244224992.0|196947.27|7.83
002364.SZ|53.99|54.98|49.76|51.84|48337324.0|250009.66|53.8
002518.SZ|53.8|54.18|51.15|51.47|24148816.0|127217.19|53.59
000032.SZ|25.19|25.6|23.82|24.0|64562732.0|159381.98|24.95
001270.SZ|155.96|163.01|152.0|159.0|14567536.0|230276.5|155.99
002552.SZ|59.0|63.7|58.89|60.2|12286100.0|74905.84|61.0
002653.SZ|64.16|72.97|61.01|72.96|22508256.0|149629.86|66.34
603063.SH|53.0|53.35|47.7|48.43|47288608.0|234161.36|52.89
000959.SZ|3.5|3.68|3.42|3.58|74209816.0|26732.97|3.47
002497.SZ|20.39|21.45|19.7|21.0|57902552.0|119071.14|20.37
601016.SH|3.85|3.96|3.78|3.92|304551008.0|117769.46|3.88
000034.SZ|27.69|28.26|26.61|27.58|55321780.0|151544.44|27.75
002192.SZ|89.18|95.51|85.58|93.94|35851760.0|327431.66|89.18
603283.SH|86.0|88.88|79.56|80.96|53367692.0|447483.34|80.98
600596.SH|15.7|16.44|14.39|15.23|140743168.0|215771.27|15.96
