002463.SZ|99.92|104.0|99.38|103.27|72996368.0|743305.19|99.82
002281.SZ|121.5|125.6|120.5|123.97|79341744.0|979145.75|121.79
600522.SH|32.54|34.84|32.5|34.82|300397248.0|1022564.06|32.44
000657.SZ|57.74|59.66|56.71|58.13|95316496.0|555728.0|57.81
600549.SH|63.7|66.77|63.08|66.3|71926816.0|470757.53|63.99
601698.SH|37.0|38.35|36.99|37.71|103506296.0|388133.41|38.17
600118.SH|93.91|98.0|91.96|97.58|102945208.0|981357.25|100.2
600703.SH|13.59|14.94|13.59|14.94|213856000.0|311993.0|13.58
003031.SZ|123.12|127.23|121.5|125.4|13484843.0|168020.17|122.5
002595.SZ|87.66|92.47|87.4|91.83|5730151.0|51497.27|88.2
002203.SZ|17.86|18.67|17.7|18.25|69434088.0|126464.68|17.71
002859.SZ|46.8|47.71|46.15|47.26|8735746.0|41034.71|46.69
000967.SZ|13.21|13.87|12.3|13.65|313016096.0|411108.94|13.45
603268.SH|140.97|144.46|138.0|141.27|12818843.0|181323.97|141.5
600641.SH|24.63|27.06|24.52|27.06|47871584.0|123459.95|24.6
001389.SZ|158.28|163.06|156.48|158.52|10506962.0|166878.56|158.3
001896.SZ|16.88|17.9|16.4|17.5|200697664.0|347801.28|17.1
002149.SZ|59.01|65.54|59.01|64.1|96577008.0|607536.31|61.33
600208.SH|3.87|4.29|3.85|4.15|381471648.0|159453.34|3.9
002498.SZ|8.87|9.12|8.79|8.96|156209712.0|139733.48|9.03
603063.SH|41.2|41.98|40.0|41.77|36887448.0|151669.75|41.25
002157.SZ|3.3|3.47|3.3|3.34|350464416.0|118818.6|3.33
