600989.SH|27.58|29.88|27.58|28.95|246528000.0|708356.31|30.64
605117.SH|120.5|122.0|116.5|119.89|16194788.0|193179.36|124.5
001309.SZ|288.0|299.59|281.0|294.81|17665160.0|512814.44|280.0
601727.SH|9.52|9.66|9.36|9.42|453858528.0|430038.28|9.43
601868.SH|2.98|3.23|2.87|3.14|3231616000.0|998940.25|2.94
002648.SZ|25.63|26.92|25.56|25.97|148362000.0|387597.66|27.7
600236.SH|10.32|10.5|10.14|10.29|43072368.0|44186.36|10.43
002195.SZ|10.72|10.75|10.38|10.52|460576928.0|485097.13|10.65
002491.SZ|11.15|12.09|11.0|11.9|229536768.0|265589.06|10.99
001267.SZ|43.8|45.68|43.02|45.68|45178296.0|201982.02|41.53
002432.SZ|50.5|53.7|50.31|53.2|41049832.0|215285.73|50.31
001896.SZ|15.96|16.28|15.31|15.81|170709776.0|267536.56|15.95
603115.SH|29.66|32.0|29.12|32.0|8965600.0|27715.21|29.09
603067.SH|45.9|46.31|43.86|43.88|27815848.0|125250.89|44.1
002536.SZ|35.62|38.09|35.5|38.09|37552960.0|140535.16|34.63
600396.SH|3.68|3.9|3.58|3.88|179264720.0|67424.2|3.63
601069.SH|38.27|38.66|37.47|37.64|21756440.0|82600.25|38.27
603530.SH|69.75|72.99|66.01|69.43|16059774.0|112180.77|68.54
002545.SZ|26.8|27.4|26.09|26.34|24603524.0|65246.1|27.47
603337.SH|46.24|46.5|45.4|45.98|2893600.0|13280.41|45.86
