600989.SH|31.07|31.07|29.65|30.22|316806464.0|987371.0|28.21
605117.SH|81.56|89.07|80.7|87.64|24289784.0|296407.34|81.53
001309.SZ|267.42|279.6|262.9|279.6|18476932.0|502622.5|270.72
601727.SH|9.22|9.51|9.16|9.42|469027520.0|440934.97|9.35
601958.SH|23.8|23.92|22.48|23.59|60347124.0|142394.13|24.18
600236.SH|10.37|10.9|10.07|10.19|48208024.0|51286.91|10.71
002195.SZ|10.52|10.73|10.46|10.65|488647968.0|517594.25|10.76
002491.SZ|10.92|11.11|10.33|10.99|151302400.0|161913.97|11.46
001267.SZ|37.41|42.08|35.94|41.47|78775536.0|307963.97|39.13
002261.SZ|39.49|42.96|37.91|42.96|340835680.0|1379803.75|39.05
002432.SZ|47.73|49.22|45.87|48.66|38320616.0|188551.94|47.39
002046.SZ|49.99|50.76|48.03|50.25|21033748.0|104295.2|51.86
002015.SZ|17.08|17.08|16.28|17.08|114771200.0|196153.53|15.52
603115.SH|27.41|28.99|26.22|28.49|11307500.0|31632.96|28.35
603067.SH|44.34|45.36|41.89|43.94|41852500.0|181092.88|46.56
002536.SZ|33.69|34.71|32.52|34.33|56932796.0|192345.53|36.17
002756.SZ|66.9|69.1|63.81|68.8|18526320.0|124534.08|68.48
601069.SH|35.84|38.84|35.57|38.11|32580996.0|121528.2|36.85
003035.SZ|8.7|9.56|8.53|9.56|236380704.0|216379.59|8.69
603530.SH|67.29|70.17|65.55|68.19|13005924.0|88631.63|70.85
002545.SZ|28.9|29.4|26.51|27.17|27432988.0|76342.11|28.67
603337.SH|44.79|46.21|43.46|45.41|6098300.0|27651.53|45.3
