001309.SZ|294.01|309.66|293.0|298.64|21787852.0|656760.56|294.81
601727.SH|9.39|9.46|9.28|9.35|304223616.0|285035.81|9.42
601868.SH|3.15|3.45|3.09|3.45|1892515584.0|629415.06|3.14
002648.SZ|25.71|28.45|25.42|27.93|137342272.0|370313.53|25.97
600236.SH|10.19|10.19|9.8|9.96|49113272.0|48918.2|10.29
601877.SH|40.1|42.13|39.5|41.16|86605992.0|354344.72|40.1
000066.SZ|16.95|17.18|16.88|17.0|157426336.0|267848.13|17.01
002195.SZ|10.6|10.97|10.31|10.71|705692032.0|752451.88|10.52
002491.SZ|12.11|12.56|11.5|11.54|213908416.0|256261.78|11.9
001267.SZ|48.0|49.95|47.11|49.1|87247120.0|424179.19|45.68
001896.SZ|16.1|16.65|15.53|16.59|205440096.0|331936.31|15.81
603067.SH|44.0|44.98|40.6|41.25|41428604.0|175368.31|43.88
600396.SH|3.8|3.95|3.62|3.88|172326144.0|65559.62|3.88
003035.SZ|9.44|10.49|9.16|10.09|238391968.0|235199.08|9.65
603530.SH|71.16|71.3|67.33|69.11|10977810.0|76009.15|69.43
603337.SH|46.37|47.0|45.41|46.15|4713900.0|21751.95|45.98
