002080.SZ|42.83|43.29|39.8|39.85|50440896.0|207351.28|42.88
601600.SH|13.01|13.6|12.72|12.72|787814080.0|1032216.69|14.13
600489.SH|33.21|33.21|33.21|33.21|6258700.0|20785.14|36.9
601012.SH|18.16|18.25|17.61|17.64|171096784.0|306755.88|17.88
000807.SZ|32.0|34.31|31.82|32.22|125678000.0|413643.56|33.64
600869.SH|12.31|12.5|11.83|11.97|112047696.0|135562.2|12.11
002185.SZ|14.6|14.84|14.03|14.07|361820640.0|520256.16|15.17
003031.SZ|78.83|80.8|74.2|74.27|11684871.0|89808.83|79.25
000975.SZ|31.36|31.36|31.36|31.36|7064200.0|22153.33|34.84
600219.SH|6.61|7.13|6.61|6.65|772961792.0|525253.0|7.34
600988.SH|38.88|38.88|38.88|38.88|7401100.0|28775.47|43.2
002532.SZ|17.48|18.99|17.4|17.99|133212624.0|244118.97|18.85
603929.SH|150.38|157.79|146.58|146.9|5827078.0|87595.44|158.29
603806.SH|17.2|17.43|16.88|17.0|46950604.0|80430.05|17.01
603920.SH|62.34|65.69|61.2|63.69|37967420.0|241287.42|62.33
603663.SH|41.0|42.29|39.67|39.76|11413861.0|46728.6|42.19
600352.SH|15.0|15.0|13.7|13.7|153801856.0|217513.11|15.22
000060.SZ|6.93|7.11|6.93|6.93|300262400.0|209726.48|7.7
001267.SZ|29.13|29.98|27.21|27.25|44830000.0|126246.42|29.15
601799.SH|137.0|137.29|128.31|130.79|6961866.0|91596.75|138.0
000962.SZ|38.21|42.28|38.03|39.28|35096280.0|143289.58|38.68
600499.SH|16.91|17.75|16.49|16.55|89660432.0|153234.16|17.69
600732.SH|13.57|13.98|13.36|13.37|37215240.0|50981.79|13.6
000029.SZ|21.93|23.56|21.88|22.36|18381106.0|41916.16|22.08
601118.SH|6.7|7.2|6.7|6.72|177897056.0|123233.27|7.34
601155.SH|17.64|17.77|16.31|16.41|37739088.0|63596.51|17.68
603939.SH|23.89|23.89|22.9|22.97|20286956.0|47214.82|23.89
600170.SH|2.95|2.98|2.82|2.83|421402976.0|122066.52|2.98
603077.SH|2.49|2.51|2.32|2.32|394316960.0|94524.02|2.53
