002916.SZ|412.0|425.88|379.86|380.0|16244844.0|642319.44|411.41
000988.SZ|154.9|154.92|142.58|143.07|85015888.0|1256348.38|151.92
000063.SZ|36.65|36.83|35.06|35.1|161557216.0|578883.31|36.72
002156.SZ|65.0|66.0|60.96|61.39|158786304.0|1001372.44|66.0
601958.SH|23.49|25.2|23.02|23.2|113895328.0|273437.44|24.17
000630.SZ|6.9|7.05|6.8|6.82|414954400.0|286689.91|6.9
002851.SZ|129.85|138.66|125.01|134.5|44799292.0|596891.06|126.05
601208.SH|49.8|50.95|47.18|47.79|83046416.0|406047.5|50.0
600378.SH|39.47|42.57|39.47|40.88|52509712.0|217661.31|38.7
002203.SZ|20.52|20.78|19.91|20.06|40874232.0|82739.77|20.51
600021.SH|22.08|22.08|20.05|20.59|175929248.0|367124.03|22.28
603806.SH|17.58|18.38|17.39|17.44|51164640.0|90971.02|17.9
002056.SZ|25.06|26.11|24.29|24.33|73653864.0|185197.5|25.21
002129.SZ|9.75|10.07|9.54|9.56|190395520.0|185614.7|9.75
002859.SZ|69.9|76.12|69.05|75.05|32179366.0|235208.02|69.2
600863.SH|7.66|8.03|7.0|7.92|779038144.0|583842.13|7.3
002046.SZ|52.33|53.12|50.0|50.11|17051812.0|87299.12|53.0
603730.SH|12.75|12.95|12.5|12.69|27966812.0|35625.82|12.88
603115.SH|100.0|108.02|100.0|103.7|13688000.0|142411.39|106.84
600396.SH|19.99|20.0|18.03|18.5|299924992.0|557785.75|20.03
601608.SH|5.52|5.57|5.43|5.55|60704504.0|33465.26|5.56
