002384.SZ|111.1|118.98|110.11|110.93|103802560.0|1188799.75|109.3
601869.SH|243.78|254.97|241.06|241.9|15910513.0|392241.78|245.0
600498.SH|55.0|56.12|52.21|52.36|81992656.0|441721.03|55.5
601727.SH|9.2|9.22|9.01|9.03|208790080.0|190097.22|9.24
601868.SH|3.8|3.94|3.61|3.74|3798167296.0|1441195.38|3.8
002648.SZ|29.68|29.92|28.02|28.25|119794192.0|344936.19|29.1
601877.SH|40.78|41.3|38.0|38.33|99703352.0|388905.66|40.9
000066.SZ|16.9|16.97|16.38|16.41|143445568.0|238616.7|17.11
600330.SH|19.8|20.14|18.2|18.43|183691568.0|345616.47|19.19
002195.SZ|10.13|10.77|9.82|10.45|591959552.0|609582.94|10.3
001267.SZ|44.69|45.82|43.08|43.2|68014008.0|300394.84|46.03
002432.SZ|58.63|58.98|54.26|55.31|41018540.0|228399.48|58.88
001896.SZ|17.16|17.52|15.44|15.44|225235040.0|370039.59|17.16
002025.SZ|58.76|58.99|54.6|54.9|42824364.0|239576.38|59.96
603067.SH|39.02|39.47|37.14|37.52|28886544.0|109724.17|39.0
002335.SZ|67.74|68.66|63.9|64.06|53794404.0|352190.34|68.37
600396.SH|4.0|4.15|3.81|3.88|158221632.0|62613.83|4.14
600873.SH|12.7|12.89|12.47|12.81|88889328.0|112873.8|12.7
002831.SZ|33.92|35.0|32.58|34.56|28352840.0|95659.13|34.15
003035.SZ|10.5|11.0|9.86|9.97|209462816.0|218444.0|10.6
603337.SH|46.2|46.5|44.8|45.0|2664579.0|12104.95|46.32
