603259.SH|108.16|110.73|107.62|109.7|48096812.0|533883.19|107.42
600111.SH|55.4|56.35|54.45|55.18|180098576.0|995316.0|55.39
000657.SZ|62.65|64.08|60.82|62.96|107847768.0|674016.5|61.76
002484.SZ|40.44|44.21|40.24|43.74|50427664.0|218337.61|40.17
002851.SZ|123.0|123.87|119.76|123.0|22550460.0|276712.44|120.33
002709.SZ|63.66|63.7|61.0|62.8|150403808.0|935357.56|64.0
002812.SZ|87.0|87.49|84.0|85.31|49803112.0|424821.0|87.55
002378.SZ|34.57|35.76|34.04|34.42|105720528.0|367472.56|34.49
001203.SZ|52.51|52.51|47.8|49.89|51285708.0|252773.06|53.1
002407.SZ|37.2|37.84|36.45|37.34|146889440.0|548520.44|37.92
600246.SH|11.65|12.5|11.42|12.26|190289472.0|230098.66|11.53
000967.SZ|15.1|16.29|14.61|16.29|288277504.0|446752.66|14.8
603486.SH|64.08|66.0|63.76|65.56|11410327.0|75627.32|63.95
600637.SH|10.3|10.58|10.23|10.56|85729368.0|89688.78|10.27
600499.SH|19.4|19.46|18.47|18.74|49276468.0|94162.33|19.36
600208.SH|4.64|5.12|4.6|5.1|577658112.0|291254.56|4.65
002498.SZ|9.07|9.35|8.94|9.25|242747360.0|223080.73|8.98
603345.SH|108.54|111.06|101.96|102.82|11196031.0|118361.4|108.02
601106.SH|4.54|4.62|4.51|4.58|129040088.0|58884.27|4.54
002756.SZ|87.6|88.26|80.36|82.54|34629712.0|288590.94|87.99
603338.SH|55.06|56.27|54.75|55.38|5880900.0|33251.72|54.75
002192.SZ|110.96|110.96|102.86|104.88|41303984.0|435693.0|110.96
002290.SZ|91.79|94.29|88.79|93.25|24388502.0|225146.06|89.2
