603986.SH|551.0|587.2|534.58|583.99|67949024.0|3833766.0|550.8
002384.SZ|241.52|260.37|237.01|260.37|95468608.0|2385627.25|236.7
002281.SZ|219.89|235.11|212.2|232.95|50367168.0|1133242.5|216.0
601698.SH|30.6|30.97|28.4|28.91|77460832.0|223961.55|31.56
002156.SZ|71.49|77.87|68.4|77.87|242990000.0|1782521.63|73.57
600118.SH|85.99|87.59|82.12|82.12|25650100.0|213404.34|91.25
002851.SZ|159.72|174.53|156.97|172.13|51451568.0|860959.56|158.66
002436.SZ|38.58|41.39|38.05|40.85|119000560.0|473158.59|38.5
000021.SZ|52.12|53.99|48.88|52.51|206958416.0|1071184.38|52.12
002185.SZ|23.72|26.4|23.72|25.68|839060608.0|2108323.75|24.13
603296.SH|81.5|82.0|71.27|77.79|52563424.0|393504.06|79.19
000066.SZ|18.11|18.44|16.25|16.83|275792480.0|464252.38|18.05
605358.SH|57.35|59.73|55.2|58.73|55301716.0|321009.56|57.25
600909.SH|8.96|9.28|8.69|9.2|253170128.0|226751.8|8.74
600667.SH|22.71|23.0|20.8|22.63|306754016.0|676582.94|22.73
000811.SZ|48.6|52.57|47.5|52.0|58974872.0|294290.66|48.12
603268.SH|160.0|164.0|158.65|163.24|9011095.0|145328.17|162.93
603087.SH|64.6|71.0|64.12|70.0|22634016.0|154721.16|65.31
603061.SH|408.0|420.88|386.0|401.95|4385900.0|176652.02|410.21
002364.SZ|52.7|55.35|49.7|53.6|51831560.0|271034.66|51.76
603005.SH|41.63|42.15|38.17|40.36|66918416.0|268119.56|41.18
002152.SZ|10.14|10.23|9.66|9.97|45692200.0|45136.37|10.13
603881.SH|25.86|26.12|23.66|24.15|54304688.0|131908.78|26.29
603127.SH|43.11|46.43|40.01|46.02|69117240.0|299772.63|43.01
002402.SZ|24.79|24.97|22.55|23.46|65461432.0|153358.63|24.91
