603986.SH|541.0|552.82|500.0|514.18|66726040.0|3534122.25|526.22
002916.SZ|410.15|418.0|390.01|396.05|19071624.0|771173.94|419.5
000988.SZ|166.95|170.99|159.0|159.88|107028920.0|1759463.63|170.32
002156.SZ|72.97|78.56|71.43|71.52|283496448.0|2111403.75|75.39
000630.SZ|6.77|6.83|6.43|6.46|355112448.0|233320.34|6.83
002851.SZ|137.89|145.38|135.0|135.86|32647608.0|457007.22|137.99
601208.SH|53.5|55.75|51.76|52.25|80920736.0|434394.78|53.3
002920.SZ|110.0|114.96|108.92|112.04|22250328.0|250441.7|109.69
605358.SH|53.26|57.36|52.64|56.5|79158752.0|436171.88|52.8
600895.SH|39.11|39.69|36.72|36.94|66948612.0|253699.16|39.32
600021.SH|20.39|21.6|19.97|20.59|271115424.0|565521.94|20.39
603806.SH|18.83|19.55|18.28|18.35|59501800.0|111284.19|18.98
002056.SZ|23.39|25.25|23.26|24.52|97997352.0|239691.91|23.45
002126.SZ|56.0|57.24|53.2|54.22|27254860.0|149883.58|56.48
002407.SZ|36.03|37.28|35.56|35.79|152738848.0|556000.69|36.28
002859.SZ|63.41|65.3|62.3|63.59|17148462.0|109065.82|63.17
603663.SH|58.8|64.13|58.73|64.13|21140756.0|132234.09|58.3
600246.SH|15.1|16.48|15.1|15.28|199809312.0|312530.06|15.04
600863.SH|5.93|6.71|5.93|6.71|400318976.0|254320.03|6.1
002046.SZ|54.38|54.54|50.93|51.61|17214632.0|89997.48|54.66
001896.SZ|15.0|16.33|15.0|15.74|180705552.0|282490.5|16.55
603005.SH|43.11|46.54|41.88|43.01|158898704.0|702559.19|45.1
603730.SH|13.82|14.14|13.3|13.45|49329512.0|67464.69|13.87
600396.SH|16.49|18.57|16.26|18.57|241335376.0|431829.25|16.88
601608.SH|6.01|6.14|5.78|5.83|86556912.0|51125.38|6.09
