603259.SH|111.63|111.74|108.0|109.0|54092240.0|590388.69|109.55
600111.SH|53.12|55.55|52.51|55.52|238914752.0|1301931.0|53.04
000657.SZ|58.47|62.83|55.68|61.99|143311632.0|848249.88|58.19
002484.SZ|39.67|41.67|38.64|40.43|58320944.0|234375.7|38.35
002851.SZ|122.5|123.0|119.39|120.33|30717960.0|370702.41|120.21
002709.SZ|60.58|64.98|59.13|64.0|173841376.0|1074279.0|60.51
002812.SZ|83.78|87.71|82.91|87.55|50366548.0|432321.34|82.95
002378.SZ|33.8|34.88|32.69|34.61|118812288.0|401596.69|33.86
001203.SZ|52.4|53.5|51.15|53.3|34629448.0|181131.05|52.31
002407.SZ|35.95|39.0|35.38|38.12|185805360.0|690147.38|36.31
003022.SZ|24.38|25.29|24.01|25.29|35470536.0|87354.05|24.09
001267.SZ|54.64|55.5|51.76|52.56|57086596.0|303834.56|53.96
000967.SZ|14.3|14.93|13.85|14.93|291087808.0|427325.28|13.57
603486.SH|65.36|66.28|64.32|64.87|12081329.0|78752.48|65.16
600637.SH|10.02|10.38|10.0|10.27|81011848.0|82864.95|9.98
600499.SH|19.48|19.84|19.25|19.66|47028196.0|92010.71|19.25
600208.SH|4.58|4.81|4.56|4.65|379870272.0|176017.0|4.55
603198.SH|37.24|38.15|37.07|37.97|7620200.0|28738.31|38.0
600186.SH|10.95|11.53|10.71|11.4|413955264.0|460596.28|10.72
002498.SZ|8.85|9.09|8.82|9.02|186033232.0|167412.52|8.72
603345.SH|108.5|109.85|105.57|109.46|8641833.0|93741.23|109.39
002756.SZ|87.48|89.88|85.0|88.39|26805282.0|234406.3|87.24
603338.SH|55.69|56.58|55.18|55.9|7654215.0|42857.04|55.12
601016.SH|4.24|4.69|4.24|4.69|590512448.0|268765.69|4.26
002192.SZ|115.0|115.0|107.31|111.18|47572816.0|526503.13|109.22
002290.SZ|89.41|89.41|88.36|89.41|6744940.0|60300.94|81.28
