000988.SZ|89.6|97.6|89.55|94.72|90159024.0|855127.63|89.61
000657.SZ|70.77|70.77|66.99|68.79|130064680.0|901432.75|65.99
600673.SH|36.21|38.36|35.88|37.8|124910648.0|464322.56|37.8
601390.SH|6.22|6.29|6.12|6.23|523806592.0|324367.72|6.3
002837.SZ|81.02|86.58|80.66|85.29|50852492.0|561217.38|83.33
600010.SH|3.25|3.41|3.13|3.32|3360457216.0|1102126.63|3.24
601208.SH|33.61|36.44|33.61|34.87|100664232.0|354854.81|34.9
600875.SH|35.51|38.31|35.48|36.98|137049824.0|516856.56|36.54
600141.SH|43.5|44.1|41.24|42.2|40512524.0|172189.41|42.6
603308.SH|68.08|69.84|66.35|66.96|37958588.0|257658.3|69.84
603688.SH|47.71|52.72|47.71|51.99|37206848.0|189270.48|48.96
601212.SH|11.55|11.77|10.73|11.77|519741568.0|580891.63|10.7
600206.SH|25.56|26.48|25.1|25.65|85159904.0|218897.88|25.87
601808.SH|18.28|18.28|17.75|18.28|149529984.0|276046.63|16.59
000962.SZ|58.12|58.87|54.9|57.54|33341970.0|191287.47|58.7
000547.SZ|30.68|32.55|30.22|31.99|301967072.0|954796.63|30.75
600871.SH|3.53|3.53|3.41|3.53|238011440.0|83850.29|3.21
603115.SH|27.3|30.31|27.3|30.31|14522694.0|43780.26|27.5
000661.SZ|93.57|93.59|90.79|91.77|13843922.0|127804.97|95.61
600550.SH|17.0|17.97|16.98|17.32|128792408.0|225266.56|17.48
603826.SH|15.58|16.16|15.58|15.8|11726038.0|24264.2|15.78
