002428.SZ|52.0|52.8|48.01|48.91|92306712.0|460000.72|52.35
002222.SZ|70.72|71.0|67.7|68.02|36609548.0|252059.11|71.94
000703.SZ|12.26|12.51|12.01|12.19|18790402.0|23029.07|12.35
603179.SH|66.12|67.17|65.0|65.1|9554291.0|63074.61|66.21
002294.SZ|63.0|63.42|60.9|61.31|8608760.0|53196.25|63.1
002149.SZ|52.5|56.0|51.08|51.54|107604560.0|579840.19|53.15
600186.SH|7.26|7.35|7.1|7.1|225785584.0|162194.34|7.39
002498.SZ|8.57|9.16|8.37|8.82|268192720.0|236900.05|8.62
000155.SZ|16.9|17.1|15.83|15.87|134895024.0|218688.59|17.15
002756.SZ|78.73|78.98|74.43|74.82|22718230.0|173137.55|80.17
603127.SH|32.0|35.31|31.99|34.2|55774268.0|191539.55|32.1
601975.SH|4.49|4.54|4.24|4.3|228085296.0|99335.95|4.46
