600176.SH|43.0|45.77|41.47|45.77|157659296.0|701807.44|41.61
002837.SZ|67.3|70.68|66.27|70.53|54168628.0|374883.66|66.08
601208.SH|61.0|66.44|61.0|65.22|95560512.0|616509.81|61.06
603260.SH|43.5|47.7|41.8|46.39|40243984.0|183576.8|43.36
002138.SZ|57.86|61.78|57.2|61.3|62550228.0|377659.66|56.16
002378.SZ|34.73|37.88|34.25|37.4|165984704.0|593904.69|34.64
002407.SZ|39.28|41.0|37.81|40.14|226128624.0|885866.31|39.67
002240.SZ|51.1|53.47|49.15|51.63|89659136.0|454838.84|51.08
002129.SZ|9.98|10.33|9.7|10.26|329864768.0|331424.84|9.98
603663.SH|75.43|76.18|69.9|75.44|23070928.0|169900.44|72.6
600206.SH|33.18|35.55|32.12|35.55|139825552.0|477931.63|32.99
002046.SZ|59.38|62.88|58.18|62.7|19759656.0|121306.01|59.19
600641.SH|28.55|31.33|28.11|31.05|93140528.0|281576.56|28.48
002459.SZ|8.8|8.81|8.56|8.7|70742480.0|61339.53|8.85
603160.SH|56.23|57.6|55.95|57.59|7431452.0|42290.73|55.99
600732.SH|12.5|12.91|12.33|12.74|54738412.0|69098.25|12.7
002430.SZ|25.95|26.52|25.6|26.35|26267122.0|68685.11|26.04
000921.SZ|28.56|28.69|27.06|28.47|30972994.0|86717.84|28.7
600516.SH|5.76|6.04|5.7|6.0|168014832.0|99549.08|5.7
000158.SZ|15.27|15.54|15.16|15.35|39934988.0|61263.11|15.43
