002384.SZ|111.93|113.88|101.83|107.38|137262608.0|1459855.63|109.71
601869.SH|221.0|224.36|214.67|222.93|13780837.0|302625.97|215.81
600188.SH|19.99|20.65|19.48|19.93|77248456.0|154025.56|20.0
600498.SH|47.75|47.99|46.3|47.65|88309280.0|416577.78|46.77
000617.SZ|9.62|10.16|9.47|9.74|360378048.0|351857.97|9.89
002636.SZ|31.82|35.0|31.5|34.8|76269816.0|256335.52|32.42
603659.SH|30.99|31.1|29.7|30.19|58296768.0|175115.61|30.77
600667.SH|11.7|12.12|11.26|11.66|300538432.0|348842.66|11.59
600330.SH|16.71|17.08|16.45|16.82|136755872.0|228834.05|17.02
002432.SZ|54.33|59.95|54.02|59.95|38524840.0|221790.23|54.5
002025.SZ|56.95|61.46|56.31|60.18|45614624.0|271289.63|55.87
002335.SZ|62.54|66.77|62.54|66.5|47954672.0|310081.72|61.91
600873.SH|12.4|12.58|12.19|12.44|63950132.0|79001.06|12.51
002831.SZ|36.0|39.38|34.23|38.08|28885622.0|105027.09|35.8
601975.SH|4.9|5.1|4.62|5.0|501108768.0|247913.52|4.93
603077.SH|3.08|3.1|2.94|2.98|401220224.0|119945.14|3.08
