601066.SH|29.08|29.65|28.67|29.07|79182144.0|230321.13|29.46
601872.SH|17.73|18.25|17.05|17.32|158090144.0|280439.59|18.01
603019.SH|98.01|107.23|98.01|107.23|146380832.0|1535247.13|97.48
000776.SZ|22.64|23.5|22.64|22.9|116243872.0|273025.38|22.76
002600.SZ|15.76|17.34|15.7|17.34|303154016.0|510854.88|15.76
001309.SZ|935.0|957.99|898.0|942.9|13107315.0|1222571.88|970.0
000100.SZ|5.35|5.82|5.33|5.82|1171830528.0|665640.0|5.29
600703.SH|20.68|21.74|20.38|21.22|385003776.0|815401.25|21.06
001289.SZ|16.0|16.08|15.4|15.63|19311808.0|30279.09|16.12
601179.SH|14.82|15.06|14.51|14.92|119923336.0|177990.73|15.0
000021.SZ|59.45|64.75|57.6|64.27|266114656.0|1637252.25|58.86
603083.SH|255.0|256.36|238.8|254.87|23425864.0|589828.94|247.78
600497.SH|12.42|12.5|11.65|12.11|345719648.0|417150.66|12.8
601233.SH|22.43|22.68|21.37|21.53|63188080.0|138163.64|23.08
002409.SZ|216.24|228.1|207.47|224.5|44721880.0|971319.19|207.46
603629.SH|124.38|134.03|121.09|127.46|28642356.0|518241.94|126.06
002558.SZ|27.12|27.72|26.22|27.56|100373496.0|270644.38|27.23
600707.SH|15.05|16.89|14.69|16.89|211775728.0|342261.91|15.35
002407.SZ|49.79|50.23|48.6|50.23|188369952.0|939266.88|45.66
002240.SZ|42.95|46.57|42.45|44.83|64925056.0|286315.28|42.57
002129.SZ|11.67|12.12|11.34|12.02|473253632.0|557428.25|11.73
600330.SH|30.06|31.74|29.3|30.84|113169888.0|347651.44|30.14
600563.SH|186.0|195.68|184.1|190.8|13128545.0|250099.58|189.4
000987.SZ|7.68|7.81|7.61|7.69|40000336.0|31204.2|7.73
600352.SH|12.15|12.17|11.55|11.76|86042432.0|104553.86|12.29
000060.SZ|7.63|7.64|7.38|7.52|219553632.0|165370.14|7.77
601108.SH|8.48|8.65|8.41|8.6|77693056.0|66526.13|8.55
000967.SZ|9.52|10.4|9.4|10.4|130815608.0|131262.86|9.44
002046.SZ|74.03|75.64|72.0|73.65|19650384.0|144992.58|73.8
000962.SZ|91.0|96.24|89.0|90.6|44687232.0|411236.31|93.88
600500.SH|8.0|8.1|7.6|7.83|247686000.0|193418.09|8.03
002364.SZ|53.5|55.48|51.52|53.8|38681488.0|208414.05|53.8
002518.SZ|48.72|53.59|48.0|53.59|17334588.0|90728.29|48.72
000032.SZ|24.05|25.48|23.76|24.95|68662232.0|170662.36|24.08
001270.SZ|155.0|157.02|149.58|155.99|14741055.0|225755.98|153.31
002552.SZ|58.0|62.79|54.11|61.0|17857022.0|103660.23|60.12
603588.SH|19.0|19.22|18.18|19.2|92726344.0|173165.58|19.34
603063.SH|52.61|56.08|52.53|52.89|42508680.0|230462.95|51.13
002497.SZ|19.56|20.57|19.38|20.37|58675788.0|117084.19|19.54
601016.SH|3.83|3.93|3.74|3.88|277483968.0|107176.35|3.83
000034.SZ|25.81|28.13|25.78|27.75|54912656.0|149600.16|25.81
002192.SZ|84.87|91.59|83.3|89.18|27122848.0|238024.3|84.87
600596.SH|15.82|16.68|15.47|15.96|111608352.0|177324.45|16.02
