600549.SH|49.17|51.1|48.75|50.08|67570072.0|340158.75|48.63
002600.SZ|16.79|17.18|16.14|16.31|426186240.0|712581.5|16.88
600673.SH|29.95|33.2|28.89|32.12|126270664.0|389154.22|30.28
601179.SH|12.53|13.32|12.35|12.74|618773248.0|798455.94|12.35
002625.SZ|54.16|54.71|51.87|52.53|61520492.0|328294.28|54.17
000960.SZ|37.49|40.12|37.45|39.64|69813992.0|273799.47|36.47
601360.SH|12.9|14.25|12.89|13.5|526773568.0|722716.69|13.06
003031.SZ|77.71|80.06|75.58|76.36|11760742.0|91696.34|77.69
000066.SZ|16.23|17.42|16.21|16.74|295529472.0|499587.78|16.14
000768.SZ|28.31|28.94|27.66|27.88|75344880.0|214772.86|28.44
002203.SZ|15.24|16.36|15.21|15.61|111168144.0|176259.7|15.13
600372.SH|14.85|15.74|14.85|15.2|218517184.0|335983.5|14.86
002920.SZ|134.57|138.13|131.43|132.9|18647426.0|253799.55|136.77
600143.SH|19.89|20.29|19.48|19.65|166408576.0|334655.38|19.97
600707.SH|6.77|7.01|6.68|6.75|84718472.0|58700.55|6.69
600845.SH|24.77|25.85|24.21|24.74|98468960.0|249011.86|23.57
002945.SZ|18.39|20.75|18.34|20.14|132243336.0|266249.72|18.86
600588.SH|17.65|19.01|17.63|19.01|347244288.0|644785.38|17.28
000981.SZ|5.1|5.67|5.09|5.67|2296508672.0|1284847.88|5.15
001896.SZ|6.21|6.55|5.9|6.25|137341232.0|86505.33|6.38
000629.SZ|3.53|3.6|3.41|3.47|265034080.0|93124.93|3.54
603516.SH|260.9|264.89|249.9|257.97|7673245.0|198778.31|261.17
002025.SZ|61.88|64.51|57.97|59.24|66645128.0|407195.38|63.54
603067.SH|37.08|39.02|36.36|37.84|43865696.0|165784.2|37.3
600295.SH|13.6|13.86|13.28|13.53|22136888.0|31627.9|13.65
603950.SH|30.27|31.39|30.17|31.06|7720906.0|23879.21|30.43
