600549.SH|52.3|55.85|51.5|53.84|70304616.0|381136.03|51.92
002600.SZ|16.29|16.67|16.18|16.51|223908272.0|368283.69|16.14
600089.SH|30.7|30.7|27.68|27.73|786662528.0|2295185.5|28.49
002625.SZ|52.58|52.6|51.2|51.98|33431012.0|173450.36|52.07
601360.SH|13.19|14.1|13.05|13.07|407853600.0|546959.13|13.8
000066.SZ|16.28|17.36|15.75|16.57|218499952.0|358774.19|16.35
002203.SZ|15.5|16.08|15.1|15.17|60789968.0|94286.06|15.45
600372.SH|14.82|14.96|14.3|14.37|105982296.0|153780.0|14.76
600143.SH|19.85|20.49|19.67|20.26|151416096.0|304452.47|19.69
600845.SH|24.62|24.91|23.81|23.89|43448700.0|104913.97|24.66
600588.SH|16.91|17.5|16.0|16.09|261593568.0|434611.03|17.5
000981.SZ|4.85|5.3|4.84|5.05|1296383488.0|663089.81|5.1
001896.SZ|6.45|6.58|6.22|6.34|69639792.0|44495.76|6.28
603067.SH|40.11|41.29|37.5|37.51|47809552.0|187965.5|39.71
603881.SH|36.41|38.13|35.57|35.57|101620112.0|371117.41|38.18
603950.SH|31.1|31.94|30.6|31.92|6488607.0|20350.26|30.89
600170.SH|2.97|3.06|2.94|2.98|444302592.0|133137.28|2.93
