600183.SH|131.0|139.98|130.98|139.98|78308512.0|1072935.25|127.25
002384.SZ|190.0|202.18|190.0|195.27|102348600.0|2009888.75|187.68
002916.SZ|359.0|388.18|356.0|382.63|13927942.0|525862.44|353.99
002463.SZ|119.54|127.77|119.54|125.87|79745144.0|989521.19|117.2
002938.SZ|94.95|103.24|94.95|101.41|39474700.0|397468.25|93.85
603259.SH|144.56|155.48|142.2|154.82|92722736.0|1395560.25|142.7
002281.SZ|182.0|193.04|181.11|193.04|69983040.0|1328907.0|175.49
601869.SH|328.04|345.0|326.88|338.69|16076415.0|541329.44|328.25
000657.SZ|62.47|67.99|62.3|67.01|152922528.0|993805.19|62.5
001309.SZ|388.32|412.25|388.0|404.16|24997346.0|1003855.44|388.25
600673.SH|32.17|33.39|32.0|32.91|41739068.0|137486.97|32.17
600105.SH|37.99|39.91|37.27|39.0|195586000.0|759693.13|38.38
002636.SZ|60.5|65.99|60.5|65.4|86655896.0|555399.69|59.99
600378.SH|47.05|50.23|46.9|49.09|103783472.0|502710.84|48.26
601126.SH|44.86|46.1|43.96|45.97|35186936.0|160001.81|44.67
003031.SZ|113.71|117.0|110.52|115.86|10507348.0|120432.28|111.76
605589.SH|39.53|43.29|39.33|42.38|50947324.0|211145.44|39.53
603156.SH|46.0|49.5|45.5|48.35|14724507.0|70803.66|45.98
600580.SH|36.87|37.0|34.82|36.64|90959888.0|328623.16|36.23
603979.SH|77.92|80.07|76.3|79.19|10671780.0|83929.88|78.4
600330.SH|21.65|23.2|21.09|23.01|186956400.0|413665.78|21.65
603268.SH|179.99|187.41|179.02|183.11|8617977.0|158536.61|180.0
600588.SH|11.88|11.9|11.41|11.72|141524928.0|164648.66|11.99
601611.SH|11.81|11.84|11.5|11.69|71562464.0|83470.18|11.98
002015.SZ|15.68|15.85|15.4|15.8|58466564.0|91689.49|15.75
603938.SH|41.8|43.53|40.66|43.11|18937480.0|80189.15|41.33
603337.SH|44.93|45.23|43.62|44.66|5945100.0|26421.57|44.91
601865.SH|10.8|11.75|10.8|11.75|49087428.0|56115.38|10.68
