002938.SZ|72.73|77.73|72.0|77.18|52592464.0|398528.06|71.59
600487.SH|69.54|74.49|68.9|71.38|249512240.0|1792080.5|69.54
002281.SZ|131.34|141.46|130.3|134.52|77579216.0|1049982.38|128.7
600522.SH|34.29|36.53|34.23|35.78|339355808.0|1222348.5|33.21
601698.SH|35.7|37.58|35.33|36.84|78697768.0|284894.38|36.09
600118.SH|94.0|103.12|93.07|99.5|75776248.0|735204.38|96.3
600703.SH|14.98|15.46|14.54|14.73|299420160.0|443580.72|15.11
003031.SZ|127.8|130.0|120.0|126.9|13669508.0|170569.64|127.79
601061.SH|13.95|14.37|13.86|14.16|28486800.0|40202.15|14.03
002203.SZ|17.76|17.89|17.03|17.23|47545980.0|82677.44|17.69
000811.SZ|22.4|23.25|22.35|23.1|55160880.0|125930.87|22.22
003022.SZ|24.46|25.13|24.21|24.61|37933620.0|93180.07|24.65
001267.SZ|49.1|50.3|46.5|49.31|66504952.0|323390.66|50.3
002432.SZ|81.14|81.5|75.89|77.35|27715376.0|215254.02|81.54
603268.SH|136.02|139.68|131.77|138.92|24870364.0|338071.97|146.41
000062.SZ|35.37|37.77|34.34|37.77|107511488.0|395283.31|34.34
600699.SH|28.5|29.29|28.5|28.59|51112884.0|147137.59|28.88
603606.SH|65.3|66.1|63.8|64.11|18908532.0|122753.74|65.24
600641.SH|27.55|27.69|26.37|26.52|72876072.0|195307.03|27.22
001389.SZ|174.86|179.61|170.0|172.2|11558234.0|200996.63|170.6
001896.SZ|16.3|17.16|15.92|16.39|131307432.0|217592.14|16.75
600208.SH|4.81|4.84|4.26|4.26|427024672.0|187577.59|4.73
603198.SH|39.02|39.18|38.01|38.4|10892140.0|42023.53|39.85
600186.SH|9.19|9.58|8.97|9.34|313924416.0|290816.19|9.14
600126.SH|9.81|9.9|9.43|9.43|190771168.0|181449.48|10.48
601016.SH|4.38|4.75|4.25|4.65|751269312.0|343827.09|4.48
