600183.SH|97.85|101.87|94.02|100.78|81149016.0|798298.56|98.95
001309.SZ|712.0|716.0|672.94|699.16|15056166.0|1048579.5|735.04
002179.SZ|39.2|40.11|38.57|39.88|43976720.0|172909.47|39.34
002851.SZ|124.93|126.8|121.04|126.5|18425464.0|228901.78|124.92
000425.SZ|9.46|9.57|9.32|9.4|108741216.0|102562.3|9.46
601126.SH|83.32|87.4|80.89|81.58|33365596.0|276346.44|84.16
600601.SH|12.58|12.58|12.0|12.36|192803840.0|235939.13|12.7
003031.SZ|170.0|175.97|160.0|172.42|14878707.0|250630.63|171.33
605589.SH|44.08|46.66|42.38|46.01|59195496.0|262256.09|44.08
603156.SH|52.02|52.38|46.31|48.36|29135680.0|140479.05|51.46
002409.SZ|112.97|115.96|107.44|115.96|40561432.0|453520.75|114.19
600667.SH|12.88|13.11|12.42|13.1|239274928.0|306309.56|13.09
002407.SZ|37.02|37.99|36.04|37.18|175747616.0|649459.75|37.79
000811.SZ|34.26|38.06|33.8|38.06|65913116.0|237077.73|34.6
600500.SH|6.3|6.45|5.95|6.13|208723312.0|128127.86|6.23
603290.SH|122.5|123.98|117.2|123.83|13807453.0|166695.97|123.6
002364.SZ|48.67|53.77|48.18|52.87|65603704.0|329922.81|49.16
002518.SZ|63.33|64.62|60.5|64.47|33228196.0|208274.23|63.35
603063.SH|58.0|59.55|56.08|58.79|33391020.0|193424.98|57.9
601609.SH|13.22|13.56|12.81|13.55|101822432.0|133930.67|13.38
