600183.SH|148.0|155.43|144.0|146.99|71284056.0|1064996.88|152.43
603986.SH|543.26|548.0|514.61|514.61|54554236.0|2880687.5|571.79
002384.SZ|250.01|276.0|246.8|268.8|115899120.0|3068085.75|262.49
002281.SZ|210.62|220.66|201.52|210.5|43089788.0|914081.69|214.97
601698.SH|27.14|28.12|26.87|27.42|31187404.0|85848.99|27.83
002156.SZ|70.85|80.8|70.84|75.95|240507456.0|1822855.0|78.71
600118.SH|70.03|73.83|67.2|69.16|69128416.0|487839.78|73.92
002851.SZ|156.55|159.55|151.77|151.77|34667608.0|534706.56|168.63
002436.SZ|38.02|40.13|36.5|37.84|95628208.0|366968.81|38.71
002636.SZ|92.02|99.0|86.43|89.55|57648796.0|534790.06|94.79
000021.SZ|45.44|46.96|42.71|43.34|176995616.0|790173.0|47.26
603296.SH|78.98|81.18|75.0|78.66|34552928.0|273714.59|78.2
605358.SH|51.48|52.96|48.36|48.88|58686160.0|297277.09|52.99
002532.SZ|12.45|12.85|12.4|12.61|137770784.0|174146.8|12.75
000703.SZ|14.38|14.54|13.76|14.07|66882348.0|94119.87|14.48
600909.SH|9.13|9.2|8.55|8.55|293178144.0|256502.48|9.5
600667.SH|19.99|20.55|18.73|18.73|237272912.0|466097.97|20.81
000811.SZ|49.19|50.25|46.17|47.0|40879200.0|195837.28|50.35
001389.SZ|192.57|206.19|186.78|195.63|13032572.0|258800.89|196.5
603061.SH|368.09|375.88|337.02|338.0|4381716.0|155868.72|373.84
002364.SZ|47.26|48.84|44.86|46.63|33206670.0|155575.34|48.72
603005.SH|36.0|37.24|34.1|34.5|57258472.0|204709.98|37.0
002536.SZ|54.92|57.3|52.0|54.68|45828824.0|253011.89|55.9
002152.SZ|9.86|10.33|9.81|10.19|46966088.0|47530.99|9.97
600595.SH|6.34|6.48|6.13|6.2|100467832.0|62893.21|6.46
603881.SH|24.68|25.87|24.3|25.38|60226536.0|152169.33|24.05
603127.SH|51.58|55.68|50.98|53.25|123303672.0|664155.31|50.62
603077.SH|2.29|2.33|2.23|2.24|210849600.0|47659.09|2.32
002402.SZ|23.01|24.37|22.76|23.4|48462844.0|114456.08|23.26
