600183.SH|120.0|130.99|119.5|127.25|76058816.0|956062.63|122.79
002384.SZ|180.0|195.55|178.99|187.68|85929112.0|1609517.63|188.83
002916.SZ|340.0|367.29|338.08|353.99|10734638.0|380147.28|349.18
002463.SZ|112.74|121.87|112.01|117.2|58949112.0|690911.44|115.6
002938.SZ|89.0|96.17|88.03|93.85|29192814.0|271248.59|91.13
603259.SH|148.82|149.37|141.45|142.7|77509416.0|1119782.13|147.5
002281.SZ|165.39|180.0|162.0|175.49|50783416.0|878753.5|171.55
001309.SZ|371.34|397.51|367.0|388.25|22711246.0|867972.81|386.24
600673.SH|32.0|33.2|31.78|32.17|47584128.0|154690.17|32.56
600105.SH|35.6|38.54|35.39|38.38|197397504.0|731091.94|36.55
000636.SZ|56.01|59.13|54.8|58.28|214586192.0|1222860.0|57.8
600378.SH|43.9|48.48|43.35|48.26|88343104.0|408576.69|44.07
601126.SH|44.32|45.62|43.57|44.67|31873506.0|142017.11|44.58
003031.SZ|106.95|113.88|105.58|111.76|11162288.0|123180.02|108.63
605589.SH|38.31|40.57|38.12|39.53|45534604.0|179489.36|38.91
603156.SH|45.34|47.0|44.2|45.98|11819158.0|54299.74|45.07
600580.SH|35.97|37.4|35.6|36.23|86109568.0|315191.59|36.86
600578.SH|5.99|5.99|5.78|5.87|114810440.0|67103.11|5.99
002558.SZ|29.7|30.81|29.1|29.26|110964528.0|330400.81|30.07
600330.SH|19.48|21.65|19.34|21.65|160931728.0|330975.13|19.68
002945.SZ|14.81|14.99|14.72|14.77|16778092.0|24882.9|15.03
600588.SH|11.64|12.45|11.61|11.99|154144240.0|186010.56|11.85
601611.SH|12.32|12.35|11.91|11.98|113363048.0|137094.58|12.7
002015.SZ|15.88|15.99|15.54|15.75|73632592.0|115965.53|16.12
600499.SH|14.2|14.73|14.1|14.4|62789416.0|89957.16|14.52
002517.SZ|18.28|18.62|17.77|17.9|98742656.0|178557.05|18.38
002498.SZ|7.1|7.12|6.75|6.83|192979328.0|132687.75|7.25
603938.SH|39.05|41.65|39.01|41.33|18309252.0|74466.18|39.8
603833.SH|32.95|33.16|32.45|33.03|6136301.0|20102.13|33.05
603337.SH|45.82|45.82|44.5|44.91|6704888.0|30168.77|46.28
601865.SH|10.95|10.95|10.56|10.68|22925168.0|24541.02|10.93
