603986.SH|373.15|378.0|351.57|364.03|90388992.0|3243900.25|390.63
605117.SH|82.59|86.25|80.88|85.13|14593674.0|122288.3|83.2
002156.SZ|65.88|66.5|62.1|62.1|198173696.0|1248517.25|69.0
000636.SZ|43.76|47.51|43.67|47.51|172632768.0|808697.38|43.19
601179.SH|13.24|13.88|12.82|13.67|214207440.0|290894.63|13.44
603893.SH|200.0|211.99|197.17|203.05|24568114.0|503922.75|199.52
000426.SZ|31.02|32.89|30.99|32.35|57021320.0|182701.66|31.25
600460.SH|30.19|30.48|28.44|29.9|88609072.0|259812.38|30.17
000021.SZ|39.44|41.59|36.04|40.15|190782080.0|732966.75|39.56
002203.SZ|17.3|18.08|16.84|17.76|41425908.0|72247.23|16.79
000975.SZ|21.62|22.58|21.62|22.45|52741596.0|117492.95|21.94
600988.SH|36.7|38.34|36.57|37.86|51037968.0|192071.98|37.29
002409.SZ|160.0|162.8|149.79|152.18|51684820.0|791596.31|166.43
603929.SH|165.76|171.71|152.08|161.24|8839995.0|142750.63|162.51
002407.SZ|33.0|33.55|30.78|31.99|207047408.0|658873.44|34.2
600206.SH|43.09|43.28|39.15|39.86|113685728.0|457986.34|43.5
001267.SZ|31.46|31.85|28.71|30.12|33260592.0|99864.95|31.09
002364.SZ|35.43|36.3|34.15|36.18|36148296.0|127802.07|36.01
603005.SH|29.64|29.96|27.92|29.63|49395408.0|142569.88|29.94
603115.SH|68.0|72.56|65.54|69.91|12613370.0|86983.52|67.81
600550.SH|11.09|12.17|11.01|11.85|80082280.0|93323.61|11.16
605198.SH|54.7|59.3|54.7|56.15|4677500.0|26677.82|54.49
600552.SH|15.8|16.09|14.97|15.67|80848312.0|124594.32|16.03
603026.SH|64.0|68.2|60.82|66.43|17270176.0|111796.27|64.5
002913.SZ|42.02|42.5|39.19|40.78|6537050.0|26543.76|42.2
002545.SZ|18.86|19.17|18.15|18.96|28231600.0|53007.76|18.93
