600176.SH|26.61|26.74|25.4|25.54|132428440.0|346730.94|27.29
000657.SZ|53.3|55.15|52.08|52.18|79227936.0|423815.31|55.1
600482.SH|31.6|31.77|30.79|31.26|44273744.0|138678.48|31.81
600875.SH|32.67|32.92|31.04|31.33|118518064.0|380157.34|33.12
601360.SH|12.81|13.24|12.78|12.8|191766144.0|250473.03|13.02
600392.SH|29.88|30.56|29.02|29.16|113737400.0|341490.09|30.61
603308.SH|67.13|67.28|64.32|64.75|27864632.0|183108.64|67.13
603929.SH|139.35|150.73|139.35|145.13|6194417.0|91395.81|139.23
000559.SZ|19.32|20.44|19.26|20.11|249907776.0|505404.16|19.42
002129.SZ|10.71|10.8|10.31|10.32|199996624.0|209624.34|10.76
603663.SH|32.54|33.18|32.14|32.17|6280390.0|28733.28|32.74
002945.SZ|19.22|19.29|18.49|18.51|28194184.0|52991.18|19.02
001267.SZ|29.43|31.39|29.1|30.4|45708224.0|139331.41|29.91
603115.SH|25.21|26.02|24.53|24.62|7995600.0|20483.29|25.72
600977.SH|17.47|18.78|17.37|18.52|112662528.0|204414.11|17.58
600186.SH|6.4|6.66|6.37|6.39|138106208.0|89683.28|6.53
603667.SH|85.57|93.69|85.38|90.52|54025776.0|484923.53|86.22
603876.SH|19.31|20.72|19.28|19.79|40081628.0|80639.22|19.57
603881.SH|35.81|37.57|35.4|35.64|89985120.0|392190.09|36.25
