600183.SH|136.0|136.0|119.06|123.34|94539176.0|1185104.5|132.29
002384.SZ|241.91|246.0|217.73|217.73|108824072.0|2458374.0|241.92
601698.SH|25.82|26.16|24.0|24.55|41100028.0|102964.68|25.59
600118.SH|63.79|64.08|57.38|59.47|51749924.0|313740.66|62.34
002636.SZ|77.82|78.99|72.54|72.54|29787688.0|221786.52|80.6
600436.SH|134.73|143.23|130.64|138.45|18063362.0|249555.92|145.06
002532.SZ|12.2|12.76|11.8|12.5|142133120.0|175173.05|11.99
000703.SZ|14.85|15.48|14.74|15.11|120677216.0|182730.94|14.65
002558.SZ|29.31|30.09|28.12|29.98|121713280.0|357829.56|29.12
000596.SZ|85.34|93.83|85.0|93.83|11388249.0|104465.09|85.3
001389.SZ|170.07|172.91|158.46|158.46|11819711.0|194071.92|176.07
001896.SZ|13.2|15.0|12.56|14.82|194551872.0|275801.56|13.96
002517.SZ|16.22|16.71|15.8|16.69|105064368.0|171862.88|16.2
600732.SH|11.95|12.14|11.08|11.36|35865408.0|41282.31|11.84
002536.SZ|49.0|51.32|44.29|44.29|48723612.0|233694.34|49.21
600595.SH|6.15|6.43|6.07|6.34|148913744.0|93643.24|6.11
000959.SZ|3.7|3.82|3.65|3.82|74752432.0|28064.28|3.73
603127.SH|43.14|48.48|43.14|47.0|94501856.0|432810.69|47.93
603077.SH|2.25|2.31|2.23|2.28|200496752.0|45493.54|2.25
002402.SZ|20.98|21.22|19.43|19.86|52854224.0|107065.71|21.06
