603986.SH|444.0|462.5|438.5|457.0|50554264.0|2286053.25|451.96
601898.SH|14.34|14.65|13.66|13.67|58734972.0|82392.48|14.27
600188.SH|21.73|21.98|19.66|19.73|73476464.0|151948.81|21.83
002156.SZ|68.03|76.8|68.03|76.64|263409648.0|1981787.5|69.82
601991.SH|6.74|6.84|6.29|6.29|623932608.0|406064.59|6.99
600938.SH|33.67|33.83|31.81|31.91|101079072.0|331624.31|32.99
603893.SH|207.52|231.0|207.52|221.8|32904800.0|733920.5|214.0
000426.SZ|31.75|32.45|31.11|31.37|70072648.0|222106.42|33.59
600460.SH|31.55|32.71|31.1|31.57|70460792.0|224886.94|32.22
000021.SZ|38.5|42.8|38.29|41.99|209695664.0|859314.81|39.09
600436.SH|133.62|134.0|128.63|128.74|9290422.0|123202.0|135.01
002203.SZ|18.45|18.53|17.62|17.85|23909388.0|43006.04|18.75
000975.SZ|21.23|22.69|21.23|21.8|89203704.0|196424.52|22.81
600988.SH|36.35|37.87|35.0|36.49|83197688.0|305706.75|38.83
600578.SH|5.98|6.03|5.54|5.54|187750768.0|107615.6|6.16
002409.SZ|146.5|158.75|145.0|153.95|41718916.0|638784.19|149.07
603929.SH|160.02|172.98|158.69|165.5|6148346.0|102692.4|163.35
600206.SH|41.0|45.05|40.61|44.0|136499264.0|586998.19|41.57
600863.SH|4.94|4.98|4.64|4.66|222842544.0|111238.44|5.01
000596.SZ|91.0|91.5|87.3|87.52|7088107.0|62970.21|90.89
601001.SH|17.66|17.88|16.46|16.46|28062002.0|47658.02|17.6
603005.SH|30.42|31.58|30.01|30.76|44949864.0|138983.7|30.84
600396.SH|15.92|16.41|14.77|14.77|291485664.0|450895.09|16.41
600126.SH|6.34|6.4|6.07|6.07|98243280.0|60991.48|6.5
600095.SH|8.84|9.15|8.53|8.53|75242120.0|65971.79|9.05
600552.SH|15.9|16.13|15.38|15.55|55853000.0|87947.8|16.23
002913.SZ|44.0|46.5|43.15|45.08|6993534.0|31635.42|44.22
002545.SZ|19.21|19.44|18.56|18.56|30812816.0|58186.64|19.6
