001309.SZ|373.94|376.61|348.96|349.0|27214536.0|977539.5|385.9
000636.SZ|48.0|53.18|47.01|51.96|181021072.0|920776.69|49.35
600578.SH|5.73|5.97|5.7|5.9|144269872.0|84553.0|5.76
002409.SZ|130.0|131.66|120.42|120.91|38457400.0|476434.22|133.8
002558.SZ|28.98|31.2|28.98|29.09|154665888.0|464167.13|29.28
002407.SZ|30.8|30.82|29.3|30.01|125364200.0|376474.25|31.44
002945.SZ|14.68|14.98|14.53|14.9|27421220.0|40601.61|14.64
001267.SZ|29.55|30.07|29.0|29.15|35058304.0|103095.63|29.82
002364.SZ|35.24|36.05|33.8|34.15|28895760.0|100186.5|35.48
600499.SH|16.4|16.51|15.66|15.91|34749720.0|55820.06|16.49
603115.SH|67.87|68.89|63.5|64.12|9023915.0|59021.82|69.25
002517.SZ|17.21|18.3|17.0|18.0|158831008.0|283939.38|17.19
002498.SZ|6.99|7.42|6.7|7.24|231627088.0|164407.17|6.83
605198.SH|55.37|56.2|53.33|54.51|4660300.0|25451.58|56.96
603833.SH|34.2|34.2|33.47|33.76|5430500.0|18362.38|34.8
