600584.SH|49.4|50.35|48.45|49.02|165477936.0|814396.44|49.4
600893.SH|48.86|49.1|47.41|47.7|69783824.0|334239.63|48.85
002156.SZ|54.64|57.34|53.68|56.34|237120624.0|1307219.13|56.0
601231.SH|31.0|31.95|30.35|30.58|61320356.0|189096.97|31.81
002636.SZ|24.9|25.63|24.19|25.63|81118896.0|205088.33|23.3
600378.SH|38.67|39.97|38.33|39.68|14968549.0|58732.88|38.48
002185.SZ|13.8|14.57|13.63|14.28|464062848.0|653949.13|13.85
601126.SH|37.5|39.0|37.21|37.89|24306226.0|92661.45|37.43
605376.SH|77.9|78.27|74.68|77.05|10751195.0|82203.17|77.74
000066.SZ|18.8|18.84|18.1|18.29|498715744.0|915870.94|19.5
600372.SH|16.77|16.88|16.25|16.48|188726976.0|311920.72|16.55
601117.SH|8.9|9.2|8.85|8.93|265620320.0|237989.66|8.95
002558.SZ|49.8|50.5|48.15|49.81|40498996.0|200344.31|49.34
002240.SZ|39.15|41.99|38.71|41.87|82640560.0|334538.63|39.13
603650.SH|60.2|63.1|58.16|61.89|40327324.0|242855.55|60.9
600246.SH|14.05|14.25|13.63|14.05|118547864.0|164975.34|14.03
603115.SH|24.66|24.66|23.97|24.3|11327550.0|27520.42|24.66
600114.SH|36.09|37.22|35.85|36.12|21096896.0|76571.87|35.75
600312.SH|22.26|22.65|22.06|22.35|56184952.0|125531.59|22.26
000738.SZ|25.69|25.91|25.04|25.33|80479784.0|204064.34|25.94
002130.SZ|31.91|32.22|31.29|31.44|131059344.0|414236.63|32.73
000400.SZ|31.38|31.82|31.0|31.3|58789400.0|184324.14|31.2
003035.SZ|5.58|5.85|5.56|5.72|112277432.0|64271.62|5.6
603737.SH|53.67|53.67|50.8|51.58|7396137.0|38227.01|53.28
002290.SZ|62.65|63.65|58.44|59.6|17031310.0|102672.84|64.13
603638.SH|22.18|23.2|21.91|22.85|18217888.0|41085.99|22.12
002545.SZ|27.17|29.92|26.67|29.0|39309184.0|111619.88|27.2
601677.SH|16.24|16.8|16.12|16.62|80224088.0|132544.95|16.21
