603986.SH|400.22|408.25|390.63|390.63|44389636.0|1760415.5|434.03
605117.SH|87.08|87.71|82.4|83.2|14106528.0|119245.82|88.22
601898.SH|13.75|13.86|13.32|13.72|38354020.0|52023.21|13.84
600188.SH|19.61|20.03|19.3|19.8|39795496.0|78123.65|19.97
002156.SZ|72.07|73.85|69.0|69.0|191701040.0|1356997.75|76.67
601991.SH|6.11|6.21|5.93|5.94|433447168.0|262162.34|6.22
600938.SH|30.42|31.53|30.42|31.32|54000020.0|167555.16|31.55
601179.SH|13.77|13.78|13.3|13.44|207160464.0|279200.47|14.09
603893.SH|211.0|218.6|199.11|199.52|23954928.0|498706.22|218.0
000426.SZ|31.0|32.3|31.0|31.25|70298600.0|221866.55|33.33
600460.SH|31.4|32.28|29.9|30.17|72242416.0|223843.17|32.33
000021.SZ|41.6|42.75|39.56|39.56|172765440.0|708291.06|43.95
002203.SZ|17.71|17.86|16.65|16.79|26335556.0|45051.91|18.07
000975.SZ|21.8|22.27|21.56|21.94|50435332.0|110576.66|22.44
600988.SH|37.09|37.5|36.22|37.29|50817760.0|187565.05|38.14
600578.SH|5.53|5.58|5.38|5.41|108636192.0|59251.6|5.55
002409.SZ|163.7|175.3|159.0|166.43|58171016.0|985216.69|169.35
603929.SH|172.05|178.8|160.49|162.51|6548318.0|110635.65|177.44
600206.SH|45.05|46.9|42.56|43.5|125169160.0|561381.06|47.05
600863.SH|4.74|4.85|4.64|4.66|133886000.0|63135.54|4.74
000596.SZ|88.55|91.52|87.1|90.45|9297626.0|83350.9|87.75
601001.SH|16.09|16.52|15.58|16.49|22515500.0|35988.82|16.47
603005.SH|30.5|32.23|29.6|29.94|45435224.0|139898.03|31.22
600396.SH|15.39|17.21|14.72|16.58|346590496.0|552676.75|15.68
600126.SH|6.04|6.22|6.03|6.09|52227040.0|31945.54|6.17
600550.SH|11.5|11.56|11.13|11.16|52010100.0|58543.78|11.63
605198.SH|56.25|58.1|53.72|54.49|3608000.0|20225.44|56.94
600552.SH|16.5|17.11|15.82|16.03|85801328.0|141557.14|16.39
603026.SH|65.0|67.55|63.81|64.5|13535200.0|88580.53|65.6
002913.SZ|45.0|45.5|41.9|42.2|7283700.0|31601.98|46.33
002545.SZ|18.14|19.15|17.87|18.93|37955488.0|70943.95|18.42
