600489.SH|35.0|37.71|34.39|37.71|183897120.0|671533.31|34.28
601012.SH|19.16|19.44|18.8|18.82|258433968.0|491657.78|19.2
002185.SZ|15.08|15.78|15.03|15.18|680788288.0|1042691.69|14.64
000066.SZ|17.13|17.13|16.59|16.6|180935728.0|303417.81|17.08
000975.SZ|36.21|38.42|35.3|38.21|85216480.0|321072.34|35.25
600988.SH|43.64|46.54|42.79|46.54|139634240.0|637599.0|42.28
601117.SH|8.75|9.2|8.66|8.93|319255008.0|290010.13|8.72
603806.SH|18.24|18.3|17.5|17.64|72734440.0|130355.51|18.59
603920.SH|68.35|70.94|67.58|68.08|32661848.0|225901.36|67.95
002240.SZ|39.0|39.88|37.81|39.1|53039552.0|205514.44|39.43
600330.SH|13.07|13.09|12.55|12.63|70280128.0|89337.16|13.08
600246.SH|13.55|13.6|12.98|13.05|75982568.0|100367.36|13.52
600732.SH|14.41|14.85|14.31|14.49|70459968.0|102684.91|14.45
601118.SH|6.62|7.33|6.62|7.13|195049424.0|137097.17|6.66
603939.SH|23.48|24.04|23.22|23.65|13461499.0|32404.62|23.57
601106.SH|5.57|5.62|5.34|5.42|193397376.0|104557.54|5.55
002266.SZ|4.86|5.11|4.74|5.04|323975200.0|162979.0|4.85
601608.SH|7.86|7.97|7.61|7.9|124011920.0|97057.31|7.9
003035.SZ|5.78|6.12|5.66|5.98|125328160.0|74893.96|5.78
603737.SH|43.61|45.18|43.39|44.78|5503991.0|29325.78|43.43
002290.SZ|59.95|60.19|57.55|58.63|5113200.0|29985.8|59.27
601677.SH|16.94|18.13|16.73|17.95|123012376.0|219295.39|16.86
