600176.SH|27.3|28.3|27.1|28.3|127829880.0|356083.66|25.73
000657.SZ|54.66|55.26|53.08|53.48|63377900.0|342518.5|52.41
600673.SH|36.21|38.36|35.88|37.8|124910648.0|464322.56|37.8
002837.SZ|112.01|113.0|105.73|109.1|49711236.0|542331.44|113.14
600482.SH|31.5|33.48|31.43|33.19|62494740.0|204776.14|31.26
600875.SH|32.51|34.4|31.97|33.84|132079256.0|438815.13|31.86
601360.SH|13.0|13.14|12.47|12.76|179209616.0|227449.94|12.9
600392.SH|30.38|30.4|28.9|29.12|116571824.0|341813.88|29.46
603308.SH|66.42|69.49|66.0|67.44|24224440.0|164338.55|64.91
603929.SH|145.0|151.47|142.1|145.51|5809625.0|85245.65|146.78
000559.SZ|20.41|20.78|18.85|19.88|240073056.0|473017.25|20.31
603688.SH|45.5|49.1|45.5|48.71|39435452.0|187725.47|44.64
002129.SZ|10.58|10.73|10.39|10.4|152867696.0|160850.55|10.32
603663.SH|45.14|45.66|43.84|44.56|11270301.0|50131.55|45.14
001267.SZ|30.68|30.96|29.45|29.93|34264140.0|103189.19|30.46
603115.SH|25.85|27.74|25.35|27.74|12405607.0|33100.4|25.22
600977.SH|16.7|16.84|16.7|16.7|22144000.0|36990.1|18.55
600186.SH|6.48|6.55|6.27|6.3|97190088.0|61536.86|6.39
603667.SH|90.4|90.49|81.58|84.39|49619452.0|418178.78|90.64
603876.SH|20.35|20.5|19.44|19.55|37225528.0|73615.8|19.92
603881.SH|42.88|42.88|38.6|38.98|90200992.0|357179.31|42.8
