002384.SZ|112.71|120.5|111.0|119.0|87264904.0|1011609.0|110.93
601869.SH|242.0|245.0|228.0|233.0|15235142.0|356450.28|241.9
600188.SH|21.68|22.01|20.78|20.9|98696032.0|209407.83|21.77
600498.SH|52.83|53.3|50.19|51.11|64204268.0|328982.34|52.36
601868.SH|3.68|3.81|3.37|3.43|3130609408.0|1095755.63|3.74
002648.SZ|28.66|29.07|26.88|27.01|88279880.0|243470.72|28.25
601877.SH|38.33|38.58|35.79|35.98|75834280.0|274967.44|38.33
000066.SZ|16.29|16.59|15.98|16.45|97144992.0|157656.11|16.41
600330.SH|18.48|19.68|18.48|18.91|182803136.0|347140.47|18.43
002432.SZ|56.23|56.48|53.6|54.36|25152574.0|137122.3|55.31
001896.SZ|15.0|15.34|13.9|13.9|240807584.0|343036.91|15.44
002025.SZ|56.1|58.65|56.1|57.58|38403120.0|220365.8|54.9
002335.SZ|64.0|64.23|60.68|63.77|35963488.0|225894.69|64.06
600396.SH|4.27|4.27|4.27|4.27|78849488.0|33668.73|3.88
600873.SH|12.95|13.24|12.5|12.83|93777488.0|120455.2|12.81
002831.SZ|34.56|38.02|33.56|38.02|37437712.0|131765.72|34.56
003035.SZ|10.1|10.15|9.01|9.12|187522240.0|175456.7|9.97
603077.SH|3.25|3.36|3.13|3.16|649459904.0|208927.3|3.28
