601872.SH|20.33|20.75|18.86|19.75|200280640.0|393607.06|20.16
600869.SH|15.64|16.25|15.48|15.98|130465168.0|207407.91|15.83
603296.SH|97.0|101.61|95.81|99.05|17282944.0|170483.14|97.49
003031.SZ|92.0|100.03|91.5|96.47|20061748.0|193628.89|93.39
600066.SH|36.46|37.77|36.46|37.58|26981108.0|100924.16|36.71
603260.SH|42.8|43.0|42.01|42.12|9813418.0|41565.17|43.42
002222.SZ|78.18|83.5|78.0|81.69|46717716.0|376351.16|81.09
000703.SZ|14.73|16.17|14.59|15.6|99546704.0|155719.09|14.83
002558.SZ|33.9|33.93|32.5|32.97|55645512.0|183293.34|34.58
600259.SH|90.94|96.7|90.0|95.46|19757352.0|187075.98|91.63
000062.SZ|27.93|29.13|27.6|28.98|85578600.0|243441.59|28.31
002025.SZ|70.39|78.22|70.39|78.22|26843908.0|204558.63|71.11
603067.SH|38.89|39.2|37.4|37.98|28910756.0|110597.07|38.99
000766.SZ|21.2|21.68|21.06|21.07|20098492.0|42770.79|21.51
002624.SZ|20.0|20.25|19.71|20.06|56575492.0|112964.94|20.22
603826.SH|26.8|27.23|26.23|26.49|12192443.0|32454.61|27.59
