600584.SH|48.91|53.47|48.48|52.51|231403760.0|1197364.13|49.39
600089.SH|29.55|30.41|29.05|29.24|533292384.0|1597268.25|30.42
600893.SH|45.11|48.08|44.81|46.66|90535712.0|419599.5|45.36
002156.SZ|50.92|56.03|49.92|56.03|142412672.0|770656.44|50.93
601231.SH|29.28|31.32|28.88|30.58|56650572.0|172150.13|29.55
002636.SZ|20.4|21.53|19.99|21.06|57838336.0|121720.86|20.4
600378.SH|37.49|37.9|37.02|37.58|10974126.0|41620.06|37.46
601126.SH|38.16|39.79|37.32|38.13|34031856.0|133276.09|39.11
605376.SH|73.56|74.17|70.23|73.89|16904142.0|122994.67|73.89
600372.SH|15.59|15.9|15.37|15.57|122882080.0|192218.52|15.65
002558.SZ|50.94|51.61|49.57|50.11|32904022.0|166283.48|50.95
603650.SH|61.0|63.67|59.5|62.18|36837052.0|229369.94|63.8
603115.SH|23.05|24.28|22.56|23.45|12784994.0|30818.14|22.96
600114.SH|34.01|36.26|33.78|35.6|30459568.0|109026.65|34.02
600312.SH|22.91|23.14|22.3|22.36|94189440.0|213863.47|23.37
000738.SZ|24.0|24.97|23.78|24.21|69432120.0|168758.77|24.44
002130.SZ|30.08|31.2|29.51|30.79|162849728.0|498433.44|30.46
603881.SH|27.62|28.62|27.62|28.16|31606718.0|107147.23|28.02
000400.SZ|32.31|32.46|31.23|31.6|83052808.0|265289.13|32.67
603638.SH|21.71|22.86|21.41|22.38|20639952.0|46053.41|21.74
600170.SH|2.89|2.91|2.88|2.9|191098016.0|55836.98|2.91
002545.SZ|23.9|25.95|23.56|25.78|42195640.0|107609.48|23.56
