002938.SZ|73.89|75.21|69.2|70.59|51999936.0|376363.03|74.42
600487.SH|67.73|71.03|66.28|69.27|221203008.0|1530961.88|69.25
002281.SZ|129.7|135.67|123.0|128.7|86801056.0|1107510.25|131.68
600522.SH|33.74|34.24|32.32|32.95|209921088.0|700273.63|33.81
000657.SZ|55.08|56.69|53.07|54.95|75265464.0|413406.03|56.34
600549.SH|60.3|62.25|59.61|61.38|63373504.0|388393.16|62.25
601698.SH|38.17|38.17|35.68|36.06|93282976.0|339175.91|38.17
600118.SH|99.95|100.65|95.09|96.29|78909824.0|768775.63|101.99
600703.SH|15.35|15.94|15.0|15.11|355345504.0|546374.88|15.51
003031.SZ|125.41|129.76|124.15|127.35|14980026.0|191393.95|124.34
601061.SH|13.82|14.39|13.72|13.93|38806168.0|55160.58|13.89
002595.SZ|61.72|62.45|59.94|60.86|3529112.0|31483.06|61.97
002203.SZ|17.62|17.99|17.44|17.56|42790352.0|76289.77|17.51
002859.SZ|44.72|46.66|44.6|45.86|9168793.0|42214.75|45.46
000811.SZ|22.33|22.5|21.68|22.12|38109364.0|84571.21|22.33
002432.SZ|83.66|86.37|79.19|79.89|30489804.0|255523.73|84.5
603268.SH|142.69|149.0|142.48|146.41|10546765.0|154195.09|142.48
000062.SZ|30.71|34.24|30.35|34.24|112134576.0|373147.75|31.12
600699.SH|29.01|29.62|28.23|28.7|74815792.0|218154.27|29.33
603606.SH|54.37|55.53|53.11|53.9|16981104.0|111517.3|54.46
600641.SH|27.08|28.5|27.06|27.22|62716400.0|172630.63|27.0
001389.SZ|171.18|184.57|167.15|169.95|17728152.0|311981.53|167.73
001896.SZ|17.49|17.89|16.5|16.75|167387616.0|286330.38|17.97
600208.SH|4.3|4.73|4.27|4.73|358656352.0|164858.03|4.3
600126.SH|10.39|11.22|10.06|10.48|389550880.0|414623.53|10.43
