600183.SH|73.5|73.86|70.95|73.25|43950264.0|318076.41|71.41
002050.SZ|54.5|57.99|54.05|56.28|341347104.0|1921214.88|55.31
600362.SH|55.02|55.28|52.8|54.3|101793232.0|550719.0|54.92
002851.SZ|91.51|91.8|88.8|91.03|17245218.0|155979.42|90.07
002202.SZ|22.44|22.44|21.69|21.82|648782720.0|1441814.13|20.4
600879.SH|22.3|22.65|21.0|21.75|735816832.0|1599305.38|21.32
002429.SZ|7.47|7.56|7.35|7.4|87741848.0|65148.83|7.42
000559.SZ|16.5|17.57|16.5|17.02|381222720.0|645659.63|17.2
600330.SH|12.9|13.15|12.7|12.97|128203760.0|165206.88|13.13
002261.SZ|33.1|33.99|32.94|33.75|102748112.0|344012.66|33.1
002465.SZ|16.5|17.33|15.96|17.33|357778432.0|599215.13|15.75
000981.SZ|4.11|4.28|4.04|4.05|1391018752.0|573816.69|4.16
605090.SH|43.82|46.07|42.1|44.63|45550456.0|200933.47|43.1
002756.SZ|54.4|55.84|52.62|55.41|17844336.0|97169.05|54.25
