603986.SH|753.0|779.0|732.52|770.0|49392560.0|3741830.25|775.21
601066.SH|29.6|31.4|29.6|30.25|146385776.0|449909.97|29.56
601872.SH|20.32|20.85|19.19|19.31|234864336.0|464341.72|21.35
000776.SZ|23.02|23.52|22.22|22.35|127146488.0|290143.78|23.14
002600.SZ|17.69|17.85|16.36|16.41|389082656.0|658989.81|17.88
600362.SH|44.79|45.48|41.6|41.79|76723496.0|335196.88|44.83
600703.SH|21.55|23.18|21.41|21.73|543221248.0|1207400.13|21.67
601179.SH|16.4|16.5|14.88|14.88|246996416.0|380416.22|16.09
000021.SZ|53.0|57.63|52.22|53.51|227289152.0|1246327.25|53.2
603083.SH|258.0|259.88|242.5|245.92|23931684.0|598350.38|260.4
600392.SH|31.51|32.24|29.8|29.82|154893744.0|480534.88|31.9
600497.SH|12.2|13.22|11.97|12.54|442849856.0|560728.5|12.31
601233.SH|24.5|25.3|23.6|23.94|54025468.0|132001.78|24.48
601117.SH|7.97|7.97|7.51|7.52|159239376.0|121967.28|8.0
002409.SZ|180.0|195.2|178.2|188.6|35597792.0|668083.88|181.03
603929.SH|256.0|270.36|247.0|260.85|14029963.0|366424.88|255.07
603629.SH|146.16|146.16|133.37|133.37|28787060.0|550020.19|148.22
600667.SH|26.23|27.78|26.14|26.82|527927840.0|1448868.38|25.25
600707.SH|13.64|14.91|13.63|13.96|317166688.0|453429.66|13.63
002407.SZ|43.8|44.68|41.35|41.51|167956784.0|719530.44|43.79
002240.SZ|46.48|46.7|42.25|42.35|67558968.0|295861.53|46.51
600259.SH|103.42|104.71|99.01|99.52|18107268.0|183136.66|104.89
600563.SH|188.0|195.5|177.7|188.76|17084814.0|319362.56|190.04
000987.SZ|8.1|8.18|7.66|7.66|59434368.0|47500.01|8.23
600352.SH|12.66|12.76|12.03|12.32|93095752.0|118600.02|12.77
000060.SZ|7.91|8.24|7.54|7.63|309116576.0|243226.94|7.91
601108.SH|8.5|8.72|8.34|8.36|122865912.0|105676.02|8.57
000967.SZ|11.38|11.43|10.5|10.5|160184848.0|174856.09|11.68
002046.SZ|76.14|76.95|73.38|74.32|28631572.0|215621.22|75.41
000962.SZ|85.0|90.15|81.0|87.03|42830672.0|364890.63|84.02
002364.SZ|56.58|57.0|51.81|53.95|44166804.0|238300.23|56.1
000032.SZ|25.39|25.74|24.17|24.22|82946576.0|206128.72|25.68
002552.SZ|70.55|71.0|66.0|66.8|14453550.0|98305.35|72.72
603588.SH|19.6|19.61|18.39|19.03|124316528.0|234763.27|19.6
002497.SZ|22.3|22.34|19.99|19.99|63738988.0|132076.06|22.21
002192.SZ|91.68|92.76|82.49|82.49|30723626.0|264757.94|91.68
603127.SH|37.89|39.47|36.44|36.96|25989936.0|98201.88|38.49
600596.SH|17.31|18.39|16.78|17.8|130771672.0|230110.75|17.15
