600183.SH|113.2|117.01|109.55|115.72|79441088.0|910237.06|107.21
603986.SH|477.36|514.86|460.25|514.85|59361412.0|2938771.5|467.99
603156.SH|43.4|45.3|41.5|43.93|20604414.0|91920.48|43.78
002920.SZ|106.21|111.0|106.2|108.32|23820864.0|258316.19|110.5
605358.SH|51.85|54.29|50.36|54.01|54411080.0|290201.47|52.08
600895.SH|38.89|40.66|38.73|40.24|99678808.0|397016.84|39.52
600021.SH|17.24|18.61|17.24|18.17|113287808.0|208214.64|17.23
002126.SZ|59.28|59.51|56.01|57.89|25833368.0|147986.45|58.99
002407.SZ|42.44|42.44|38.43|38.43|214347664.0|843860.63|42.7
603663.SH|37.79|39.6|36.44|39.6|30521880.0|162910.83|35.99
600246.SH|15.7|15.97|14.78|15.5|245178928.0|375723.22|15.69
600863.SH|5.34|5.93|5.34|5.93|373801504.0|212752.55|5.39
000962.SZ|67.06|68.27|63.16|64.66|40591160.0|264785.66|62.14
600500.SH|6.25|6.28|5.68|5.71|124984240.0|72765.75|6.31
001896.SZ|16.01|17.3|15.8|16.92|238377104.0|394048.34|15.76
603005.SH|40.19|43.05|39.63|43.05|107073328.0|451014.31|39.14
