600893.SH|46.21|50.52|45.98|50.52|88283432.0|426683.88|45.92
601012.SH|18.8|19.39|18.36|19.2|386428288.0|730607.06|19.09
600378.SH|37.77|38.89|37.68|38.43|8691442.0|33582.04|37.76
002185.SZ|13.25|14.64|13.04|14.64|453229216.0|631617.19|13.31
601126.SH|36.43|37.63|35.81|37.36|23451412.0|87650.52|36.88
605376.SH|78.86|84.77|78.1|83.4|12758958.0|105120.09|78.7
000066.SZ|17.07|17.4|16.56|17.08|263014288.0|446738.28|17.23
600372.SH|15.75|16.51|15.73|16.37|149545248.0|243029.33|15.82
601117.SH|8.88|8.92|8.6|8.72|205698560.0|181386.34|8.9
603806.SH|17.55|18.93|17.4|18.59|128497112.0|235111.39|17.72
002558.SZ|46.29|47.57|44.43|47.14|41988364.0|194521.61|46.02
603920.SH|63.65|68.5|62.35|67.95|41384816.0|272226.09|63.87
002240.SZ|40.11|41.4|37.61|39.43|61066748.0|237321.67|40.1
600330.SH|12.97|13.19|12.51|13.08|72019832.0|93255.84|12.98
600246.SH|13.16|14.09|12.74|13.52|110029216.0|147199.58|13.26
603115.SH|22.76|23.35|21.85|23.17|9427200.0|21956.77|22.64
600114.SH|33.67|34.81|33.32|34.55|16675790.0|57407.89|33.85
600732.SH|14.15|14.6|13.42|14.45|87016032.0|122072.64|14.22
600312.SH|22.12|22.45|21.42|21.98|43625332.0|95697.63|22.38
000738.SZ|23.93|26.25|23.93|26.25|104290504.0|266570.44|23.86
601118.SH|6.84|6.88|6.54|6.66|108151920.0|72033.22|6.85
603939.SH|24.0|24.3|23.43|23.57|14350976.0|34613.35|24.13
601106.SH|5.6|5.78|5.41|5.55|236259232.0|131026.38|5.65
002266.SZ|4.92|4.98|4.75|4.85|206954992.0|101384.83|4.97
601608.SH|7.9|8.09|7.74|7.93|120979848.0|95358.5|7.98
000400.SZ|31.01|31.01|29.89|30.71|47772688.0|146550.75|31.27
003035.SZ|5.76|5.81|5.57|5.78|91479816.0|52114.24|5.91
603737.SH|43.19|44.56|42.89|43.43|4262520.0|22379.95|43.6
002290.SZ|58.03|59.29|57.09|59.27|6190000.0|36252.46|58.2
601677.SH|16.79|17.39|16.53|16.86|80683056.0|137888.48|16.94
