601898.SH|14.45|15.06|14.35|14.77|55614400.0|81997.65|14.54
600188.SH|16.66|17.59|16.5|17.51|119337288.0|206250.0|16.65
600482.SH|30.83|32.5|30.55|31.81|68563064.0|216488.5|30.88
600875.SH|30.88|33.65|30.87|33.65|144937168.0|473373.53|30.59
600115.SH|6.23|6.23|5.95|6.0|151386384.0|91887.89|6.19
601360.SH|12.79|13.26|12.75|13.12|245872176.0|319540.0|12.81
600392.SH|28.74|31.24|28.62|30.91|142235072.0|431851.38|28.79
603308.SH|62.5|67.29|61.23|67.29|30078294.0|196102.34|61.17
603929.SH|147.5|148.9|140.47|140.88|3804300.0|54639.23|143.78
000559.SZ|19.85|20.53|19.56|19.62|238529120.0|474490.88|20.21
002129.SZ|10.87|11.0|10.64|10.76|252965104.0|272691.31|10.98
603663.SH|46.61|47.01|45.4|45.94|8789902.0|40659.41|46.27
002945.SZ|19.25|19.42|18.91|19.08|23246404.0|44409.28|19.43
603115.SH|25.51|26.45|25.21|26.32|13711300.0|35573.28|25.4
600977.SH|18.02|18.25|17.22|17.61|118031296.0|207858.34|18.76
603667.SH|86.0|88.88|85.22|86.34|35928508.0|313865.59|87.45
603876.SH|19.6|20.2|19.2|19.7|50920292.0|99888.86|20.17
603881.SH|43.99|44.99|42.85|43.53|110030944.0|481962.75|42.0
