603986.SH|446.0|446.1|411.3|434.03|62878264.0|2691017.5|457.0
605117.SH|89.32|89.55|86.66|88.22|12760569.0|111932.69|88.45
601898.SH|13.6|13.91|13.36|13.84|44846904.0|61537.48|13.67
600188.SH|19.02|20.4|18.91|19.97|67308136.0|131662.73|19.73
002156.SZ|72.88|76.7|71.0|76.67|232111616.0|1727723.38|76.64
601991.SH|6.03|6.49|6.02|6.22|553118016.0|343205.31|6.29
600938.SH|30.55|31.8|30.0|31.55|107389568.0|331149.25|31.91
601179.SH|13.32|14.2|13.17|14.09|281810208.0|391448.44|13.55
603893.SH|219.0|221.7|208.11|218.0|25502174.0|548130.06|221.8
000426.SZ|32.49|33.35|31.8|33.33|59134032.0|192740.7|31.37
600460.SH|31.3|32.33|30.62|32.33|68411568.0|216736.52|31.57
000021.SZ|41.16|44.08|38.95|43.95|233249216.0|977336.94|41.99
002203.SZ|17.94|18.27|17.58|18.07|20279924.0|36369.66|17.85
000975.SZ|22.54|22.59|21.73|22.44|72366936.0|160324.53|21.8
600988.SH|37.8|38.56|36.03|38.14|74988832.0|278438.47|36.49
600578.SH|5.22|5.68|5.22|5.55|150366912.0|82514.38|5.54
002409.SZ|154.2|169.35|153.0|169.35|52401624.0|857916.5|153.95
603929.SH|164.38|178.25|163.0|177.44|8658200.0|149220.06|165.5
600206.SH|43.3|47.7|41.08|47.05|149711040.0|678211.25|44.0
600863.SH|4.77|4.98|4.72|4.96|145000960.0|71035.21|4.88
000596.SZ|87.05|88.78|86.5|87.75|5397141.0|47294.82|87.52
601001.SH|15.8|16.53|15.59|16.47|17279676.0|28111.53|16.46
603005.SH|30.57|31.3|29.31|31.22|46049348.0|141137.95|30.76
600396.SH|14.0|16.2|14.0|15.68|298728992.0|452413.44|14.77
600126.SH|5.99|6.18|5.89|6.17|62230532.0|37744.49|6.07
600550.SH|11.14|11.79|11.14|11.63|76071376.0|87929.28|11.35
600095.SH|8.43|8.56|8.15|8.54|60692700.0|51087.49|8.53
600552.SH|15.56|16.5|15.22|16.39|59996848.0|95836.9|15.55
603026.SH|62.74|67.15|61.64|65.6|16726101.0|108139.25|62.03
002913.SZ|44.6|46.52|44.19|46.33|6070687.0|27541.52|45.08
002545.SZ|18.67|18.7|18.08|18.42|23555936.0|43391.32|18.56
