000988.SZ|93.85|103.48|93.85|101.55|117365776.0|1177458.63|95.83
600989.SH|27.78|27.8|25.66|26.95|220052128.0|586855.25|28.51
000657.SZ|62.31|68.83|62.0|66.48|95729784.0|636075.19|64.94
605117.SH|120.99|127.98|118.0|123.21|16053014.0|197202.23|121.96
601390.SH|5.96|6.05|5.85|5.91|389678336.0|231561.58|6.01
601958.SH|24.07|27.09|24.07|25.95|82971000.0|214976.52|25.34
600010.SH|2.96|3.25|2.95|3.09|2160187392.0|671014.94|3.01
601208.SH|30.98|32.8|30.98|31.45|61029880.0|194831.27|31.68
600875.SH|34.68|38.7|34.67|38.37|165184240.0|622195.69|35.18
600236.SH|9.73|10.85|9.62|10.85|42464420.0|44131.42|9.86
600141.SH|38.93|41.1|38.5|39.26|29241704.0|116385.2|39.37
603308.SH|62.0|67.0|62.0|64.6|29793260.0|193800.17|63.0
601212.SH|9.75|10.54|9.75|10.14|220422768.0|224266.06|10.62
600206.SH|23.71|24.78|23.55|24.02|48008240.0|116461.22|24.14
001267.SZ|34.47|34.9|33.23|33.6|61397408.0|208863.06|34.95
601808.SH|21.0|21.85|18.38|20.68|169937792.0|346772.03|20.42
002261.SZ|36.5|38.99|36.42|37.2|226274384.0|859734.0|37.51
002432.SZ|50.25|51.98|49.77|50.99|40091440.0|204423.61|50.5
002046.SZ|48.53|49.87|47.87|48.32|17661248.0|85983.31|49.59
000962.SZ|51.28|54.89|50.3|53.06|24114866.0|128449.82|52.21
000547.SZ|28.51|30.1|27.9|29.35|162686144.0|479924.69|29.02
002015.SZ|13.43|15.03|13.4|14.31|153116800.0|220903.83|14.13
600871.SH|4.27|4.27|3.58|4.27|1250622208.0|511623.72|3.88
603115.SH|28.9|31.99|28.0|29.99|20795500.0|63904.36|29.08
000661.SZ|89.0|90.4|88.77|89.0|6701673.0|59863.18|89.93
002536.SZ|32.8|35.99|32.8|35.22|70217976.0|243859.08|34.2
002756.SZ|64.87|65.56|63.0|63.65|23087994.0|147900.56|65.81
601069.SH|36.91|39.49|36.91|38.7|41603128.0|159527.23|40.95
003035.SZ|7.74|8.58|7.7|8.4|211405408.0|177021.92|8.05
600550.SH|15.86|17.77|15.86|17.4|211247968.0|366300.84|16.15
002545.SZ|29.4|30.44|28.06|28.58|28374162.0|82854.81|29.5
603826.SH|20.16|21.47|19.61|21.23|19411180.0|40314.36|19.89
