600522.SH|42.28|43.68|42.28|43.34|285206688.0|1237251.13|43.82
600498.SH|58.86|61.58|58.42|60.72|131874064.0|796326.81|58.91
601868.SH|3.33|3.57|3.29|3.53|1848574080.0|641512.38|3.32
002179.SZ|40.27|41.95|40.16|41.35|87365928.0|362524.13|40.3
000425.SZ|10.18|10.48|10.08|10.32|125396640.0|131885.16|10.27
601208.SH|46.64|49.99|46.14|49.6|103694896.0|497969.0|47.25
600601.SH|14.18|14.66|13.66|14.2|496269376.0|701590.25|14.31
603156.SH|41.89|46.32|40.18|46.32|19088538.0|85475.7|42.02
002203.SZ|22.32|23.15|22.04|22.9|41851588.0|95297.75|22.77
605358.SH|49.85|54.51|49.85|52.51|57241728.0|302755.44|50.88
002222.SZ|107.95|118.89|107.95|116.22|50744716.0|579162.06|113.26
603688.SH|73.21|76.35|70.99|76.1|51084640.0|379172.19|73.17
603179.SH|50.59|51.29|49.54|51.01|26221564.0|185590.91|51.36
000060.SZ|7.63|7.82|7.6|7.71|326300064.0|253621.5|7.71
600246.SH|12.98|13.3|12.76|13.14|110683528.0|143939.55|13.1
000547.SZ|27.37|28.2|27.32|27.96|177373248.0|493211.66|27.66
001389.SZ|187.23|196.67|185.7|194.13|9452655.0|182446.95|190.03
002015.SZ|21.4|23.29|21.4|23.29|128633312.0|292537.56|21.16
002364.SZ|44.4|48.3|43.55|48.3|86286824.0|407249.88|43.9
603667.SH|78.88|82.48|78.08|81.28|38545640.0|310844.66|79.82
000582.SZ|12.43|12.61|12.34|12.44|58104840.0|72710.45|12.5
600536.SH|41.19|41.97|40.77|41.77|25997558.0|107786.25|41.59
603063.SH|57.89|61.73|56.77|61.73|22407468.0|135778.28|56.11
601106.SH|4.59|4.66|4.55|4.62|97915400.0|45096.66|4.57
601016.SH|5.02|5.63|4.96|5.63|635348992.0|344399.75|5.12
601609.SH|11.93|12.96|11.93|12.52|187768720.0|237255.09|11.95
603950.SH|75.67|77.79|71.64|76.7|11163043.0|83467.59|75.87
