600183.SH|114.88|127.37|114.8|127.37|78178528.0|961840.56|115.72
603986.SH|510.0|538.02|491.2|526.22|64338392.0|3301765.75|514.85
002916.SZ|403.6|430.59|392.13|417.1|21931552.0|906949.13|397.6
000630.SZ|6.65|6.83|6.45|6.78|510606752.0|342998.31|6.69
601208.SH|52.25|54.98|52.01|53.3|71718112.0|383871.0|53.74
603156.SH|43.6|43.6|42.4|43.14|11850666.0|51919.66|43.93
002920.SZ|107.15|112.98|106.62|109.69|23050778.0|252533.63|108.32
605358.SH|53.65|54.3|51.46|52.65|42753460.0|225831.05|54.01
600895.SH|40.07|40.35|38.42|39.19|72800504.0|285430.63|40.24
600021.SH|18.11|20.02|18.0|20.02|159392912.0|316174.34|18.17
603806.SH|18.29|19.33|18.2|18.83|89504336.0|170534.19|18.36
002126.SZ|57.54|57.67|55.22|56.48|24931258.0|140211.33|57.89
002407.SZ|37.68|39.18|35.4|36.28|228266736.0|847901.56|38.43
002859.SZ|64.68|66.06|62.14|63.05|20599944.0|131797.94|64.17
603663.SH|39.6|42.97|39.6|41.57|35840720.0|208712.47|39.6
600246.SH|15.4|15.66|14.15|15.04|227927248.0|336935.41|15.5
600863.SH|5.92|6.3|5.7|6.1|459372288.0|279805.38|5.93
002046.SZ|56.13|56.97|53.7|54.46|17079640.0|94142.84|56.13
000962.SZ|63.57|66.77|61.39|66.35|34172504.0|219834.44|64.66
600500.SH|5.71|5.91|5.59|5.78|91888240.0|52674.29|5.71
001896.SZ|16.51|17.05|16.1|16.55|176586464.0|291560.0|16.92
603005.SH|46.06|47.33|42.49|45.1|202564480.0|897237.0|43.05
