603986.SH|495.0|499.5|470.0|483.0|62379220.0|3024049.0|514.18
002916.SZ|390.81|403.0|384.55|398.28|14352099.0|566601.94|396.05
000988.SZ|158.01|167.1|155.71|165.63|81595552.0|1328716.13|159.88
002156.SZ|69.5|70.88|67.6|69.3|196069728.0|1356969.0|71.52
601958.SH|23.92|26.85|23.88|26.85|129483280.0|329640.56|24.41
000630.SZ|6.44|6.84|6.29|6.75|511720224.0|337353.38|6.46
002851.SZ|135.85|137.37|131.83|135.49|20598200.0|276601.0|135.86
601208.SH|51.83|55.0|50.52|54.43|81479584.0|429114.13|52.25
600378.SH|39.89|40.65|38.49|40.38|42947472.0|169543.98|40.0
002920.SZ|110.75|112.2|106.8|108.2|17387604.0|188538.25|112.04
600895.SH|36.58|38.11|36.31|37.51|47500100.0|177845.23|36.94
600021.SH|20.59|21.45|19.9|21.18|195138352.0|404200.28|20.59
603806.SH|18.27|18.77|17.91|18.6|52914868.0|96897.97|18.35
002056.SZ|24.48|26.97|24.26|26.97|122102760.0|322174.66|24.52
002126.SZ|54.04|54.21|51.76|53.0|21742714.0|114720.02|54.22
002407.SZ|35.91|36.33|34.08|35.12|125565456.0|437167.97|35.79
002859.SZ|64.07|69.82|64.04|69.82|21007744.0|140668.53|63.59
603663.SH|64.68|66.06|59.36|63.7|39107048.0|243698.23|64.13
600863.SH|6.9|7.31|6.56|6.64|640534848.0|445784.22|6.71
002046.SZ|51.55|56.6|50.68|55.75|24932508.0|135533.81|51.61
603005.SH|41.88|46.36|40.99|45.6|144568464.0|636166.06|43.01
603730.SH|13.29|13.52|12.73|13.37|40973072.0|53751.81|13.45
600396.SH|19.5|20.21|18.18|19.26|349916320.0|676240.06|18.57
601608.SH|5.8|5.94|5.7|5.79|60015500.0|34823.54|5.83
