600522.SH|43.74|45.92|42.99|43.82|428131072.0|1895997.0|43.6
600111.SH|57.77|57.82|53.9|54.31|228869664.0|1264446.0|57.72
000657.SZ|60.65|60.76|58.3|59.45|63491592.0|377126.44|60.41
600498.SH|58.51|60.13|57.76|58.91|131140128.0|773336.88|58.51
601868.SH|3.25|3.39|3.16|3.32|1472800384.0|483491.44|3.25
002851.SZ|126.66|127.0|122.78|125.33|18856024.0|235008.13|125.0
002709.SZ|59.24|59.8|56.05|58.59|139191648.0|801412.38|59.56
601208.SH|46.5|47.8|44.29|47.25|98023456.0|449645.72|45.8
603156.SH|41.45|43.46|41.1|42.02|13701460.0|59295.92|41.61
002203.SZ|22.83|23.13|21.92|22.77|52715444.0|118414.5|22.39
605358.SH|50.0|52.45|48.65|50.88|58628424.0|297155.03|49.99
002222.SZ|110.84|117.45|104.18|113.26|68129184.0|746805.38|108.59
002378.SZ|33.44|33.54|31.58|31.99|60804924.0|196257.03|33.17
603688.SH|66.56|73.17|66.03|73.17|40366992.0|279278.78|66.51
001203.SZ|46.98|47.4|45.1|45.5|32744724.0|150362.38|46.2
603179.SH|50.89|52.79|50.5|51.36|33513266.0|244070.06|50.64
000060.SZ|8.15|8.23|7.6|7.71|618679168.0|483416.78|8.45
600246.SH|12.89|13.46|12.71|13.1|129548360.0|169416.75|12.89
000547.SZ|28.83|29.0|27.64|27.66|222322896.0|627253.69|28.81
001389.SZ|193.65|194.3|185.23|190.03|9212303.0|174046.33|189.65
002015.SZ|20.5|21.6|19.68|21.16|242898000.0|511199.03|20.18
002364.SZ|44.6|44.89|43.36|43.9|34838716.0|153459.92|44.63
603667.SH|78.68|82.88|77.89|79.82|45663060.0|367721.34|79.06
000582.SZ|12.69|13.22|12.36|12.5|97462280.0|124757.44|12.67
002498.SZ|8.97|9.97|8.91|9.97|294799168.0|284616.22|9.06
603345.SH|101.69|103.06|98.56|101.06|5201779.0|53158.01|101.66
600536.SH|41.88|42.35|41.37|41.59|27681012.0|115497.74|42.28
603063.SH|55.97|57.86|55.02|56.11|49635164.0|281355.78|56.52
601106.SH|4.65|4.72|4.55|4.57|122176792.0|56268.96|4.68
601016.SH|5.03|5.35|4.85|5.12|840616576.0|431202.72|5.12
603950.SH|69.92|76.93|69.14|75.87|15266799.0|113870.91|69.92
