002463.SZ|91.68|97.54|90.88|97.54|93744080.0|899948.25|88.67
002281.SZ|113.5|114.36|110.2|111.4|64999980.0|728706.44|113.73
002008.SZ|76.6|83.36|76.06|82.7|55495108.0|454443.53|75.78
002353.SZ|113.1|113.9|109.09|110.75|20747044.0|229371.64|111.73
600105.SH|38.1|38.62|36.8|37.18|184065296.0|690800.94|38.7
002636.SZ|37.0|39.48|36.23|38.79|60015844.0|228629.61|36.6
600869.SH|15.41|15.56|14.93|15.1|88149752.0|133673.47|15.22
000426.SZ|43.48|44.29|43.03|43.6|48063896.0|209081.09|42.72
600115.SH|4.49|4.53|4.33|4.42|206504320.0|90802.08|4.42
003031.SZ|105.0|106.3|101.45|104.4|15683600.0|162737.81|104.1
603083.SH|118.8|124.28|117.2|120.62|36111684.0|437099.97|118.58
603260.SH|43.52|44.78|43.33|44.7|12791212.0|56510.59|44.48
002074.SZ|39.29|39.99|38.92|39.92|89997408.0|355389.84|39.5
002273.SZ|30.26|30.46|29.55|30.01|60359860.0|180792.78|30.27
002222.SZ|85.8|87.5|83.83|85.52|32562380.0|279205.56|86.4
000703.SZ|15.23|15.9|14.66|15.65|73928512.0|113723.03|15.29
603308.SH|69.0|70.32|66.0|66.78|21812494.0|147804.39|68.28
603929.SH|209.61|211.0|190.35|190.35|9408300.0|186634.58|211.5
603920.SH|54.97|56.28|54.55|55.48|42615824.0|236047.95|54.44
000811.SZ|18.77|18.97|18.45|18.74|27612334.0|51552.94|18.6
600259.SH|92.8|93.36|88.48|91.95|17754988.0|160271.38|92.89
001267.SZ|42.6|44.8|41.18|41.87|61790020.0|264393.66|42.81
002046.SZ|47.08|49.43|46.5|48.95|28161256.0|135913.89|46.26
000062.SZ|28.88|29.05|28.29|28.57|43822756.0|125319.31|28.69
000962.SZ|44.45|45.7|43.88|44.85|18411600.0|82470.99|43.74
002131.SZ|8.17|8.3|8.03|8.12|626233536.0|510554.41|8.05
600641.SH|22.05|22.78|21.97|22.34|45015380.0|100652.84|21.82
001389.SZ|133.2|138.5|130.5|133.08|13477560.0|181221.34|132.0
603516.SH|145.73|147.46|143.33|146.25|5472254.0|79591.3|144.46
002025.SZ|77.0|81.75|75.22|78.68|36922728.0|288797.63|77.36
603067.SH|39.0|39.81|37.11|37.74|34376060.0|131180.64|36.88
600186.SH|7.58|7.65|7.22|7.32|186071520.0|137230.53|7.41
000766.SZ|22.58|22.62|22.0|22.22|20794242.0|46272.58|22.63
001287.SZ|27.29|27.5|26.58|26.79|28644152.0|77292.27|26.95
