600183.SH|144.84|146.0|132.29|132.29|75645624.0|1021732.56|146.99
603986.SH|500.0|509.88|463.15|463.15|67208336.0|3212230.75|514.61
002384.SZ|258.01|260.0|241.92|241.92|109049808.0|2677433.0|268.8
002281.SZ|205.32|209.66|189.45|189.45|33691956.0|647933.56|210.5
601698.SH|27.2|27.6|25.3|25.59|40789344.0|107327.86|27.42
002156.SZ|74.97|75.94|68.36|68.36|198089072.0|1404000.63|75.95
600118.SH|67.99|68.84|62.23|62.34|67465344.0|436880.91|69.15
002851.SZ|143.4|146.4|136.56|136.56|27098270.0|372625.78|151.74
002436.SZ|37.35|37.99|34.06|34.06|95894416.0|335938.38|37.84
002636.SZ|87.37|87.5|80.6|80.6|28578656.0|236153.39|89.55
000021.SZ|43.0|43.3|39.01|39.01|160162032.0|651439.69|43.34
605358.SH|49.75|49.75|45.3|45.5|56984976.0|269472.59|48.88
002532.SZ|12.5|12.59|11.85|11.99|123937280.0|150213.31|12.61
000703.SZ|14.12|14.8|14.04|14.65|101236424.0|146639.92|14.07
002558.SZ|30.28|31.12|28.9|29.12|152929488.0|455714.06|30.28
600909.SH|8.55|8.58|8.07|8.17|249446128.0|208900.41|8.55
600667.SH|18.7|18.92|16.86|16.86|240245904.0|420838.72|18.73
000811.SZ|46.55|47.66|43.0|43.26|45762840.0|206138.53|47.0
000596.SZ|85.58|87.54|83.58|85.3|8664278.0|73620.13|87.22
001389.SZ|193.67|196.6|176.07|176.07|11796131.0|210938.7|195.63
603061.SH|343.0|346.0|305.0|305.25|4607805.0|149459.02|338.0
001896.SZ|13.31|14.8|13.13|13.96|169147520.0|238696.27|13.5
002364.SZ|46.13|46.6|41.97|41.97|33259932.0|144339.36|46.63
603005.SH|34.4|34.49|31.05|31.05|60896000.0|197832.59|34.5
002517.SZ|16.85|17.23|16.05|16.2|108174176.0|179238.63|17.01
600732.SH|12.44|12.59|11.81|11.84|33506506.0|40856.08|12.36
002536.SZ|54.14|56.6|49.21|49.21|54722268.0|284072.66|54.68
600595.SH|6.16|6.21|5.95|6.11|122753984.0|74506.39|6.2
000959.SZ|3.71|3.88|3.68|3.73|77158816.0|28974.25|3.73
603127.SH|51.0|51.97|47.93|47.93|40235052.0|198585.28|53.25
603077.SH|2.23|2.29|2.22|2.25|189370048.0|42762.54|2.24
002402.SZ|23.31|23.62|21.06|21.06|66239440.0|145069.61|23.4
