603986.SH|480.0|483.16|444.22|451.96|47134044.0|2166987.5|470.0
601898.SH|14.2|14.43|14.03|14.27|55674340.0|79243.64|14.34
600188.SH|21.41|23.18|21.26|21.83|88004536.0|196373.3|22.04
002156.SZ|75.99|76.78|69.3|69.82|205710480.0|1498278.13|74.9
601991.SH|6.8|7.5|6.63|6.99|983130624.0|689621.63|6.95
600938.SH|32.8|33.3|32.4|32.99|81349712.0|267679.03|32.39
000426.SZ|32.3|34.17|31.93|33.59|116549128.0|385968.03|31.73
600460.SH|33.72|33.8|31.74|32.22|87643568.0|285291.22|33.19
000021.SZ|40.26|40.86|38.58|39.09|133140488.0|526103.56|40.22
600436.SH|137.98|140.05|135.87|136.58|9354541.0|128225.87|140.0
002203.SZ|18.54|19.2|18.38|18.75|36680376.0|68868.3|18.38
600988.SH|38.23|40.78|37.22|38.83|109669480.0|426723.13|38.22
600578.SH|6.13|6.62|5.97|6.16|289418944.0|180063.81|6.32
002409.SZ|151.98|154.36|144.31|149.07|33306780.0|496058.13|149.86
603929.SH|170.8|172.0|161.66|163.35|5309981.0|88069.96|168.0
002558.SZ|27.6|27.71|25.22|25.26|156407680.0|404981.53|28.02
600206.SH|41.12|42.5|40.0|41.57|89225112.0|369489.81|40.64
600863.SH|4.98|5.24|4.9|5.01|298675808.0|157095.05|5.11
000596.SZ|93.07|93.96|90.13|90.89|10777495.0|98778.29|97.55
601001.SH|17.42|17.92|17.16|17.6|28421244.0|49778.42|17.82
001896.SZ|15.03|16.51|14.68|15.99|206177872.0|321693.94|15.17
603005.SH|31.98|32.1|30.37|30.84|44650844.0|139064.59|31.71
002517.SZ|15.9|15.94|14.82|15.55|99219312.0|152918.3|16.06
600732.SH|11.71|11.97|11.54|11.89|34540512.0|40539.73|11.8
000959.SZ|3.71|3.86|3.66|3.84|45749944.0|17312.52|3.74
600396.SH|15.3|16.41|14.85|16.41|341780064.0|535235.56|14.92
600126.SH|6.63|6.64|6.38|6.5|101690352.0|66032.3|6.58
600095.SH|9.0|9.17|8.9|9.05|85689408.0|77185.82|9.16
600552.SH|16.61|17.03|16.05|16.23|79779480.0|131493.5|16.28
002913.SZ|44.8|45.5|43.64|44.22|5919929.0|26234.27|43.9
