002384.SZ|117.0|117.16|108.89|109.71|97244528.0|1085995.5|119.0
601869.SH|232.98|232.98|213.8|215.81|16621603.0|364421.31|233.0
600188.SH|20.11|20.63|19.56|19.68|92103696.0|186728.89|20.58
600498.SH|51.23|51.4|46.45|46.67|91914232.0|442428.09|51.01
603659.SH|32.17|32.57|30.47|30.54|76232456.0|239483.83|32.03
601877.SH|35.38|35.6|34.09|34.24|47817704.0|169267.44|35.38
000066.SZ|16.59|16.68|15.77|15.77|96561472.0|155073.66|16.45
600330.SH|19.0|19.06|17.02|17.02|147175024.0|254785.84|18.91
002432.SZ|52.75|55.12|52.71|52.85|25323532.0|140192.17|52.71
002025.SZ|57.47|58.62|55.57|55.74|22078718.0|125721.8|57.45
002335.SZ|44.15|44.68|42.23|42.35|29557722.0|187553.23|43.63
600873.SH|12.17|12.56|12.05|12.08|85761208.0|108888.06|12.4
002831.SZ|25.11|26.25|24.81|24.96|24704392.0|89811.57|26.55
003035.SZ|8.95|8.98|8.44|8.48|200429824.0|173327.78|9.1
603077.SH|3.14|3.22|3.06|3.08|466930848.0|146326.11|3.16
