601869.SH|406.0|462.3|406.0|440.3|18911368.0|822876.13|441.67
600160.SH|38.0|40.94|37.6|38.15|98684640.0|386029.09|39.27
600188.SH|24.36|26.13|24.16|25.2|75997120.0|190830.36|25.05
002353.SZ|141.52|149.2|140.28|147.22|21706960.0|316362.0|151.38
600362.SH|41.95|42.67|40.41|40.87|69996448.0|289267.38|44.36
002156.SZ|63.0|64.58|61.08|62.26|121568184.0|766077.69|66.84
600105.SH|51.99|56.8|51.87|53.0|161250832.0|868647.81|55.42
000960.SZ|36.01|36.97|35.01|35.01|111894664.0|399340.72|38.9
605358.SH|62.99|69.14|62.99|64.7|81952416.0|543983.13|66.77
600578.SH|8.16|9.13|8.03|8.82|317854592.0|278772.31|8.46
601699.SH|18.68|19.19|18.21|18.58|50100628.0|93793.66|18.8
600995.SH|14.76|14.86|13.81|13.92|52572496.0|75236.01|15.13
002046.SZ|52.4|60.37|52.2|60.37|43255936.0|253087.48|54.88
000062.SZ|32.0|33.24|30.29|30.7|59900648.0|189333.28|33.66
601001.SH|21.5|22.99|20.98|21.68|44086680.0|96812.96|22.0
603005.SH|43.27|47.83|43.27|45.15|107249632.0|493925.13|45.8
603516.SH|135.02|137.37|128.85|129.33|17894800.0|238340.5|135.02
600114.SH|38.0|41.86|38.0|39.93|58983808.0|237843.16|40.39
600546.SH|14.1|14.28|13.41|13.63|46302936.0|63440.01|14.11
