601872.SH|19.8|21.06|19.8|20.14|212553424.0|435855.16|19.22
002428.SZ|49.05|52.24|49.05|51.7|108697016.0|556881.5|47.49
603296.SH|63.49|65.51|62.69|64.07|14727817.0|134514.98|62.85
600066.SH|36.5|36.5|35.06|35.15|31063070.0|116104.87|36.25
002558.SZ|34.5|34.56|32.88|33.01|38260728.0|127996.25|33.86
002850.SZ|184.4|186.3|176.54|178.49|7007491.0|128280.34|181.4
002294.SZ|66.41|67.5|65.45|65.85|10357374.0|69042.68|67.75
603061.SH|186.19|189.71|179.5|181.34|1547800.0|41138.84|187.32
002149.SZ|49.7|49.78|46.8|47.0|50817276.0|244682.75|49.05
000155.SZ|16.37|16.85|16.05|16.1|117215232.0|190837.3|16.97
002756.SZ|73.1|74.54|71.02|72.19|12605518.0|91883.55|73.48
603127.SH|36.04|37.13|34.91|36.48|43602500.0|158858.47|36.33
002624.SZ|19.54|19.57|18.68|18.88|57409208.0|111424.48|19.26
603826.SH|20.92|21.05|19.94|20.11|11804702.0|31314.81|20.73
