002463.SZ|91.75|94.96|91.41|93.9|77292904.0|724559.13|92.28
600176.SH|31.93|33.68|31.63|32.81|170250128.0|561427.81|30.91
002281.SZ|107.2|108.35|105.91|106.21|43419068.0|464388.88|106.7
002080.SZ|48.33|49.73|47.6|48.42|50844240.0|249487.39|48.08
002008.SZ|77.61|86.47|77.61|86.47|50276452.0|426116.28|78.59
002353.SZ|108.8|116.64|108.41|115.6|23711836.0|270856.81|108.78
600105.SH|37.49|40.49|36.4|39.46|200466304.0|778857.5|37.53
002436.SZ|24.68|25.43|24.57|24.9|92618960.0|231553.33|24.67
002636.SZ|36.94|39.08|36.31|38.62|40481352.0|154855.55|37.35
000426.SZ|44.5|45.19|43.78|44.75|52455340.0|233302.3|43.87
600115.SH|4.44|4.5|4.4|4.42|213505440.0|94662.94|4.42
603083.SH|124.9|132.37|122.22|131.8|44528220.0|570282.56|125.52
002074.SZ|39.04|39.86|38.51|39.68|82596264.0|326322.75|38.62
002273.SZ|29.07|29.63|28.06|29.25|86095224.0|249945.94|28.83
603308.SH|65.1|69.74|64.54|68.84|26422708.0|179039.19|64.85
603929.SH|186.41|186.95|177.09|185.42|6660400.0|122291.45|183.62
603920.SH|58.56|58.56|58.56|58.56|13490021.0|79402.27|53.21
002240.SZ|47.74|50.9|47.13|49.8|86705904.0|430669.38|46.27
000811.SZ|18.58|19.19|18.32|19.16|29377302.0|55920.5|18.55
001267.SZ|40.84|41.82|39.81|41.48|43421088.0|178177.56|41.39
000967.SZ|12.21|12.94|12.02|12.94|154364752.0|197673.22|11.75
002046.SZ|48.1|49.94|47.7|49.35|15075525.0|74748.27|48.17
000962.SZ|44.39|46.53|43.14|46.18|25603786.0|116109.41|44.37
002131.SZ|7.94|8.05|7.83|8.02|533460384.0|425639.25|7.79
600641.SH|21.75|22.2|21.43|22.08|46454664.0|101012.2|21.82
001389.SZ|128.32|136.01|127.37|135.0|9844002.0|130886.58|127.21
603516.SH|143.72|144.76|141.28|142.81|5058721.0|72265.5|143.23
002149.SZ|52.94|54.38|52.14|53.54|88853696.0|473604.09|53.55
600299.SH|13.79|14.44|13.48|14.11|23428152.0|33127.69|13.88
600186.SH|7.54|8.37|7.54|8.14|328820096.0|262522.06|7.69
002157.SZ|3.48|3.49|3.36|3.42|397100736.0|134953.72|3.5
001287.SZ|26.85|27.68|26.79|27.47|25388010.0|69818.46|27.27
