603986.SH|255.22|264.04|254.0|261.83|40381308.0|1043579.38|250.05
000792.SZ|32.6|32.79|31.68|31.96|128892864.0|414372.69|31.28
600673.SH|30.09|30.98|29.53|29.91|122751504.0|370900.03|29.52
601179.SH|11.05|11.65|10.99|11.39|404365728.0|459129.44|10.86
000960.SZ|34.73|36.65|33.63|35.89|67341048.0|235642.42|33.82
003031.SZ|80.5|82.0|78.19|80.89|16714866.0|134172.33|78.5
000768.SZ|30.16|31.12|30.16|30.58|100099072.0|306078.38|29.97
600372.SH|15.66|16.97|15.66|16.52|275884736.0|453089.34|15.51
002920.SZ|134.65|139.5|133.5|138.82|18908548.0|259167.36|134.65
002414.SZ|16.37|17.08|16.35|16.79|188943248.0|316067.0|16.23
600707.SH|6.87|7.03|6.86|6.92|71071936.0|49183.3|6.87
600845.SH|23.9|25.16|23.9|24.94|81401144.0|201405.94|23.73
002945.SZ|17.4|18.64|17.4|18.26|85339240.0|155232.92|17.8
000629.SZ|3.61|3.65|3.55|3.63|278558784.0|100288.62|3.58
603516.SH|229.98|246.0|225.98|243.5|8131983.0|193126.19|231.35
002025.SZ|66.72|72.33|65.0|70.74|61364704.0|420841.75|65.76
603067.SH|37.0|37.8|35.94|37.1|50481072.0|185369.39|35.1
600295.SH|15.49|15.49|14.68|14.85|26973562.0|40308.01|15.8
603127.SH|41.5|41.55|39.99|40.38|24912832.0|101308.98|42.11
603950.SH|32.37|32.37|31.46|31.66|12387016.0|39380.08|32.61
002716.SZ|8.3|8.46|8.1|8.38|317782944.0|263279.03|7.9
