600183.SH|90.23|98.95|90.23|98.95|75325984.0|727119.0|89.95
001309.SZ|707.0|743.56|702.58|735.04|16716048.0|1217936.75|712.06
600498.SH|54.94|57.88|54.84|56.17|90264544.0|509500.88|54.29
002179.SZ|40.01|40.58|38.75|39.34|45690848.0|180161.59|39.46
002851.SZ|126.99|129.68|124.35|124.92|25633734.0|324277.0|128.13
000425.SZ|10.11|10.13|9.35|9.46|212442240.0|203701.13|10.21
601126.SH|76.51|84.16|75.51|84.16|32771848.0|263644.16|76.51
600601.SH|12.34|12.99|12.19|12.7|214491152.0|270837.5|12.5
003031.SZ|156.66|174.6|156.66|171.33|16670474.0|281779.63|160.6
605589.SH|41.5|44.96|41.37|44.08|55554772.0|243384.09|42.08
603156.SH|49.0|51.46|48.89|51.46|26217422.0|133460.86|46.78
605358.SH|51.21|52.29|49.61|50.15|41528840.0|210973.39|51.61
002222.SZ|103.0|108.5|103.0|104.73|34381000.0|363851.06|105.82
002409.SZ|117.14|118.21|113.01|114.19|39240644.0|454423.84|107.46
600667.SH|12.91|13.59|12.69|13.09|316549632.0|417357.53|12.35
000811.SZ|32.91|34.61|32.5|34.6|52869308.0|177897.45|33.12
600500.SH|5.64|6.23|5.49|6.23|197944368.0|116524.16|5.66
603290.SH|122.99|128.65|122.58|123.6|12833550.0|160574.48|124.95
000547.SZ|25.3|26.11|25.17|25.4|95717592.0|245281.88|25.3
002364.SZ|47.65|50.24|47.36|49.16|50424796.0|247806.92|47.85
002518.SZ|58.49|63.71|58.49|63.35|32294538.0|202664.28|57.92
603667.SH|81.7|87.8|81.0|85.0|67304864.0|567309.44|84.43
000582.SZ|12.03|12.35|11.94|12.33|46013608.0|56283.46|12.01
600536.SH|39.68|40.25|39.5|39.76|12263453.0|48875.33|40.1
603063.SH|58.0|59.28|56.68|57.9|37640004.0|217803.88|58.76
601609.SH|12.8|13.84|12.6|13.38|121592616.0|163127.86|13.0
