002281.SZ|124.85|134.99|123.51|131.68|110242064.0|1426850.63|123.97
600522.SH|34.0|35.04|33.2|34.07|285776256.0|972541.0|34.82
000657.SZ|57.78|58.2|55.0|56.57|91787304.0|517073.41|58.13
600549.SH|66.35|66.4|62.02|62.65|75143720.0|476397.41|66.3
601698.SH|37.7|39.5|37.31|38.2|143703104.0|553043.13|37.71
600118.SH|96.3|105.0|96.16|102.0|102896808.0|1039858.81|97.58
600703.SH|15.9|16.06|15.19|15.51|542264192.0|847680.31|14.94
003031.SZ|126.12|133.08|122.88|124.78|16293551.0|207122.5|125.4
002595.SZ|94.7|98.5|90.33|90.86|6275309.0|58453.46|91.83
002203.SZ|18.27|18.48|17.31|17.64|51464996.0|91248.34|18.25
002859.SZ|47.26|47.45|44.9|45.58|9197120.0|42274.87|47.26
603268.SH|142.66|144.5|137.0|142.48|9042334.0|128187.53|141.27
600699.SH|28.92|30.1|28.62|29.51|107909784.0|316237.38|29.18
600641.SH|26.9|28.86|26.77|27.0|106096656.0|292602.44|27.06
001389.SZ|160.12|172.88|157.0|168.38|14842422.0|242668.55|158.52
001896.SZ|17.7|18.46|16.42|17.97|234670032.0|411210.84|17.5
600208.SH|4.1|4.37|4.08|4.3|337687552.0|143247.89|4.15
002498.SZ|8.87|9.32|8.59|9.09|225099328.0|200759.28|8.96
603063.SH|41.78|42.97|41.5|41.79|36308544.0|153090.09|41.77
