603259.SH|110.01|110.2|106.7|106.8|45533568.0|489619.5|111.28
600111.SH|54.8|55.35|53.89|54.75|141480480.0|770874.13|55.31
000657.SZ|61.8|62.79|59.7|60.47|107252728.0|652222.63|63.19
002484.SZ|43.8|43.95|42.38|43.14|32345116.0|139402.52|44.0
002851.SZ|121.6|124.1|119.51|122.7|19100288.0|233914.5|123.0
002709.SZ|61.62|63.4|58.34|58.41|175322752.0|1057717.25|62.8
603156.SH|41.11|41.39|39.93|40.78|14022599.0|56922.2|41.49
002203.SZ|21.08|22.48|20.71|22.11|94715160.0|204331.19|20.89
002378.SZ|33.66|34.17|33.01|33.58|75634400.0|253859.5|34.54
001203.SZ|50.15|50.98|46.85|47.2|40088332.0|193406.97|50.09
000060.SZ|7.81|8.23|7.77|7.95|431531616.0|343637.88|8.08
600246.SH|12.1|12.65|12.0|12.27|114518600.0|140837.92|12.26
000967.SZ|16.3|17.09|15.89|16.3|303884928.0|499530.34|16.42
001389.SZ|177.08|178.87|172.13|173.0|8281384.0|144298.75|180.32
603486.SH|66.91|68.17|65.84|67.28|11508953.0|77367.81|66.48
002015.SZ|20.29|20.74|20.12|20.38|147615760.0|301193.59|20.59
002364.SZ|45.2|46.13|44.56|45.15|45730504.0|206984.7|46.3
600637.SH|10.55|10.72|10.5|10.62|76989504.0|81632.49|10.56
002498.SZ|9.26|9.38|9.06|9.12|178905760.0|164022.02|9.29
603345.SH|103.99|105.0|101.45|103.0|6928144.0|71347.84|104.26
603063.SH|50.58|52.42|49.5|51.5|35093204.0|178111.36|50.75
601106.SH|4.55|4.66|4.5|4.63|125669536.0|57772.13|4.58
603338.SH|56.16|57.88|55.83|56.9|8027647.0|45613.64|56.53
601016.SH|4.92|5.1|4.84|4.9|725699648.0|358593.25|4.99
