603019.SH|93.55|96.6|92.6|92.68|79011944.0|746026.19|94.56
001309.SZ|804.75|892.1|795.0|881.91|19800264.0|1698783.38|811.0
600673.SH|36.45|37.27|35.25|36.25|74707240.0|272403.16|36.46
601991.SH|7.3|7.7|7.18|7.67|647830400.0|484827.84|7.33
000100.SZ|5.77|5.95|5.48|5.65|1663171200.0|941997.06|5.92
001289.SZ|15.41|15.9|15.31|15.77|9834918.0|15453.13|15.43
605499.SH|123.88|131.36|123.46|126.35|8801713.0|112492.84|124.08
000938.SZ|30.5|31.59|30.22|30.28|246180304.0|758413.81|29.03
000021.SZ|53.0|57.69|51.09|55.91|235131088.0|1265434.0|56.03
002409.SZ|205.73|209.99|195.88|199.5|46328064.0|936913.13|212.48
002558.SZ|27.71|28.05|26.68|27.15|85924688.0|233218.0|27.71
002129.SZ|11.25|11.36|10.34|10.37|314907392.0|336144.84|11.03
600330.SH|27.6|28.0|26.28|26.28|94860912.0|256122.95|27.9
600845.SH|18.11|18.7|18.05|18.25|28184002.0|51683.52|18.11
601611.SH|10.78|10.98|10.66|10.83|29146628.0|31574.46|10.7
002472.SZ|43.8|47.01|43.22|47.01|74641248.0|341214.91|42.74
600500.SH|7.45|7.68|7.26|7.36|137112736.0|102354.8|7.51
603290.SH|135.96|136.75|129.29|129.35|12551150.0|166212.83|136.89
002518.SZ|49.3|50.12|47.71|47.8|15410292.0|75442.38|49.07
601933.SH|3.14|3.17|3.08|3.09|159124544.0|49598.13|3.15
000876.SZ|6.88|7.0|6.68|6.78|68507880.0|46598.43|6.86
001270.SZ|150.84|163.32|150.84|163.32|4641621.0|74464.22|148.47
603067.SH|45.34|46.66|43.83|44.3|33582032.0|152156.14|45.24
601162.SH|3.7|3.76|3.63|3.68|307215808.0|112970.63|3.69
603728.SH|64.63|69.71|64.2|68.02|26383484.0|177662.22|63.37
600208.SH|3.0|3.09|2.95|2.96|157714192.0|47162.52|2.98
002653.SZ|75.28|78.44|72.0|76.47|25531048.0|191159.81|78.8
603063.SH|44.15|44.9|43.13|43.52|21549588.0|94789.01|44.08
000959.SZ|3.66|3.72|3.55|3.56|43113000.0|15608.54|3.65
601016.SH|3.74|3.76|3.64|3.69|189749888.0|70002.03|3.76
000034.SZ|28.25|28.62|27.81|27.97|67690064.0|190528.42|27.46
603283.SH|68.14|70.5|66.62|68.05|38844136.0|265281.88|72.86
002402.SZ|26.26|27.34|26.25|26.86|61840404.0|165803.3|26.08
