600487.SH|33.9|37.53|33.9|36.43|180696448.0|657122.81|34.46
601869.SH|160.65|177.94|160.65|174.77|21213864.0|370216.22|161.76
601898.SH|14.06|14.32|13.76|14.18|63311852.0|88999.3|14.32
600188.SH|14.97|15.48|14.73|15.25|122513456.0|189423.34|15.12
600115.SH|6.31|6.4|6.23|6.3|161160656.0|101474.36|6.37
603806.SH|17.94|18.63|17.67|18.33|58164240.0|107509.35|18.45
002129.SZ|10.3|11.07|10.26|10.62|381663712.0|404565.75|10.74
600330.SH|16.2|16.29|15.45|15.5|184011200.0|291065.97|16.0
000811.SZ|16.93|17.22|16.64|16.95|25679640.0|43940.26|17.04
000547.SZ|31.5|32.58|30.27|30.35|322691968.0|1008714.31|32.0
600499.SH|16.84|17.19|16.48|16.75|33371504.0|57268.19|16.88
000029.SZ|22.82|22.84|21.98|22.07|9123974.0|20344.04|23.05
000738.SZ|27.51|27.65|26.23|26.52|71197304.0|191370.13|27.85
601118.SH|6.63|6.96|6.55|6.86|79580120.0|54148.48|6.73
601155.SH|17.75|17.77|17.14|17.22|21777832.0|37933.58|17.8
600550.SH|14.9|16.22|14.82|15.61|170198544.0|267752.81|15.02
