600183.SH|101.3|107.21|101.2|107.21|66889948.0|710558.88|97.39
603986.SH|447.25|472.24|438.25|467.99|63796888.0|2893207.25|431.15
003031.SZ|153.01|160.44|149.76|158.25|16744898.0|259766.09|153.01
603156.SH|42.52|44.66|42.2|43.78|23737050.0|105278.11|43.15
605358.SH|51.11|52.43|50.53|52.08|48690492.0|251720.81|51.11
600895.SH|37.87|40.82|37.87|39.52|110342832.0|435131.75|37.18
600021.SH|17.43|17.56|17.0|17.23|67161472.0|118136.2|17.58
002126.SZ|59.65|60.0|57.47|58.99|28262756.0|166061.22|59.54
002407.SZ|41.02|43.4|40.24|42.7|239016704.0|1007186.94|40.81
603663.SH|32.93|35.99|32.64|35.99|21588212.0|103678.02|32.71
600246.SH|15.69|16.38|14.66|15.69|326370752.0|509576.72|15.41
600863.SH|5.32|5.75|5.19|5.39|300951328.0|163409.52|5.58
000962.SZ|57.39|62.14|56.92|62.14|29405194.0|178654.69|56.48
600500.SH|5.95|6.49|5.88|6.31|154983568.0|96206.46|5.93
001896.SZ|16.0|16.16|15.1|15.76|223548832.0|351675.56|16.37
603005.SH|36.1|39.66|35.43|39.14|155800896.0|584105.31|36.08
