002463.SZ|86.06|89.16|84.54|87.82|88190104.0|774519.06|85.34
601872.SH|19.35|19.5|18.45|18.83|224686624.0|428413.34|19.5
002008.SZ|76.16|77.12|75.35|76.35|45146216.0|344996.06|76.16
002353.SZ|112.3|119.98|110.46|116.76|23109638.0|271662.0|111.79
600105.SH|34.64|38.09|33.97|38.09|233129984.0|842438.31|34.63
600869.SH|16.19|16.35|15.57|15.59|110297920.0|175419.19|15.97
000426.SZ|43.71|44.49|43.23|43.3|52350960.0|229000.89|43.56
600115.SH|4.64|4.73|4.44|4.45|257374384.0|116104.5|4.61
603296.SH|70.86|71.99|69.56|69.71|16532570.0|165330.56|69.89
003031.SZ|95.56|99.41|94.85|95.54|16276440.0|157466.84|96.03
603083.SH|116.53|117.6|114.04|115.96|28746360.0|333495.91|115.27
603260.SH|42.31|43.18|42.2|42.56|8224258.0|35098.98|42.12
002273.SZ|29.88|30.22|29.1|29.68|92979432.0|277232.44|29.91
002222.SZ|81.64|86.89|81.63|85.38|45380084.0|380585.5|81.59
000703.SZ|15.54|16.15|15.54|15.85|64319640.0|102471.99|15.55
603308.SH|69.91|73.64|68.9|71.25|21932288.0|157379.5|68.54
002558.SZ|32.93|34.99|32.88|34.37|67673424.0|232995.72|32.78
603920.SH|56.74|57.06|55.0|55.4|40072704.0|225595.63|56.78
000811.SZ|18.89|19.15|18.51|18.56|23431868.0|44373.6|18.62
600259.SH|96.44|96.57|92.45|94.31|15171887.0|143992.19|95.31
001267.SZ|43.44|44.64|41.64|43.85|61011800.0|265336.03|43.23
002046.SZ|46.93|48.5|46.48|47.33|13430467.0|64335.74|46.47
000062.SZ|28.5|29.01|27.91|28.48|64487664.0|184257.56|28.88
000962.SZ|45.66|45.95|44.62|44.77|14541484.0|65838.53|45.22
002131.SZ|7.98|8.11|7.9|7.96|494695648.0|396466.5|7.97
600641.SH|21.33|22.26|21.07|22.08|75309272.0|163471.09|21.06
001389.SZ|127.35|129.86|124.45|126.16|10953048.0|140038.28|126.47
603516.SH|149.6|153.9|145.77|148.56|7603940.0|114011.27|148.13
002025.SZ|76.53|77.16|74.07|76.1|40600840.0|307970.97|78.09
603067.SH|38.28|39.04|37.19|38.44|22671636.0|87270.72|37.82
600186.SH|7.58|7.97|7.41|7.43|185416032.0|140692.92|7.47
000766.SZ|21.27|21.51|21.05|21.05|15131649.0|32169.41|21.07
001287.SZ|25.48|26.88|25.48|26.3|51739348.0|137173.36|25.46
002624.SZ|19.72|20.31|19.66|19.72|64039596.0|130182.92|19.73
