002080.SZ|42.01|43.58|39.97|42.88|60901792.0|255330.44|42.22
601600.SH|14.7|15.01|14.13|14.13|776754496.0|1115451.13|15.7
600489.SH|36.9|38.1|36.9|36.9|115359320.0|428963.75|41.0
601012.SH|18.58|18.82|17.71|17.88|291651264.0|526491.19|18.77
000807.SZ|35.61|35.74|33.3|33.64|130027712.0|442553.5|37.0
600869.SH|12.11|12.36|11.61|12.11|95729536.0|114523.29|12.18
002185.SZ|14.79|15.49|14.6|15.17|454396640.0|684974.94|14.8
003031.SZ|77.5|82.0|75.3|79.25|15129292.0|119131.33|76.79
000975.SZ|35.2|36.45|34.84|34.84|49311804.0|173741.08|38.71
600219.SH|7.7|7.84|7.34|7.34|418455904.0|312203.25|8.16
600988.SH|44.0|45.0|43.2|43.2|94030720.0|412605.47|48.0
002532.SZ|19.2|19.53|18.45|18.85|120142136.0|224408.73|20.5
603929.SH|147.8|165.8|147.8|158.29|7510729.0|120667.73|151.75
603806.SH|17.51|17.6|16.41|17.01|71671232.0|121048.06|17.84
603920.SH|59.01|63.65|59.01|62.33|50620488.0|310064.78|64.3
600330.SH|12.31|13.56|12.02|13.56|140879392.0|182920.52|12.33
603663.SH|42.0|43.35|39.4|42.19|18000972.0|74175.85|42.18
600352.SH|15.4|15.46|14.74|15.22|139724800.0|210988.19|15.47
000060.SZ|8.02|8.1|7.7|7.7|354004992.0|276438.22|8.55
001267.SZ|27.94|30.16|27.17|29.15|63689336.0|183084.8|28.1
601799.SH|142.0|142.0|131.7|138.0|8367426.0|114506.16|142.1
000962.SZ|39.05|39.23|36.59|38.68|33974304.0|127367.34|40.66
600732.SH|14.05|14.19|13.25|13.6|59793608.0|81277.83|14.23
601118.SH|7.73|8.24|7.25|7.34|286658208.0|219415.38|7.84
603939.SH|24.13|24.65|23.8|23.89|15017451.0|36183.67|24.17
601106.SH|5.25|5.34|5.03|5.12|163385952.0|83839.22|5.31
002266.SZ|5.04|5.1|4.75|4.86|270472192.0|132506.72|5.16
601608.SH|7.8|7.94|7.42|7.6|103499976.0|78825.01|7.86
600170.SH|3.0|3.11|2.93|2.98|564072320.0|169259.08|3.09
603077.SH|2.6|2.66|2.43|2.53|531930176.0|135123.05|2.67
