601898.SH|14.17|14.65|13.88|14.54|53061392.0|75979.73|14.36
600188.SH|15.7|16.73|15.68|16.65|112077528.0|182845.19|15.89
600875.SH|30.66|31.3|30.25|30.59|90287816.0|276617.44|31.17
600115.SH|6.32|6.35|6.14|6.19|140814848.0|88055.84|6.32
601360.SH|13.0|13.1|12.75|12.81|194384336.0|250249.11|13.15
600392.SH|28.39|29.77|28.31|28.79|133136944.0|386873.63|28.48
603308.SH|60.91|61.9|59.83|61.17|20889048.0|126708.34|61.16
603929.SH|145.64|147.46|141.28|143.78|3868629.0|55698.87|146.02
603806.SH|19.02|19.45|18.79|18.81|41567532.0|79139.09|19.23
002129.SZ|11.27|11.75|10.91|10.98|370371840.0|416799.06|11.3
000811.SZ|17.46|17.76|17.4|17.5|18757056.0|32929.87|17.58
603663.SH|46.0|47.74|46.0|46.27|10795242.0|50439.05|45.97
002945.SZ|19.83|19.94|19.37|19.43|23666038.0|46225.59|19.77
000547.SZ|28.5|29.35|28.0|28.0|240817344.0|687510.88|28.5
603667.SH|88.23|89.76|87.0|87.45|46151520.0|407074.53|91.18
000738.SZ|27.36|27.55|26.58|26.7|53967912.0|145526.17|27.86
603876.SH|18.7|20.24|18.47|20.17|54870856.0|106880.04|18.8
603881.SH|41.03|43.88|41.03|42.0|128083368.0|547246.19|41.9
