002353.SZ|169.0|172.39|157.86|157.99|13669081.0|222202.66|168.81
600673.SH|35.0|37.46|34.61|36.0|59083660.0|212685.8|34.93
601991.SH|6.9|7.18|6.78|6.95|427497952.0|299427.03|7.0
000938.SZ|34.5|34.63|33.32|33.62|479884864.0|1641514.0|31.48
000066.SZ|18.88|19.7|18.77|19.31|336348800.0|648194.94|18.58
600580.SH|35.5|35.5|33.03|33.03|69526040.0|235695.89|36.08
600845.SH|18.25|19.5|18.2|19.4|43159668.0|81927.77|18.33
603268.SH|163.69|172.99|156.67|167.77|18965602.0|314844.78|160.37
002294.SZ|38.02|38.85|35.8|36.0|48143356.0|178447.25|38.71
002472.SZ|44.94|44.97|41.77|42.34|62845748.0|267960.28|44.97
603087.SH|66.18|66.2|62.7|62.85|14458399.0|92944.59|65.54
603290.SH|129.0|134.99|125.2|129.28|13948265.0|182607.58|128.45
601933.SH|2.99|3.05|2.97|3.01|94122112.0|28277.54|3.01
000876.SZ|7.3|7.35|7.02|7.07|64807968.0|46320.96|7.42
603067.SH|44.68|45.22|41.48|41.8|33751564.0|143520.89|44.51
601162.SH|3.65|3.76|3.57|3.64|250058256.0|91625.7|3.69
603728.SH|62.8|63.56|58.63|58.7|12024834.0|72434.15|63.3
600208.SH|2.85|2.87|2.8|2.83|100254800.0|28379.17|2.86
000951.SZ|22.17|22.48|21.68|21.76|7906040.0|17372.27|22.31
002536.SZ|53.83|54.78|49.74|49.8|37737032.0|195148.22|53.05
603638.SH|25.8|25.84|23.85|23.85|25492444.0|61863.0|26.5
003021.SZ|90.9|90.98|85.0|85.06|5407318.0|47070.06|90.9
002402.SZ|24.34|24.71|23.58|23.61|36582276.0|87971.7|24.16
603337.SH|39.21|39.25|37.45|37.52|3588800.0|13671.55|39.28
