603259.SH|106.65|108.98|105.5|108.72|53919536.0|577856.38|106.8
600522.SH|44.98|44.99|42.75|43.86|414883200.0|1829362.75|40.9
600111.SH|54.91|57.96|54.76|57.85|233361440.0|1326792.38|54.75
000657.SZ|60.0|61.76|59.12|60.64|94408792.0|570110.0|60.47
601868.SH|3.23|3.41|3.23|3.25|1691438208.0|558449.75|3.22
002851.SZ|123.55|126.88|122.0|125.0|23452204.0|292064.59|122.7
002709.SZ|58.2|60.43|57.61|59.56|127793608.0|756873.5|58.41
601208.SH|45.9|46.9|44.63|45.8|92360528.0|422152.72|46.1
603156.SH|42.0|43.3|41.5|42.61|15284327.0|64568.21|40.78
002203.SZ|22.13|23.13|21.53|22.52|70199000.0|158755.63|22.11
002378.SZ|33.57|33.95|32.91|33.29|68339488.0|228239.61|33.58
603688.SH|67.5|71.95|66.0|66.6|46972196.0|318853.72|65.5
001203.SZ|47.16|48.4|45.29|46.4|45650720.0|212157.44|47.2
603179.SH|71.2|72.0|68.66|71.2|29996228.0|212540.5|71.15
000060.SZ|8.17|8.75|8.17|8.5|617587072.0|532253.63|7.95
600246.SH|12.66|13.17|12.44|12.89|137159696.0|176142.88|12.27
000967.SZ|15.9|16.24|14.7|14.83|335970208.0|506386.91|16.3
001389.SZ|177.77|190.3|177.77|190.3|13581748.0|252126.13|173.0
002015.SZ|20.91|21.7|20.19|20.28|164098992.0|339254.69|20.38
002364.SZ|45.48|45.8|43.83|44.73|44098996.0|197022.19|45.15
002498.SZ|9.16|9.39|9.01|9.1|169591568.0|155170.05|9.12
603345.SH|102.88|104.61|101.73|103.1|5997199.0|61969.86|103.0
603063.SH|51.8|56.65|51.8|56.65|49266920.0|272000.63|51.5
601106.SH|4.64|4.74|4.61|4.68|146895008.0|68819.52|4.63
603338.SH|57.13|58.48|56.78|57.56|8478949.0|48933.08|56.9
601016.SH|4.89|5.26|4.89|5.12|786388160.0|394393.28|4.9
603950.SH|68.5|70.86|65.11|70.05|16459950.0|111506.16|68.5
