600489.SH|39.99|41.48|37.82|41.0|269866880.0|1083377.75|37.71
601012.SH|18.68|19.3|18.6|18.77|275455168.0|521096.81|18.82
002185.SZ|14.95|15.98|14.76|14.78|535575616.0|820165.75|15.18
003031.SZ|81.35|82.36|76.14|76.35|14096479.0|111263.6|81.34
000066.SZ|16.8|16.98|16.37|16.42|167805824.0|279943.59|16.6
000975.SZ|40.55|41.81|36.92|38.23|99281080.0|395603.28|38.21
600988.SH|49.68|51.18|45.28|47.68|190254032.0|929881.31|46.54
603929.SH|152.35|162.12|149.01|150.1|6986692.0|108635.27|156.7
603806.SH|17.48|18.3|17.16|17.69|69332608.0|124235.09|17.64
603920.SH|68.07|69.67|63.93|64.0|41988096.0|280208.5|68.08
002240.SZ|38.0|38.85|37.36|37.8|52903644.0|201190.33|39.1
600330.SH|12.61|12.65|12.25|12.33|67965464.0|84425.51|12.63
603663.SH|31.91|32.26|29.93|30.06|23883008.0|102872.63|31.57
001267.SZ|28.15|29.91|27.85|28.04|55702100.0|160582.27|28.05
600246.SH|12.96|13.28|12.65|12.67|71175872.0|91834.85|13.05
600732.SH|14.5|14.76|14.16|14.23|59814544.0|86527.76|14.49
601118.SH|7.09|7.84|7.06|7.84|234811888.0|177212.66|7.13
603939.SH|23.54|24.13|22.94|23.77|13563129.0|32704.8|23.65
601106.SH|5.37|5.54|5.3|5.31|192271280.0|103777.55|5.42
002266.SZ|5.3|5.55|5.09|5.1|399407904.0|212408.61|5.04
601608.SH|7.96|8.23|7.82|7.86|115586024.0|92182.72|7.93
002290.SZ|58.5|59.97|57.36|57.56|5448217.0|32025.37|58.63
