600176.SH|39.11|41.7|38.0|41.07|190705200.0|769829.88|39.37
002353.SZ|140.93|149.32|139.6|145.01|23785634.0|345120.72|144.8
002156.SZ|60.99|61.49|59.23|60.09|91814096.0|551991.44|61.44
002837.SZ|68.9|69.5|66.21|67.14|38601892.0|259713.95|68.9
601208.SH|61.5|63.45|58.7|61.67|111490864.0|684411.44|62.3
603260.SH|40.24|42.67|39.93|41.4|26966588.0|110494.76|39.85
002138.SZ|57.8|58.91|54.33|55.63|64675000.0|362089.69|58.3
605358.SH|72.35|74.61|68.65|71.02|97303296.0|690191.0|73.35
600578.SH|7.87|8.08|7.51|7.61|262812928.0|207741.34|8.05
002240.SZ|47.7|52.2|46.53|50.98|102428992.0|511048.72|47.7
002129.SZ|10.1|10.18|9.8|10.13|261457056.0|260786.53|10.13
603663.SH|52.69|54.4|50.82|53.06|29183796.0|215890.2|53.35
002046.SZ|58.98|59.1|56.61|57.53|20026304.0|115891.7|58.98
600641.SH|28.1|30.28|27.53|28.91|108737952.0|317275.75|27.53
603005.SH|44.82|45.5|43.0|44.11|76211936.0|336269.94|44.88
603516.SH|113.9|116.4|108.56|113.85|8431235.0|95269.8|115.67
600516.SH|5.57|5.95|5.5|5.73|144181824.0|83155.84|5.66
000158.SZ|15.3|15.5|14.78|14.92|48455040.0|72870.35|15.45
