600176.SH|27.42|28.88|26.96|28.5|137671392.0|387508.19|27.62
000988.SZ|86.15|89.88|85.0|88.55|97589968.0|861789.81|86.1
000657.SZ|61.18|64.71|59.84|60.2|138300960.0|855636.38|58.83
600673.SH|36.21|38.36|35.88|37.8|124910648.0|464322.56|37.8
601390.SH|6.19|6.3|6.1|6.15|484489856.0|298848.09|6.19
002837.SZ|111.08|115.72|106.22|113.7|67195624.0|748964.63|109.72
600482.SH|33.01|34.58|32.5|34.15|59263512.0|198956.75|33.42
600141.SH|43.58|44.2|42.54|42.88|45892888.0|198604.47|43.75
000559.SZ|19.27|20.24|19.16|19.44|162831776.0|318615.22|19.28
603688.SH|49.63|50.5|48.72|49.93|27496172.0|136776.08|49.63
601212.SH|10.8|10.93|10.4|10.47|265497424.0|280941.94|10.72
001267.SZ|29.83|31.08|29.38|30.72|33362334.0|101442.14|29.55
601808.SH|17.03|17.3|16.7|16.88|32574378.0|55128.78|17.05
600871.SH|3.31|3.39|3.19|3.2|432408768.0|141072.67|3.34
603115.SH|28.47|28.53|27.62|28.31|9332300.0|26239.41|28.47
600977.SH|15.25|15.26|14.81|14.87|78783016.0|117900.67|15.32
600186.SH|6.22|6.43|6.21|6.3|119390104.0|75334.38|6.21
600550.SH|17.36|17.85|16.9|17.77|173679312.0|303861.47|17.4
