000617.SZ|9.65|10.64|9.51|10.15|465396512.0|472199.69|9.87
002636.SZ|29.92|30.58|28.05|28.05|49131096.0|143272.58|31.18
603659.SH|31.37|32.0|30.82|31.25|108900088.0|344561.78|31.37
603629.SH|41.67|43.95|40.53|40.84|34187764.0|202150.61|43.49
600667.SH|10.04|10.45|9.8|9.91|174147984.0|176064.11|10.62
603618.SH|19.01|21.58|19.01|20.43|106714736.0|219082.72|20.08
001389.SZ|105.35|105.35|98.38|98.38|10813761.0|110051.16|109.38
603115.SH|30.1|32.17|30.1|31.41|11137470.0|35437.3|31.25
603881.SH|29.66|30.82|29.16|29.39|55459240.0|199663.34|30.81
001287.SZ|24.39|25.56|24.1|24.56|51967588.0|129832.59|24.89
601975.SH|4.5|4.66|4.29|4.36|309637280.0|139181.41|4.49
