600584.SH|54.59|54.63|48.91|49.4|251036976.0|1260713.38|52.61
600893.SH|46.25|50.29|46.25|48.85|94942128.0|465504.78|46.73
002156.SZ|57.95|59.2|54.86|56.0|288494272.0|1624704.5|56.11
601231.SH|30.58|32.14|29.75|31.81|61753176.0|189178.66|31.01
002636.SZ|23.3|23.3|23.3|23.3|6735791.0|15694.39|21.18
600378.SH|37.9|38.66|37.76|38.48|10332450.0|39570.32|37.97
601126.SH|38.9|39.49|37.26|37.43|30020976.0|113596.67|38.85
605376.SH|74.82|79.68|73.31|77.74|15802497.0|121570.57|73.99
600372.SH|15.58|16.88|15.58|16.55|227293968.0|370160.28|15.62
601117.SH|8.73|9.09|8.66|8.95|337658368.0|300760.78|8.79
002558.SZ|50.29|50.9|48.71|49.34|22686404.0|112389.09|50.3
603650.SH|63.0|63.1|59.86|60.9|27609540.0|168043.47|62.68
603115.SH|23.9|25.24|23.9|24.66|12574304.0|30896.23|24.05
600114.SH|35.79|36.2|35.43|35.75|17191856.0|61493.39|35.9
600312.SH|22.5|22.98|22.12|22.26|54609440.0|122153.58|22.5
000738.SZ|23.98|26.18|23.98|25.94|94359904.0|241403.8|24.29
002130.SZ|32.5|33.4|32.0|32.73|203416864.0|666163.69|30.95
603881.SH|34.21|34.85|33.89|34.55|38341376.0|131941.58|33.82
000400.SZ|31.82|32.5|30.99|31.2|59641292.0|187565.28|31.82
003035.SZ|5.63|5.84|5.56|5.6|126387184.0|71389.03|5.86
603737.SH|51.49|54.0|50.65|53.28|11572144.0|60520.01|51.5
603638.SH|22.3|22.87|21.98|22.12|13891165.0|30945.57|22.48
002545.SZ|26.0|28.29|25.71|27.2|38507176.0|104208.3|26.08
601677.SH|16.5|16.57|16.08|16.21|58836260.0|95537.44|16.29
