603986.SH|641.0|705.09|630.93|705.09|59821932.0|3994484.75|640.99
002384.SZ|252.14|260.97|252.0|257.13|57984540.0|1487096.38|255.02
601066.SH|28.19|28.93|27.6|27.73|95350024.0|267353.16|28.81
601872.SH|20.71|21.91|20.45|21.91|106708112.0|229966.05|19.92
002008.SZ|136.73|157.74|135.0|152.23|118722640.0|1750067.25|145.11
000776.SZ|23.17|23.67|22.42|22.66|197781744.0|451253.19|23.32
600362.SH|47.91|48.49|46.04|47.33|95281176.0|446988.09|49.37
600105.SH|61.01|68.74|61.01|68.74|156312144.0|1051173.13|62.49
002484.SZ|94.78|102.85|94.53|100.93|56550044.0|562901.38|94.5
600703.SH|19.3|21.81|19.3|21.81|230385088.0|484696.38|19.83
002436.SZ|48.5|51.61|48.3|50.23|163677904.0|822242.13|48.5
601179.SH|15.88|16.4|15.81|16.26|176089648.0|284406.56|16.19
600460.SH|46.92|50.8|46.92|50.01|169671856.0|842296.75|47.04
603083.SH|237.0|262.21|236.83|262.21|30726430.0|789988.5|238.37
600392.SH|30.98|31.6|29.7|31.6|207235840.0|636545.56|31.03
600497.SH|10.89|12.1|10.5|12.1|478112576.0|548409.81|11.0
600578.SH|7.01|7.16|6.88|7.07|143989920.0|100882.81|7.13
601233.SH|22.94|24.95|22.8|24.25|67642168.0|163757.42|22.97
601117.SH|7.86|8.18|7.86|8.07|154541824.0|123998.86|7.92
002409.SZ|155.0|173.05|155.0|173.05|32501374.0|542959.94|157.32
603929.SH|209.0|231.88|208.58|231.88|6411608.0|144941.89|210.8
603806.SH|16.28|16.49|15.95|16.29|37905200.0|61465.56|16.33
603629.SH|196.0|222.12|192.29|219.0|38290220.0|800130.63|201.93
600667.SH|20.49|23.01|20.49|23.01|212603216.0|479187.72|20.92
002407.SZ|41.8|44.55|39.8|44.25|224656832.0|959965.81|41.8
000811.SZ|43.87|49.47|43.45|48.75|90763968.0|426039.0|44.97
600259.SH|106.74|107.5|100.91|104.77|26740236.0|276139.53|106.79
000987.SZ|8.45|8.45|8.12|8.21|59962392.0|49397.45|8.37
600352.SH|12.01|12.88|11.91|12.64|124042976.0|154115.53|12.04
000060.SZ|7.89|8.23|7.67|8.17|351555872.0|280560.44|7.93
601108.SH|8.43|8.73|8.35|8.41|105574704.0|89535.6|8.49
000962.SZ|70.0|76.68|69.68|76.38|49508548.0|364972.81|72.8
000029.SZ|27.48|27.66|26.15|26.15|5418700.0|14243.25|29.05
603588.SH|18.17|18.93|17.87|18.49|135801120.0|250296.94|18.24
603127.SH|36.42|39.05|36.4|38.08|37487784.0|143018.11|36.53
