603986.SH|680.0|688.8|636.0|640.99|59291380.0|3908960.75|689.7
002384.SZ|265.01|266.99|253.0|255.02|72102760.0|1862670.13|270.55
603993.SH|21.6|21.61|19.49|19.49|552668928.0|1112696.25|21.65
002008.SZ|134.0|145.12|132.0|145.11|122453664.0|1723738.88|131.93
600362.SH|54.0|54.0|49.37|49.37|94749104.0|479796.63|54.86
600105.SH|63.7|66.66|61.53|62.49|139426032.0|895216.13|63.7
002484.SZ|103.0|103.0|94.5|94.5|56657376.0|553343.63|105.0
000630.SZ|7.86|7.86|7.14|7.14|695624512.0|508285.19|7.93
002436.SZ|52.0|52.8|47.99|48.5|184149504.0|913422.13|53.3
600460.SH|45.2|48.65|44.5|47.04|185415584.0|866676.0|44.8
002812.SZ|72.0|72.5|68.41|68.81|31293180.0|219742.59|72.05
600392.SH|34.19|34.19|31.03|31.03|227498608.0|735565.19|34.48
600497.SH|11.88|12.18|10.81|11.0|582362560.0|667616.88|11.31
600578.SH|7.35|7.41|7.04|7.13|163928384.0|118383.52|7.49
601233.SH|23.52|24.17|22.88|22.97|67651840.0|158058.02|23.09
601117.SH|8.34|8.39|7.83|7.92|237166816.0|191704.89|8.42
603929.SH|208.99|214.64|203.82|210.8|6005800.0|126151.82|213.72
603806.SH|17.4|17.4|16.26|16.33|42245464.0|70811.8|17.5
600667.SH|22.57|22.57|20.76|20.92|305665664.0|657335.25|22.57
000811.SZ|45.13|47.0|40.01|44.97|101597480.0|441930.44|44.19
600259.SH|116.69|116.84|106.79|106.79|26724832.0|290679.38|118.66
000737.SZ|15.6|15.6|14.12|14.2|106704544.0|156480.75|15.69
002085.SZ|12.34|13.24|12.27|12.3|65160940.0|82406.41|12.34
000029.SZ|29.44|30.05|28.94|29.05|9628680.0|28306.13|29.24
600862.SH|19.09|19.3|18.2|18.31|22492536.0|42143.37|19.19
603127.SH|36.66|38.28|36.03|36.53|32871664.0|122253.93|36.67
601609.SH|12.97|13.12|12.01|12.03|103575528.0|127969.93|12.72
600961.SH|34.87|34.87|32.68|33.1|133351168.0|449922.81|31.7
