002938.SZ|71.82|73.28|70.54|71.05|36879120.0|268002.88|71.82
600487.SH|67.43|67.73|63.03|65.43|160934768.0|1057681.5|67.11
603259.SH|108.42|109.43|105.04|107.97|59682512.0|650555.63|109.6
002484.SZ|38.2|38.73|37.44|38.09|50190936.0|192527.56|37.92
601061.SH|13.92|14.13|13.66|13.76|20791500.0|29005.1|13.94
002812.SZ|84.0|85.66|82.01|82.95|46953872.0|390564.94|84.47
002407.SZ|35.7|36.49|34.55|36.11|182569456.0|651482.25|35.67
000811.SZ|24.36|25.27|24.06|24.85|42911624.0|106960.3|24.53
003022.SZ|24.96|25.0|24.04|24.09|33298092.0|81163.95|25.09
001267.SZ|53.95|56.64|53.52|53.9|49680776.0|271855.91|53.86
000967.SZ|14.1|14.21|13.22|13.44|206204176.0|282899.38|13.98
002432.SZ|73.51|75.05|71.1|71.85|24823076.0|184711.47|73.51
000062.SZ|35.75|37.7|35.2|36.92|116985448.0|429417.13|35.65
603606.SH|52.03|52.13|50.53|51.31|15160397.0|94070.61|52.36
600641.SH|27.2|28.53|27.2|27.62|58705136.0|163607.08|27.06
603486.SH|64.73|65.74|63.85|64.24|8454147.0|55277.51|65.25
600637.SH|9.78|9.98|9.71|9.85|69962544.0|69793.75|9.99
600499.SH|19.32|19.61|18.75|18.95|54036140.0|104568.44|19.75
600208.SH|4.21|4.55|4.21|4.55|198625120.0|88978.47|4.14
603198.SH|36.9|37.67|36.5|36.5|5628912.0|21649.76|37.34
600186.SH|11.33|11.55|10.42|10.72|480905216.0|528535.63|10.82
002756.SZ|85.35|89.4|84.95|86.84|30396236.0|266562.38|83.4
603338.SH|56.56|56.76|53.87|53.97|13120300.0|73460.55|56.85
600126.SH|9.0|9.11|8.71|8.74|153656000.0|135336.45|9.07
601016.SH|4.5|4.54|4.25|4.26|529527040.0|229422.91|4.56
002192.SZ|103.63|109.0|101.88|109.0|33849552.0|364620.38|99.07
002290.SZ|78.67|82.27|76.39|81.07|16960540.0|135889.42|76.74
