000617.SZ|10.11|10.99|9.95|10.8|543566400.0|574842.5|10.2
002636.SZ|28.51|30.99|27.88|30.99|50703668.0|148349.45|28.17
603629.SH|58.7|58.9|55.17|56.98|25437392.0|143917.23|57.55
600667.SH|10.18|10.26|9.36|10.24|217108416.0|212784.42|9.97
603618.SH|21.0|21.3|19.44|20.73|105211608.0|216489.45|20.43
001389.SZ|101.0|103.38|99.08|102.88|7558720.0|76584.86|99.03
603115.SH|32.54|35.21|32.25|35.21|10006303.0|34400.27|32.01
603881.SH|36.01|36.67|34.66|36.37|60546444.0|217452.88|35.3
001287.SZ|24.86|25.49|24.4|25.17|49735976.0|123934.85|24.68
603026.SH|76.9|80.49|75.88|78.4|20892684.0|162291.8|75.56
601975.SH|4.46|4.83|4.41|4.83|341276160.0|158808.42|4.39
