601869.SH|434.9|469.99|433.0|455.89|19068468.0|876381.69|444.99
000063.SZ|36.36|38.5|36.03|37.74|240591344.0|906639.38|36.44
600160.SH|38.22|39.22|37.8|38.24|65334340.0|250579.53|38.79
600188.SH|25.0|27.8|24.25|27.27|115797856.0|301771.91|25.97
600362.SH|47.06|47.7|45.82|46.05|57632432.0|267519.28|48.02
600105.SH|51.0|54.95|51.0|54.29|147673616.0|791213.44|51.92
000960.SZ|43.0|43.43|41.61|41.84|94277320.0|397457.28|43.75
002203.SZ|20.09|20.25|19.31|19.49|30040244.0|59082.77|20.41
601699.SH|18.64|19.76|18.22|19.3|98478840.0|188152.95|19.0
002129.SZ|9.04|9.73|8.92|9.55|226049072.0|212719.94|9.13
600995.SH|16.0|16.42|15.65|15.65|54727412.0|87332.3|16.3
002859.SZ|84.25|95.36|84.25|94.39|32353116.0|296269.41|86.72
000062.SZ|32.55|33.41|31.8|32.77|71454648.0|234045.84|32.84
601001.SH|21.4|23.9|20.7|22.69|68721224.0|152052.03|21.88
603115.SH|102.86|109.95|97.1|107.55|12778800.0|133114.91|102.0
600114.SH|39.0|40.05|38.38|39.61|26429244.0|103854.53|39.22
600546.SH|14.4|15.25|13.98|14.46|69323824.0|100810.53|14.7
