600487.SH|36.4|38.02|36.34|37.35|152216832.0|565413.94|36.28
601869.SH|163.19|175.36|162.74|173.51|20647108.0|352024.38|165.22
002080.SZ|40.61|42.12|39.17|41.22|56242364.0|228517.38|40.9
601600.SH|13.37|13.54|13.22|13.44|337011712.0|450412.59|13.14
600489.SH|33.01|33.05|31.03|31.56|182103680.0|577663.75|32.95
000807.SZ|32.92|33.34|32.41|32.8|55402960.0|181924.55|32.54
600869.SH|13.17|13.66|13.0|13.43|127042496.0|168899.5|13.17
002185.SZ|14.48|14.48|14.0|14.29|258176592.0|367142.81|14.72
003031.SZ|77.25|78.69|75.5|78.17|8656641.0|66720.72|78.33
600219.SH|6.94|7.0|6.76|6.89|319888032.0|219552.88|6.83
002532.SZ|18.55|18.68|18.01|18.3|55723532.0|101763.03|18.19
603929.SH|148.57|150.2|142.11|144.94|4426507.0|64310.95|150.23
600330.SH|15.7|16.94|15.7|16.94|281488928.0|472657.25|15.4
603663.SH|39.95|40.18|39.31|39.84|7160628.0|28372.07|40.19
600352.SH|14.4|14.6|14.18|14.36|62596400.0|89837.46|14.48
000060.SZ|7.22|7.26|6.99|7.13|210277056.0|149343.06|7.07
001267.SZ|27.8|27.8|25.88|27.01|39800932.0|106288.38|28.03
601799.SH|143.87|153.82|143.0|149.96|11987056.0|177125.28|143.87
000962.SZ|45.26|46.85|44.25|44.9|37232600.0|169250.22|43.21
600499.SH|18.09|18.38|17.6|17.88|46572064.0|83487.82|18.04
000029.SZ|23.0|23.18|22.27|22.84|11254643.0|25574.16|22.86
601118.SH|7.1|7.17|6.82|7.03|88461360.0|61687.41|7.0
601155.SH|16.73|18.12|16.73|18.08|40923740.0|71959.6|16.8
600550.SH|16.0|16.63|15.9|16.28|181916624.0|295608.28|16.37
600170.SH|3.01|3.04|2.96|3.03|445970592.0|134074.3|3.02
603077.SH|2.45|2.49|2.42|2.48|231409392.0|56951.02|2.43
