600549.SH|49.8|52.08|49.58|51.52|56165296.0|290019.31|50.08
002600.SZ|16.08|16.4|15.99|16.12|194134928.0|313108.84|16.31
600089.SH|25.84|28.64|25.84|28.13|607258944.0|1666854.75|26.47
600673.SH|30.89|31.54|29.71|29.95|89639488.0|271367.69|32.12
601179.SH|12.74|13.95|11.97|13.38|518925792.0|658882.44|12.74
002625.SZ|52.16|52.96|51.65|52.04|32457652.0|169439.63|52.53
601360.SH|13.89|14.58|13.45|13.7|472258176.0|659481.38|13.5
003031.SZ|75.67|77.15|74.07|76.22|7803887.0|59122.21|76.36
000066.SZ|17.0|17.0|16.16|16.35|161441424.0|267130.69|16.74
002203.SZ|15.63|16.02|15.08|15.32|68362448.0|106658.84|15.61
600372.SH|14.97|15.1|14.55|14.71|138890144.0|206002.58|15.2
600143.SH|19.39|19.72|19.27|19.49|87557944.0|172042.09|19.65
600845.SH|24.19|25.05|24.12|24.43|49810380.0|123116.95|24.74
600588.SH|18.61|18.61|17.16|17.5|387957472.0|686549.13|19.01
000981.SZ|5.65|5.65|5.1|5.1|1908175104.0|1001805.63|5.67
001896.SZ|6.25|6.41|6.17|6.28|53475900.0|33417.73|6.25
603516.SH|254.83|263.4|233.01|245.9|8778278.0|217750.78|257.97
603067.SH|37.64|40.36|37.25|39.55|40574268.0|158906.23|37.84
603950.SH|31.07|31.76|30.33|30.76|6437547.0|20023.18|31.06
600170.SH|2.98|3.01|2.89|2.9|535777920.0|158607.64|3.04
