600549.SH|53.45|56.4|52.05|56.25|58873864.0|325604.44|53.44
002600.SZ|16.06|16.06|15.53|15.83|246038176.0|390017.66|16.49
600089.SH|26.82|30.14|26.81|30.14|743041728.0|2187790.25|27.37
601231.SH|32.0|32.01|30.35|30.47|54543592.0|171468.0|32.07
002636.SZ|18.84|20.25|18.84|20.25|30628350.0|61555.99|18.4
002625.SZ|51.63|52.84|51.15|52.02|36726156.0|190887.61|51.95
601360.SH|12.85|13.01|12.42|12.49|268110176.0|341504.69|12.97
000066.SZ|16.21|16.4|15.94|16.23|110651888.0|178759.05|16.57
002203.SZ|14.94|15.07|14.38|14.98|46950236.0|70122.95|15.04
600143.SH|20.3|20.7|19.89|20.5|141331728.0|291000.88|20.06
603650.SH|62.72|63.88|59.62|59.95|31229804.0|190972.95|61.86
600588.SH|16.09|16.29|15.48|15.6|153722224.0|242543.92|16.09
000981.SZ|5.0|5.27|4.85|5.08|977182784.0|499942.09|5.05
001896.SZ|6.29|6.53|6.25|6.46|56028336.0|36141.73|6.34
603067.SH|37.28|38.64|36.65|37.84|29461992.0|111728.4|37.35
002130.SZ|31.24|31.59|29.36|29.53|174814080.0|531063.94|30.95
603881.SH|28.73|29.36|28.47|28.52|52217752.0|180655.78|29.61
600170.SH|2.92|2.94|2.85|2.89|326744160.0|95409.61|2.95
002545.SZ|22.05|24.66|22.03|24.05|30160932.0|72288.25|22.45
