601066.SH|30.02|30.88|29.07|29.46|108482672.0|322591.94|30.25
601872.SH|18.72|19.24|17.94|18.01|192815056.0|359109.25|19.31
603019.SH|99.0|101.3|94.5|97.48|97691600.0|956208.88|98.76
000776.SZ|22.46|23.86|22.46|23.26|139866112.0|324346.72|22.35
002600.SZ|16.86|17.3|15.14|15.76|368699232.0|591083.69|16.41
001309.SZ|939.95|978.0|886.66|970.0|17130008.0|1606494.88|951.0
600362.SH|41.7|44.34|41.7|43.89|66693812.0|292366.69|41.79
000100.SZ|5.43|5.57|5.2|5.29|1708460928.0|914334.5|5.4
600703.SH|22.4|22.89|20.07|21.06|527683872.0|1125866.38|21.73
601179.SH|14.83|15.48|14.59|15.0|163744864.0|245132.14|14.88
000021.SZ|56.0|58.86|55.55|58.86|239636576.0|1377029.88|53.51
603083.SH|247.4|258.48|235.94|247.78|25090516.0|621869.44|245.92
600392.SH|29.67|30.38|27.84|28.31|155826608.0|454066.19|29.82
600497.SH|12.65|13.5|12.16|12.8|474857728.0|607602.75|12.54
601233.SH|23.51|23.77|22.2|23.08|54646804.0|125355.55|23.94
002409.SZ|199.13|207.46|191.18|207.46|41667728.0|843628.63|188.6
603629.SH|131.88|135.86|122.74|126.06|30058110.0|539194.5|133.37
002558.SZ|27.01|28.5|26.65|27.23|126790032.0|346871.44|27.44
600667.SH|27.78|29.44|25.92|28.94|512717856.0|1426007.88|26.82
600707.SH|14.0|15.36|13.97|15.35|382820448.0|568786.69|13.96
002407.SZ|45.66|45.66|45.66|45.66|37721216.0|172235.08|41.51
002240.SZ|41.53|43.29|40.05|42.57|59151936.0|247768.03|42.35
600330.SH|32.75|33.0|29.48|30.14|176414960.0|539259.38|32.75
600259.SH|99.96|100.47|91.5|94.56|17999694.0|171448.34|99.52
600563.SH|191.0|198.8|185.6|189.4|16924164.0|323620.56|188.76
000987.SZ|7.67|7.79|7.59|7.73|41005356.0|32099.22|7.66
600352.SH|12.53|13.05|12.09|12.29|92284464.0|118017.15|12.32
000060.SZ|7.66|8.02|7.61|7.77|263669024.0|207673.95|7.63
601108.SH|8.4|8.71|8.28|8.55|111790920.0|95835.66|8.36
000967.SZ|10.52|10.76|9.44|9.44|239552096.0|239781.34|10.5
002046.SZ|75.5|76.47|68.3|73.8|29361248.0|210245.42|74.32
000962.SZ|88.99|95.73|88.99|93.88|50023772.0|463256.44|87.03
600500.SH|8.82|8.99|8.03|8.03|225322704.0|187194.3|8.92
002364.SZ|54.09|56.15|51.77|53.8|41276560.0|222161.52|53.95
002518.SZ|50.65|50.9|47.57|48.72|19793224.0|96576.02|50.9
000032.SZ|24.98|25.22|22.39|24.08|85614560.0|203319.83|24.22
002552.SZ|67.09|68.15|60.12|60.12|12951700.0|80220.7|66.8
603588.SH|19.5|20.2|18.7|19.34|123778136.0|239573.56|19.03
603063.SH|51.52|52.95|48.35|51.13|32468012.0|163943.8|52.03
002497.SZ|19.58|20.17|18.7|19.54|57313236.0|110876.34|19.99
000034.SZ|26.63|26.98|25.34|25.81|40309972.0|105063.76|26.62
002192.SZ|80.78|86.68|77.12|84.87|30163088.0|247849.31|82.49
603127.SH|36.96|40.26|36.96|39.48|41458816.0|162268.59|36.96
600596.SH|17.71|18.39|16.02|16.02|126617504.0|213990.69|17.8
