002428.SZ|48.19|48.63|46.08|46.68|76485000.0|359697.44|48.42
002222.SZ|66.71|68.3|64.96|65.24|21531996.0|143627.91|67.25
000703.SZ|12.75|13.02|12.47|12.54|30763160.0|39205.9|12.75
603629.SH|44.96|48.51|44.74|46.91|40379688.0|268062.78|44.51
603618.SH|22.01|23.41|21.15|22.07|116813728.0|259928.91|22.8
001389.SZ|106.35|116.47|106.12|114.28|18771226.0|215926.25|105.82
603115.SH|37.4|39.36|37.01|38.88|23314702.0|91925.14|35.73
600186.SH|7.09|7.44|6.92|7.03|268758816.0|191400.56|7.03
002498.SZ|8.95|9.05|8.58|8.64|179176768.0|156460.81|8.98
603881.SH|31.57|32.28|30.85|31.04|51193156.0|193758.89|31.89
001287.SZ|25.89|26.0|25.14|25.27|35924168.0|91662.33|26.42
603026.SH|76.71|85.28|76.67|85.28|24072812.0|200612.28|77.52
601975.SH|4.55|4.6|4.38|4.41|311583200.0|139608.31|4.61
