603993.SH|20.4|20.72|19.93|20.03|508603648.0|1032142.94|20.92
600176.SH|46.94|50.2|46.0|49.64|241712928.0|1176368.38|45.77
000630.SZ|7.56|7.68|7.38|7.57|823990144.0|621535.5|7.66
002837.SZ|70.56|75.14|70.41|73.19|70686504.0|518030.91|70.53
601208.SH|65.5|71.74|65.5|71.74|65459328.0|458045.5|65.22
603260.SH|46.0|51.03|44.23|51.03|51530888.0|246085.73|46.39
002812.SZ|68.71|70.77|67.4|69.77|41893700.0|291027.53|67.92
600497.SH|9.95|10.31|9.88|10.07|278301888.0|281806.84|10.12
601233.SH|23.12|24.18|22.47|22.72|76678136.0|179116.33|23.35
002378.SZ|36.2|39.76|35.89|37.76|146302112.0|559915.0|37.28
002407.SZ|39.0|41.5|38.51|39.33|213323824.0|850430.56|40.14
002240.SZ|50.52|50.55|48.8|48.81|83972552.0|414887.34|51.63
002129.SZ|10.21|10.49|10.16|10.33|242875968.0|249988.58|10.26
603663.SH|54.21|59.2|52.42|59.2|19190680.0|153560.92|53.81
600206.SH|35.26|39.11|35.01|39.11|85528888.0|324892.25|35.55
002046.SZ|62.7|63.99|61.29|62.59|21111682.0|132191.03|62.5
600641.SH|30.65|33.02|30.65|32.94|82338144.0|262483.44|31.05
000737.SZ|14.66|14.81|14.52|14.57|76573536.0|113221.59|14.92
002459.SZ|8.62|8.74|8.53|8.69|52152920.0|45125.53|8.7
603160.SH|57.06|57.65|56.68|57.2|5794859.0|33096.02|57.59
002085.SZ|13.38|13.61|13.19|13.34|89758512.0|120312.2|13.67
600732.SH|12.75|13.3|12.5|13.01|47918676.0|62057.27|12.74
600862.SH|18.81|19.05|18.59|19.02|27874908.0|53090.84|18.9
002430.SZ|26.5|27.6|26.5|27.3|30225200.0|82001.47|26.35
000921.SZ|28.34|29.39|27.39|28.31|21155600.0|59449.39|28.47
000158.SZ|15.25|15.25|14.85|15.0|33641172.0|50387.73|15.35
601609.SH|12.46|12.89|12.38|12.71|100735112.0|127788.61|12.61
600961.SH|26.0|27.97|26.0|27.16|78228992.0|211146.27|26.58
