000988.SZ|144.55|151.11|140.97|149.0|77533040.0|1140251.63|142.82
000063.SZ|35.12|36.46|34.8|36.3|177378384.0|634522.56|35.1
002156.SZ|61.39|64.69|59.4|63.84|162998144.0|1019305.75|61.39
601958.SH|23.35|24.93|22.31|24.06|94780248.0|223600.11|23.2
002851.SZ|140.0|147.95|140.0|147.95|33611816.0|491042.09|134.5
600378.SH|41.61|44.14|40.62|43.02|69812056.0|296478.78|40.49
002203.SZ|20.06|20.26|19.08|19.46|41589696.0|82051.13|19.93
600021.SH|19.74|20.13|18.93|19.53|145279168.0|287690.34|20.22
002056.SZ|23.73|25.72|22.82|25.06|78314088.0|194170.7|23.73
002129.SZ|9.56|9.62|8.91|9.12|193191008.0|176661.06|9.56
600995.SH|15.9|15.95|15.36|15.58|67724576.0|105560.7|16.34
002859.SZ|72.62|82.28|70.1|80.4|32599204.0|252875.23|75.05
600863.SH|7.49|7.59|7.2|7.38|583205632.0|429908.59|7.92
603730.SH|12.42|12.64|11.96|12.23|25965642.0|32578.3|12.44
603115.SH|102.6|108.59|100.86|105.65|11200900.0|117823.82|103.1
600396.SH|18.5|19.88|17.63|19.4|293697792.0|562238.19|18.5
601608.SH|5.54|5.54|5.29|5.41|47883612.0|25820.89|5.55
