002353.SZ|172.92|174.77|165.23|168.81|14976364.0|253216.41|171.11
600673.SH|36.55|37.45|33.78|34.93|69324336.0|245203.13|36.82
601991.SH|7.22|7.55|6.9|7.0|594306752.0|423382.13|7.39
605499.SH|126.5|128.01|124.03|124.45|4257986.0|53330.87|127.9
000938.SZ|31.66|32.66|30.9|31.48|280355904.0|891756.56|33.31
000021.SZ|52.5|56.15|51.5|54.07|169988432.0|921417.81|53.3
600580.SH|37.88|39.19|35.81|36.08|86099320.0|320111.97|37.91
002409.SZ|184.17|193.33|181.0|185.82|29045620.0|544881.0|186.45
600845.SH|18.2|18.73|18.05|18.33|25852826.0|47626.12|18.18
002294.SZ|39.69|39.79|36.73|38.71|63263536.0|242629.28|39.83
601611.SH|10.52|10.6|10.25|10.33|23636022.0|24509.07|10.61
002472.SZ|46.83|48.0|44.71|44.97|70332176.0|325181.69|46.75
603290.SH|125.01|132.75|124.2|128.45|11114589.0|143819.64|126.71
601933.SH|3.1|3.11|2.99|3.01|108814256.0|32994.14|3.1
000876.SZ|7.16|7.47|7.1|7.42|89727864.0|65185.87|7.29
603067.SH|49.0|50.0|44.14|44.51|58943752.0|271635.91|48.73
601162.SH|3.62|3.8|3.54|3.69|363125600.0|133591.8|3.63
603728.SH|65.1|67.55|62.99|63.3|12201772.0|79114.48|65.09
600208.SH|2.91|2.92|2.84|2.86|86565200.0|24830.17|2.91
002653.SZ|69.56|71.8|66.88|69.0|18840964.0|130332.45|69.85
000951.SZ|22.69|22.91|22.1|22.31|11119582.0|24821.19|22.69
002536.SZ|54.88|55.05|52.53|53.05|42152628.0|226030.95|55.0
000959.SZ|3.6|3.6|3.48|3.49|32515792.0|11468.63|3.59
603283.SH|67.77|69.8|66.1|68.25|20201932.0|138252.0|67.99
603638.SH|24.79|27.0|24.24|26.5|41886992.0|108706.95|25.11
003021.SZ|95.38|98.97|90.38|90.9|6925937.0|64873.92|95.38
002402.SZ|25.1|25.81|24.1|24.16|43337864.0|107411.38|25.38
603337.SH|41.35|41.35|39.0|39.28|4041638.0|16146.87|40.95
