603986.SH|270.0|273.77|256.78|262.5|54516180.0|1444338.63|250.78
002050.SZ|55.8|57.6|54.3|55.75|331454592.0|1849134.5|56.84
000792.SZ|32.35|32.58|32.02|32.19|131339056.0|423968.22|32.37
600362.SH|55.5|56.5|54.5|55.28|83408912.0|462372.59|56.97
002414.SZ|16.31|16.7|15.91|16.28|180495168.0|293950.66|16.31
002261.SZ|34.27|34.6|33.47|33.73|95541152.0|323534.38|34.27
002465.SZ|19.98|20.97|19.11|19.45|611881920.0|1215694.88|19.06
000981.SZ|4.5|4.78|4.4|4.56|2248161280.0|1021599.56|4.46
603067.SH|33.94|34.47|32.7|33.25|39066976.0|130673.61|34.5
002756.SZ|56.05|57.0|54.34|54.88|13184036.0|72949.92|55.65
603127.SH|38.53|41.61|38.53|41.3|36679500.0|149740.42|38.45
002716.SZ|8.18|8.4|7.91|7.99|366428160.0|298171.66|8.06
