603986.SH|253.8|253.8|243.57|249.3|39523832.0|987321.13|258.0
002050.SZ|53.81|57.48|53.78|56.74|279907136.0|1584332.0|53.97
000792.SZ|31.01|31.6|30.98|31.28|103129152.0|322708.66|31.47
600673.SH|27.55|30.0|27.55|29.52|94847168.0|275182.97|27.55
601179.SH|10.48|11.13|10.46|10.81|379323648.0|413794.75|10.5
000960.SZ|30.65|33.62|30.65|33.46|56886416.0|188018.16|31.01
003031.SZ|73.83|80.4|73.37|78.06|20459000.0|159416.45|75.26
000768.SZ|29.85|30.63|29.3|29.82|124777392.0|375817.53|29.65
002920.SZ|130.75|136.03|130.25|133.4|18453856.0|248370.08|131.56
002414.SZ|16.2|16.4|15.83|16.23|137441200.0|221486.03|16.15
600707.SH|6.75|7.01|6.74|6.8|79010496.0|54762.11|6.8
002945.SZ|16.6|18.18|16.59|17.74|112995824.0|196045.05|16.86
000981.SZ|4.66|4.8|4.6|4.66|1359471744.0|637332.44|4.72
000629.SZ|3.47|3.66|3.47|3.58|316962464.0|113336.54|3.49
603516.SH|231.65|235.9|221.0|231.25|7029051.0|161452.59|230.0
002025.SZ|66.87|68.84|63.89|65.63|79283712.0|526674.44|62.86
603067.SH|32.84|34.94|32.84|34.94|35050084.0|121770.34|31.75
600295.SH|14.69|15.1|14.21|15.1|31955904.0|48668.46|14.71
603127.SH|41.8|42.23|40.6|41.99|22167872.0|91922.64|42.06
002716.SZ|7.66|7.98|7.63|7.9|221369872.0|173579.25|7.73
