000063.SZ|36.8|38.3|36.0|36.44|243270048.0|907899.0|36.3
600160.SH|38.16|40.0|37.81|38.79|109096088.0|425287.19|38.23
600188.SH|23.3|26.25|23.06|25.97|105534568.0|257993.31|23.86
601958.SH|23.99|24.88|23.52|23.96|80314248.0|194930.63|24.06
600378.SH|42.8|44.49|41.0|41.65|67673160.0|289179.19|43.41
002203.SZ|19.61|21.06|19.49|20.41|45757380.0|93529.09|19.59
601699.SH|17.24|19.19|17.24|19.0|82354008.0|149426.44|17.8
600021.SH|19.39|20.89|19.16|20.86|172403104.0|346306.19|19.9
002129.SZ|9.08|9.53|9.02|9.13|167569424.0|155706.33|9.12
600995.SH|15.37|16.3|15.06|16.3|72642608.0|113752.92|15.58
002859.SZ|80.0|87.86|76.26|86.72|34232176.0|284157.03|80.4
601001.SH|20.2|22.72|19.68|21.88|70579512.0|149036.58|20.65
603115.SH|103.0|111.4|98.08|102.0|14907701.0|156215.47|106.25
600546.SH|14.02|14.87|13.68|14.7|72622496.0|102714.25|14.42
