603986.SH|600.0|608.07|565.29|571.79|55370448.0|3249475.25|583.99
002384.SZ|261.0|280.08|255.88|262.49|139133536.0|3725784.75|260.37
002281.SZ|227.0|233.62|213.18|214.97|49284348.0|1102353.0|232.95
601698.SH|28.09|29.3|27.83|27.83|47301280.0|134168.03|28.91
002156.SZ|84.1|84.7|75.8|78.71|293539872.0|2348147.25|77.87
600118.SH|77.08|79.78|73.91|73.91|84115816.0|642740.63|82.12
002851.SZ|167.64|176.5|165.0|168.6|45481480.0|780148.13|172.13
002436.SZ|41.26|41.87|38.43|38.71|94777296.0|377015.13|40.85
000021.SZ|53.76|53.9|47.26|47.26|183502288.0|908124.69|52.51
002185.SZ|25.04|25.22|23.11|23.11|641107968.0|1510487.63|25.68
603296.SH|77.96|80.94|76.78|78.2|30727660.0|241989.42|77.79
605358.SH|59.85|60.29|52.84|52.84|58992540.0|325883.38|58.73
600909.SH|9.33|9.85|9.3|9.5|331507264.0|315248.94|9.2
600667.SH|23.77|23.88|20.64|20.81|243072640.0|532561.38|22.63
000811.SZ|53.04|54.0|49.99|50.35|50479112.0|263590.94|52.0
603061.SH|411.99|418.95|367.03|373.84|5071035.0|195843.23|401.95
002364.SZ|53.0|53.0|48.25|48.72|58425520.0|291308.09|53.6
603005.SH|41.16|41.5|36.68|37.0|61460992.0|235086.83|40.36
002152.SZ|9.9|10.11|9.84|9.97|35832584.0|35726.66|9.97
603881.SH|23.99|25.36|23.71|24.05|33935656.0|82709.04|24.15
603127.SH|50.62|50.62|47.73|50.62|43672652.0|219057.77|46.02
002402.SZ|23.62|24.14|22.92|23.26|42261256.0|99171.33|23.46
