600188.SH|20.0|21.25|19.99|21.06|87942288.0|183697.41|20.66
000617.SZ|10.45|10.45|9.85|9.87|531637568.0|541044.06|10.66
002636.SZ|33.88|34.36|31.08|31.18|53103532.0|173928.08|33.48
603659.SH|29.33|31.96|29.13|31.37|120463168.0|379626.97|29.03
600667.SH|11.35|11.38|10.6|10.62|202018288.0|222487.27|11.17
603618.SH|20.55|21.14|19.98|20.08|99961000.0|204872.86|19.76
001389.SZ|116.3|116.84|109.14|109.38|11069286.0|125652.49|115.08
603115.SH|32.06|32.55|31.12|31.25|9853000.0|31742.12|32.1
603881.SH|32.95|33.14|30.81|30.81|78546712.0|297466.41|32.96
001287.SZ|24.78|26.38|24.41|24.89|83798432.0|214313.36|24.43
601975.SH|4.61|4.71|4.49|4.49|287044128.0|132309.92|4.65
603077.SH|2.83|2.88|2.77|2.77|274243328.0|77142.37|2.83
