601869.SH|482.0|495.0|445.0|452.69|17984512.0|837131.06|484.33
002353.SZ|147.5|149.0|136.28|144.8|47622356.0|665242.5|151.42
600362.SH|39.65|40.3|39.05|39.89|38035024.0|153410.11|40.76
002156.SZ|62.0|63.67|60.16|61.44|111972872.0|692218.69|64.43
600105.SH|55.69|56.47|51.6|52.29|128661320.0|683410.81|56.89
000960.SZ|33.86|34.45|33.2|33.97|72166800.0|243827.22|35.44
002138.SZ|58.5|61.69|57.16|58.3|73700544.0|435089.34|61.23
605358.SH|73.85|75.54|70.05|73.35|106485920.0|782773.69|71.02
600578.SH|8.68|8.92|8.05|8.05|272081088.0|233900.84|8.96
002046.SZ|64.29|64.29|58.33|58.98|35169008.0|212146.2|64.83
000062.SZ|31.77|32.6|30.68|31.45|46029896.0|144940.14|32.21
603005.SH|45.99|48.4|44.46|44.88|96235336.0|446454.53|46.79
603516.SH|122.46|123.65|114.71|115.67|9181856.0|108306.52|124.71
600114.SH|41.23|42.88|39.8|40.21|45475536.0|186665.38|42.08
600516.SH|5.74|6.02|5.62|5.66|147696144.0|85299.43|5.81
