600183.SH|135.67|140.19|124.06|126.0|82385680.0|1095224.0|135.67
002384.SZ|230.65|239.77|215.6|217.5|127490248.0|2941072.5|231.0
601898.SH|13.68|14.48|13.6|14.34|91947312.0|129144.36|13.79
600188.SH|20.7|22.37|20.25|22.36|89193368.0|190004.73|20.94
601991.SH|6.35|7.07|6.32|6.95|882082240.0|601181.88|6.62
600938.SH|31.68|32.63|31.46|32.39|88384880.0|283198.38|30.93
002636.SZ|70.77|74.84|65.64|66.45|71899656.0|505532.97|72.39
600436.SH|142.7|143.66|137.17|140.0|14178891.0|198844.52|145.05
600578.SH|5.86|6.39|5.8|6.32|295675840.0|182759.0|6.11
002532.SZ|12.16|12.55|12.04|12.35|123473256.0|152103.11|12.21
000703.SZ|14.51|15.43|14.33|15.16|92034792.0|138066.0|14.64
002558.SZ|29.3|29.49|28.01|28.02|115122728.0|331294.03|29.87
600863.SH|5.05|5.39|5.0|5.33|323374976.0|169521.31|5.16
000596.SZ|93.05|97.57|90.5|97.55|13260953.0|124741.99|96.0
601001.SH|18.09|18.22|17.34|17.82|35746048.0|63349.41|18.33
001389.SZ|174.32|178.88|166.2|166.8|9954010.0|171628.08|174.31
001896.SZ|13.85|15.39|13.8|15.17|174846704.0|259999.33|14.34
002517.SZ|16.54|16.65|16.01|16.06|80438016.0|130725.45|16.81
600732.SH|11.53|11.96|11.4|11.8|35605616.0|41461.42|11.59
002536.SZ|47.0|51.4|47.0|48.05|45631524.0|222974.56|47.06
600595.SH|6.15|6.32|6.12|6.27|129188256.0|80730.67|6.16
000959.SZ|3.68|3.78|3.65|3.74|50674560.0|18845.71|3.71
600396.SH|12.98|14.92|12.9|14.92|247288416.0|355220.97|13.56
600126.SH|6.41|6.85|6.4|6.58|185727504.0|122798.34|6.74
600095.SH|8.81|9.24|8.62|9.16|115629944.0|104183.06|8.98
603077.SH|2.29|2.41|2.28|2.36|199283168.0|46746.52|2.31
