600183.SH|146.08|151.9|141.63|141.74|82422720.0|1210009.38|143.23
002281.SZ|191.0|196.0|184.39|184.85|51247544.0|979688.25|185.03
601869.SH|352.0|356.5|337.21|337.51|11926034.0|415886.78|345.79
000657.SZ|71.59|72.0|66.68|66.7|119747984.0|829253.25|70.43
002636.SZ|70.0|70.75|65.47|65.58|68419208.0|468156.63|68.47
601208.SH|49.05|50.0|46.66|46.92|76466224.0|369819.06|48.4
000831.SZ|56.5|56.8|55.41|55.41|28785446.0|161422.69|56.58
601699.SH|16.17|16.42|15.92|15.97|26215364.0|42308.1|16.27
603979.SH|74.5|74.61|72.18|72.33|7058686.0|51765.98|74.58
600667.SH|22.8|24.88|21.91|23.78|512903296.0|1201658.38|22.71
002407.SZ|37.51|40.98|37.31|38.97|243536672.0|939087.56|37.4
600330.SH|24.57|26.14|24.0|24.21|149746368.0|375414.59|24.24
600863.SH|5.11|5.25|5.0|5.01|252660608.0|127524.43|5.1
603268.SH|170.99|179.2|170.5|173.26|6099349.0|107037.52|170.96
603087.SH|74.7|79.18|73.07|77.48|30369486.0|231887.33|77.2
600500.SH|5.3|5.37|5.16|5.17|110149344.0|58081.6|5.3
600186.SH|11.6|12.19|10.87|10.93|373617120.0|431483.19|11.45
600126.SH|7.23|7.36|6.97|6.97|160387216.0|115019.19|7.18
603738.SH|37.9|38.3|36.13|36.13|45132804.0|168496.81|37.44
603127.SH|50.5|53.54|50.29|51.9|53804216.0|282487.81|51.15
601606.SH|35.88|36.5|34.88|35.1|38031588.0|134769.38|35.92
601666.SH|9.1|9.24|8.93|8.99|36238100.0|32830.91|9.19
600316.SH|29.01|29.58|28.7|28.7|16029097.0|46712.22|29.11
601020.SH|22.9|23.41|21.9|21.91|34521524.0|77843.52|22.8
