002463.SZ|86.5|90.62|86.41|88.67|75493192.0|670812.94|88.32
002281.SZ|107.29|115.88|107.29|113.73|70789512.0|802440.56|107.82
002008.SZ|75.01|76.82|75.01|75.78|32671112.0|247513.83|76.55
002353.SZ|116.0|116.16|110.0|111.73|27023026.0|303328.22|117.46
600105.SH|37.87|39.61|36.7|38.7|217591488.0|826969.56|38.1
002636.SZ|36.01|37.58|36.01|36.6|46253096.0|169669.56|35.93
600869.SH|15.33|15.58|15.02|15.22|84658400.0|128634.06|15.6
000426.SZ|42.93|43.0|42.2|42.72|39839836.0|169568.73|43.3
600115.SH|4.34|4.43|4.33|4.42|160379584.0|70261.33|4.45
003031.SZ|96.05|104.99|96.05|104.1|19257136.0|195312.25|95.98
603083.SH|111.99|119.98|111.55|118.58|37514728.0|433447.78|116.24
603260.SH|42.0|45.77|41.94|44.48|19018692.0|83433.86|42.56
002273.SZ|29.57|31.34|29.57|30.27|87252752.0|267389.41|29.88
002222.SZ|84.59|87.86|83.56|86.4|32804798.0|281164.0|85.48
000703.SZ|16.0|16.4|14.84|15.29|89736504.0|137860.22|15.9
603308.SH|69.8|70.8|68.15|68.28|18497496.0|127544.94|71.41
603929.SH|206.29|215.65|204.64|211.5|5983400.0|125632.69|210.5
603920.SH|55.0|55.99|53.88|54.44|33164120.0|181356.84|55.7
000811.SZ|18.29|18.68|18.14|18.6|23243794.0|42999.3|18.66
600259.SH|97.3|97.88|91.66|92.89|18293066.0|171189.36|94.46
001267.SZ|43.78|43.98|42.2|42.81|42752328.0|184536.5|43.91
002046.SZ|46.88|48.05|46.2|46.26|13302552.0|62157.31|47.53
000062.SZ|28.34|29.1|28.31|28.69|44055528.0|126574.52|28.58
000962.SZ|44.48|45.0|43.03|43.74|12950646.0|56633.04|44.88
002131.SZ|7.91|8.19|7.88|8.05|524168096.0|421257.84|7.99
600641.SH|21.7|22.35|21.7|21.82|51251560.0|112465.45|22.08
001389.SZ|126.62|133.67|126.61|132.0|12992314.0|169749.8|126.81
603516.SH|148.0|150.82|143.3|144.46|6341946.0|92259.4|148.66
002025.SZ|76.3|81.01|76.3|77.36|34781616.0|271335.09|76.23
603067.SH|37.85|38.0|36.28|36.88|27775468.0|102604.47|38.6
600186.SH|7.34|7.49|7.27|7.41|149206592.0|110155.41|7.43
000766.SZ|21.41|23.08|21.31|22.63|36421136.0|81502.68|21.05
001287.SZ|25.99|27.48|25.99|26.95|42938668.0|115730.91|26.42
