603986.SH|580.0|600.0|550.8|550.8|66310700.0|3773737.75|612.0
002384.SZ|237.58|251.4|232.0|236.7|93879520.0|2270756.25|242.3
002281.SZ|230.0|238.0|213.34|216.0|44914452.0|1010726.94|233.45
002353.SZ|147.93|152.28|136.9|138.79|24366076.0|349877.72|151.2
002156.SZ|70.7|77.66|70.39|73.57|213880416.0|1594996.88|70.95
002851.SZ|161.96|170.55|157.22|158.69|40212672.0|656227.38|161.79
002436.SZ|41.13|42.5|38.16|38.5|111536120.0|448189.53|41.13
000021.SZ|56.88|58.6|52.12|52.12|210313808.0|1159695.0|57.91
002185.SZ|25.07|26.81|23.85|24.13|815676608.0|2077069.75|25.31
603296.SH|82.49|85.6|79.0|79.19|32970274.0|270143.38|82.8
000066.SZ|19.06|19.81|17.92|18.05|226154528.0|425193.63|19.45
600580.SH|33.08|33.09|31.2|31.24|41679752.0|133194.16|33.65
605358.SH|60.0|62.56|57.11|57.4|52658152.0|314627.63|61.06
600909.SH|9.29|9.44|8.78|8.86|254864272.0|230034.66|9.43
600667.SH|24.0|26.25|22.73|22.73|286648512.0|690403.13|25.26
000811.SZ|52.92|54.7|48.12|48.12|49114144.0|244822.94|53.47
603268.SH|159.0|170.68|158.26|162.93|14138885.0|232619.08|159.68
002294.SZ|36.71|37.15|34.87|35.08|38981552.0|139596.91|37.13
002472.SZ|43.09|43.93|41.91|42.14|50317288.0|216353.72|43.55
603087.SH|66.07|66.97|64.81|65.31|11908837.0|77826.32|66.47
603061.SH|436.29|455.0|407.17|410.21|3288743.0|141350.0|448.75
002364.SZ|56.0|56.95|51.57|51.76|55595348.0|303822.69|56.05
603005.SH|43.0|44.88|41.0|41.18|63989304.0|274819.63|43.97
002536.SZ|51.94|55.5|48.97|49.15|41791916.0|218138.14|52.84
002152.SZ|10.28|10.46|10.06|10.13|48136692.0|49194.15|10.27
603881.SH|24.99|26.48|24.75|26.29|63589184.0|163355.14|25.32
003021.SZ|85.31|86.0|80.0|80.05|4486483.0|37001.99|86.73
