600673.SH|36.55|37.25|35.46|36.82|75910624.0|277245.5|36.25
601991.SH|7.6|7.94|7.36|7.39|601305344.0|459196.41|7.67
001289.SZ|15.7|16.42|15.62|16.11|10165609.0|16435.18|15.77
605499.SH|125.26|129.9|123.99|127.9|6902930.0|88274.19|126.35
000938.SZ|30.82|33.31|29.58|33.31|315681440.0|993377.81|30.28
000021.SZ|55.9|57.01|52.54|53.3|164491040.0|898115.69|55.91
002409.SZ|203.25|205.0|181.0|186.45|41030484.0|777949.56|199.5
002129.SZ|10.47|10.67|9.84|10.02|248888400.0|253343.55|10.37
600845.SH|18.08|18.35|17.77|18.18|21616920.0|38959.36|18.25
601611.SH|10.8|10.91|10.6|10.61|26315810.0|28233.81|10.83
002472.SZ|48.55|49.42|46.63|46.75|109165864.0|524112.19|46.73
603290.SH|131.27|131.98|122.0|126.71|12447548.0|158235.91|129.35
601933.SH|3.09|3.18|3.05|3.1|155597776.0|48339.04|3.09
000876.SZ|6.86|7.38|6.83|7.29|110576944.0|78773.06|6.78
001270.SZ|177.0|179.65|158.0|159.39|24228448.0|412839.28|163.32
603067.SH|45.42|48.57|45.21|48.57|10258206.0|49483.62|44.14
601162.SH|3.71|3.74|3.61|3.63|232927728.0|84935.17|3.68
603728.SH|67.55|67.78|65.0|65.09|19055260.0|125930.0|68.02
600208.SH|2.95|3.0|2.89|2.91|129245144.0|37892.18|2.96
002653.SZ|73.3|80.83|69.07|69.85|30744384.0|230564.2|76.47
000951.SZ|22.24|23.05|22.24|22.69|16515710.0|37463.72|22.35
000959.SZ|3.53|3.62|3.46|3.55|44679836.0|16034.63|3.52
601016.SH|3.7|3.71|3.59|3.6|141978560.0|51734.29|3.69
603283.SH|68.88|69.88|64.8|67.99|29104944.0|196917.98|68.05
603638.SH|26.7|26.7|25.11|25.11|39413944.0|101485.86|27.9
002402.SZ|26.9|26.98|25.1|25.38|58910868.0|152058.81|26.86
603337.SH|41.91|42.98|40.73|40.95|6399067.0|26665.57|42.21
