600584.SH|48.73|50.18|48.3|49.39|178916448.0|884238.0|48.73
002600.SZ|15.78|15.86|15.23|15.4|200229424.0|309404.19|15.83
600089.SH|30.54|32.63|28.75|30.42|851523776.0|2628502.5|30.14
002156.SZ|47.62|52.72|47.54|50.93|200667680.0|1009975.0|48.11
601231.SH|30.38|31.2|29.33|29.55|35380088.0|106862.38|30.47
002636.SZ|20.86|22.29|20.12|20.4|94262384.0|200097.86|20.25
601360.SH|12.59|12.65|12.07|12.19|196945664.0|243741.11|12.49
000066.SZ|16.6|16.99|16.07|16.2|140326848.0|232501.77|16.23
603650.SH|59.94|64.0|58.8|63.8|49583168.0|305969.13|59.95
600588.SH|15.8|15.95|15.01|15.15|113149976.0|172559.06|15.6
000981.SZ|5.09|5.56|5.09|5.42|1516715392.0|814649.44|5.08
001896.SZ|6.44|6.65|6.3|6.53|65749320.0|42449.99|6.46
002130.SZ|29.52|30.63|28.72|30.46|174413888.0|524425.94|29.53
603881.SH|28.79|29.02|27.66|28.02|38202008.0|129278.71|28.52
603638.SH|22.14|22.35|21.55|21.74|15696952.0|34439.72|21.7
600170.SH|2.88|2.91|2.85|2.91|293709152.0|85408.04|2.89
002545.SZ|24.06|24.11|22.58|23.56|25223426.0|59532.86|24.05
