601869.SH|454.0|484.33|447.1|484.33|17308172.0|809771.69|440.3
600160.SH|38.8|38.99|37.02|37.72|69395504.0|261934.83|38.15
600188.SH|24.11|24.98|23.8|24.7|64903256.0|158833.84|25.2
002353.SZ|151.8|153.02|144.46|151.42|16628598.0|247936.11|147.22
600362.SH|41.41|41.48|39.9|41.36|45071668.0|183334.56|40.87
002156.SZ|63.88|64.8|61.76|64.43|128026544.0|814182.75|62.26
600105.SH|54.41|57.16|53.23|56.9|156463104.0|864144.31|53.0
000960.SZ|34.88|35.54|33.92|35.44|87352192.0|303766.13|35.01
002138.SZ|58.0|61.23|56.7|61.23|97131504.0|575621.0|55.66
605358.SH|66.5|71.17|64.15|71.17|66810600.0|454891.78|64.7
600578.SH|8.61|9.18|8.15|9.13|341216800.0|298414.22|8.82
601699.SH|18.5|18.81|17.75|18.6|45356592.0|83983.7|18.58
002046.SZ|61.07|66.28|59.34|65.03|44475444.0|275492.97|60.37
000062.SZ|31.43|33.18|30.8|32.21|63950644.0|204679.39|30.7
601001.SH|21.33|21.91|20.83|21.3|37230508.0|79452.83|21.68
603005.SH|45.81|47.05|43.58|46.79|101091808.0|460754.59|45.15
603516.SH|132.8|133.21|123.5|124.81|10639958.0|134805.47|129.33
600114.SH|40.13|42.66|39.3|42.08|53159856.0|218061.39|39.93
600546.SH|13.51|13.88|13.32|13.64|32505856.0|44058.09|13.63
600516.SH|5.9|5.94|5.72|5.82|188091424.0|109145.79|6.1
