600183.SH|141.98|143.48|134.39|138.57|94216176.0|1303773.88|139.98
002384.SZ|195.28|198.66|178.85|185.94|102695928.0|1904006.13|195.27
002916.SZ|382.62|383.56|359.36|372.4|11125228.0|410090.16|382.63
002463.SZ|126.8|127.2|119.5|122.7|59136008.0|723656.56|125.87
002938.SZ|101.0|102.0|96.48|98.52|27744812.0|274182.91|101.41
603259.SH|159.99|166.66|157.93|161.34|126536208.0|2042475.13|154.82
002281.SZ|190.93|194.72|173.74|178.3|78822656.0|1419646.63|193.04
601869.SH|345.0|355.5|330.0|343.09|13956367.0|476061.53|338.69
000657.SZ|69.0|73.68|66.38|72.8|159513376.0|1102781.13|67.01
600673.SH|32.84|33.4|32.24|33.28|35720796.0|117569.83|32.91
600105.SH|39.01|39.25|36.65|37.67|147314160.0|554251.63|39.0
002636.SZ|65.44|67.3|62.44|66.78|84418120.0|547080.13|65.4
600378.SH|49.08|49.48|47.2|48.83|77188720.0|372738.19|49.09
601126.SH|48.1|48.65|45.05|45.89|38271264.0|176908.92|45.97
003031.SZ|117.0|117.83|109.46|112.74|11361021.0|127446.8|115.86
605589.SH|42.78|42.99|40.31|41.59|37760152.0|156193.95|42.38
603156.SH|48.33|51.84|47.76|50.88|15326037.0|75514.88|48.35
600580.SH|36.78|36.85|35.45|35.45|67065068.0|240352.89|36.64
601699.SH|16.18|16.5|16.02|16.29|35053984.0|57146.84|16.26
603979.SH|79.24|80.87|77.41|80.18|7754448.0|61711.75|79.19
002407.SZ|36.8|39.85|36.05|38.51|252957536.0|946585.81|36.54
600330.SH|23.5|24.5|22.82|23.48|166386960.0|389606.53|23.01
603268.SH|183.05|188.88|177.01|183.26|8760886.0|159310.48|183.11
600588.SH|11.8|12.05|11.6|11.86|86151472.0|101959.68|11.72
601611.SH|11.56|12.08|11.55|11.91|71639088.0|84599.31|11.69
002015.SZ|15.93|15.95|15.45|15.61|52960440.0|82866.48|15.8
603738.SH|36.5|37.48|34.9|36.24|52845520.0|189508.73|36.63
601666.SH|8.9|9.56|8.86|9.35|58972316.0|55037.92|8.94
603938.SH|43.24|44.05|41.88|42.92|14327197.0|61202.23|43.11
603337.SH|44.6|44.99|43.2|44.29|5605525.0|24566.3|44.66
601865.SH|11.47|11.7|11.02|11.18|63357716.0|71276.0|11.75
