002384.SZ|255.12|266.03|251.0|256.92|97638336.0|2519620.75|249.06
603993.SH|19.83|20.5|19.58|20.17|350521536.0|705325.25|20.03
600176.SH|49.0|54.6|49.0|54.6|130959760.0|703666.25|49.64
000630.SZ|7.56|7.7|7.33|7.56|599249984.0|452101.88|7.57
002837.SZ|72.0|75.48|72.0|74.62|56203140.0|416225.5|73.19
601208.SH|72.5|76.68|72.01|73.2|110557104.0|818723.25|71.74
600460.SH|37.84|41.15|37.84|40.83|202243712.0|810549.69|38.28
603260.SH|50.16|51.93|48.7|50.03|47325848.0|238399.77|51.03
002812.SZ|69.78|70.55|68.7|70.38|32566544.0|226877.0|69.77
600497.SH|10.04|10.43|9.88|10.1|234141040.0|238051.25|10.07
600578.SH|8.26|8.33|7.81|8.02|260220944.0|210599.36|8.16
601233.SH|22.67|22.9|21.53|21.63|76150840.0|167481.52|22.84
603806.SH|17.3|17.58|17.08|17.34|39830236.0|68855.75|17.39
002378.SZ|36.85|37.3|34.73|34.88|126121936.0|449275.03|37.88
002407.SZ|38.0|38.98|37.37|38.47|174418048.0|666044.44|39.33
002240.SZ|48.81|50.19|47.87|48.3|59061776.0|288908.88|48.81
002129.SZ|10.24|10.8|10.02|10.71|365786976.0|383113.34|10.33
000811.SZ|36.52|36.52|36.52|36.52|9520984.0|34770.63|33.2
603663.SH|83.0|86.0|77.31|79.54|29479300.0|234452.05|82.98
600206.SH|38.81|40.78|38.4|39.79|167523616.0|664665.38|39.11
600641.SH|32.36|33.51|32.15|33.0|71383792.0|234289.52|32.94
000737.SZ|14.69|14.8|14.44|14.68|53306392.0|78029.12|14.71
002459.SZ|8.69|8.76|8.41|8.47|55379672.0|47142.09|8.69
603160.SH|56.6|60.29|56.4|59.74|9504469.0|55838.62|57.2
002085.SZ|13.24|13.48|13.01|13.07|60205632.0|79215.88|13.39
600732.SH|13.01|13.24|12.59|12.65|44617748.0|56917.15|13.01
600862.SH|18.95|19.36|18.73|18.84|20467214.0|38688.91|19.24
002430.SZ|26.7|26.9|26.28|26.46|24310218.0|64456.87|27.3
000921.SZ|28.23|28.35|27.69|27.88|15066861.0|42133.28|28.31
000158.SZ|14.8|14.8|14.42|14.51|33566400.0|48810.16|15.0
601609.SH|12.56|12.64|12.11|12.17|80343104.0|98862.67|12.71
600961.SH|26.92|27.41|26.39|26.7|55013584.0|147603.97|27.16
