603019.SH|98.7|99.98|94.01|94.56|94094728.0|913370.5|102.45
002600.SZ|17.19|18.17|16.8|17.18|316617376.0|556078.56|17.8
001309.SZ|829.54|872.83|806.0|811.0|16037778.0|1336028.88|893.22
000100.SZ|5.88|6.18|5.51|5.92|2469846016.0|1441856.13|6.12
001289.SZ|15.7|16.12|15.41|15.43|11361125.0|17773.7|15.8
605499.SH|127.89|132.65|123.9|124.08|7417154.0|93657.74|128.53
000938.SZ|29.18|30.42|28.7|29.03|217379152.0|640191.94|29.93
000021.SZ|56.65|58.0|56.03|56.03|176159328.0|994068.88|62.26
002409.SZ|216.0|225.88|212.48|212.48|42482080.0|918736.69|236.09
002558.SZ|28.5|29.0|27.39|27.71|115419320.0|325806.78|28.11
002240.SZ|45.67|45.9|43.46|43.6|46545068.0|206585.33|45.65
002129.SZ|11.42|11.59|10.97|11.03|364049024.0|409906.47|11.9
600330.SH|28.6|29.58|27.57|27.9|101520016.0|288437.38|29.94
600563.SH|172.55|173.3|164.3|164.3|11285898.0|189711.56|182.55
000967.SZ|9.92|10.72|9.87|10.12|126415120.0|131835.38|10.13
002046.SZ|68.21|75.92|67.25|72.4|25257440.0|182033.75|70.45
601611.SH|11.05|11.13|10.7|10.7|55012312.0|59821.29|11.23
002472.SZ|43.15|44.0|41.75|42.46|48056380.0|207711.42|42.42
600500.SH|7.5|8.18|7.16|7.51|209563840.0|161564.84|7.96
603290.SH|143.82|147.3|136.7|136.89|17978108.0|254916.86|151.89
002364.SZ|50.23|53.83|49.03|50.85|36719492.0|189433.58|51.84
002518.SZ|50.8|51.54|48.89|49.07|16095436.0|80394.02|51.47
000032.SZ|23.04|23.52|21.6|21.9|68514856.0|155066.34|24.0
001270.SZ|156.0|163.79|148.03|148.47|13700168.0|212549.98|159.0
603067.SH|48.84|48.84|44.59|45.08|49543592.0|231767.5|49.34
603728.SH|63.14|65.8|62.31|63.37|15834595.0|101648.18|63.14
002552.SZ|57.01|64.68|55.66|61.26|13517702.0|82531.14|60.2
002653.SZ|71.24|80.0|69.0|78.8|23998412.0|175515.09|72.96
603063.SH|47.11|47.75|43.72|44.08|35580696.0|162747.22|48.43
000959.SZ|3.6|3.64|3.53|3.61|54489600.0|19758.74|3.58
002497.SZ|20.96|22.35|20.63|21.86|66474060.0|142359.17|21.0
601016.SH|3.87|4.02|3.76|3.76|295774112.0|114548.83|3.92
000034.SZ|27.61|28.56|27.04|27.46|96416872.0|269526.84|27.58
002192.SZ|93.55|94.67|89.78|90.13|23170256.0|213022.19|93.94
603283.SH|72.86|75.2|72.86|72.86|34240496.0|251494.83|80.96
600596.SH|14.72|14.84|13.91|14.3|103189592.0|149537.97|15.23
002402.SZ|26.86|27.25|25.99|26.08|63155704.0|168373.78|26.86
