600176.SH|27.41|27.79|26.59|26.85|142396128.0|387833.97|28.31
000988.SZ|86.57|90.63|85.05|89.61|93166872.0|824388.63|88.3
000657.SZ|60.37|65.99|60.37|65.99|95406560.0|617545.19|59.97
600673.SH|36.21|38.36|35.88|37.8|124910648.0|464322.56|37.8
601390.SH|6.18|6.36|6.13|6.3|536524928.0|335214.06|6.15
002837.SZ|83.72|84.87|82.42|83.33|45566288.0|493948.97|87.33
600010.SH|2.96|3.28|2.95|3.24|4077861888.0|1303307.63|2.98
601208.SH|32.59|34.95|31.38|34.9|124511296.0|412012.5|33.88
600141.SH|42.16|43.47|41.81|42.6|31967036.0|137360.67|42.38
603688.SH|48.79|49.79|47.82|48.96|25168944.0|122530.92|49.84
601212.SH|10.46|10.76|10.36|10.7|263040528.0|278465.25|10.47
600206.SH|24.91|26.08|24.91|25.87|76926688.0|197802.13|25.19
001267.SZ|29.54|30.62|29.26|30.44|31138300.0|93151.25|30.66
601808.SH|16.6|16.77|16.36|16.59|27281606.0|45924.71|16.6
000962.SZ|54.89|59.84|54.89|58.7|33464184.0|195564.81|54.89
000547.SZ|30.72|31.96|30.47|30.75|289887584.0|902657.81|30.74
600871.SH|3.21|3.29|3.17|3.21|268646112.0|86170.85|3.2
603115.SH|27.47|27.92|26.85|27.5|8104300.0|22649.56|27.71
000661.SZ|94.89|96.92|93.61|95.61|17022780.0|162766.48|98.34
600186.SH|6.24|6.6|6.22|6.47|151686048.0|97752.02|6.3
600550.SH|17.4|17.93|17.34|17.48|122939568.0|215551.0|17.77
603826.SH|15.72|15.88|15.43|15.78|11005823.0|22603.76|15.72
