603986.SH|259.0|267.0|256.91|258.75|31410912.0|821050.81|262.5
002050.SZ|55.3|55.88|54.0|54.37|213838800.0|1173990.75|55.75
000792.SZ|32.3|32.62|31.01|31.47|140176800.0|444874.28|32.19
000960.SZ|31.9|33.12|31.06|31.37|49744608.0|158552.8|32.2
000768.SZ|28.09|30.05|27.9|29.8|128407320.0|375078.94|28.22
002920.SZ|133.44|135.69|131.62|132.81|23285024.0|309863.84|137.57
002414.SZ|16.35|16.53|15.96|16.15|137367728.0|222159.47|16.28
600707.SH|6.95|6.96|6.81|6.87|72260080.0|49562.55|6.96
002945.SZ|17.86|18.02|16.92|16.92|115656488.0|198813.84|18.8
002261.SZ|34.21|35.28|33.78|34.18|121950128.0|421901.22|33.73
002465.SZ|19.3|20.49|18.66|20.31|537383360.0|1049543.63|19.45
000981.SZ|4.52|4.96|4.41|4.72|1805476608.0|838364.19|4.56
000629.SZ|3.5|3.59|3.45|3.49|256090880.0|90173.47|3.53
002025.SZ|57.23|62.99|57.23|62.99|71029176.0|435415.44|57.26
603067.SH|33.4|33.9|31.6|31.91|33958432.0|109859.63|33.25
600295.SH|15.31|16.43|14.52|15.41|38537064.0|58996.34|15.33
603127.SH|40.6|42.8|40.6|42.18|27474796.0|115147.77|41.3
002716.SZ|8.05|8.15|7.65|7.73|286856736.0|225432.38|7.99
