603986.SH|740.0|775.39|735.0|775.21|50867836.0|3843277.25|705.09
601066.SH|27.73|30.5|27.36|29.56|153949328.0|451089.0|27.73
601872.SH|21.0|22.16|20.88|21.6|247695648.0|533349.81|21.91
002008.SZ|153.75|156.6|147.8|152.8|87357632.0|1326368.75|152.23
000776.SZ|22.55|23.62|22.25|23.14|189834224.0|436969.47|22.66
600362.SH|45.68|46.68|44.89|45.43|71681056.0|327118.94|47.33
600105.SH|70.5|73.97|68.1|72.96|131976200.0|945529.38|68.74
002484.SZ|104.86|111.02|104.02|111.02|21336436.0|232251.42|100.93
600703.SH|22.35|22.88|21.09|21.67|686953088.0|1505250.88|21.81
002436.SZ|51.1|54.1|49.0|53.53|158712480.0|833029.5|50.23
601179.SH|16.16|16.4|15.73|16.09|142801616.0|227982.11|16.26
603083.SH|260.0|263.3|253.03|260.4|32378772.0|835567.44|262.21
600392.SH|31.11|33.1|30.21|32.2|184505840.0|593618.19|31.6
600497.SH|12.09|12.78|12.0|12.31|501765088.0|620943.63|12.1
601233.SH|24.0|25.06|23.31|24.6|60635460.0|147778.91|24.25
601117.SH|8.05|8.07|7.86|8.0|118309328.0|94387.16|8.07
002409.SZ|184.0|186.5|172.0|181.03|40754696.0|731033.94|173.05
603929.SH|255.07|255.07|248.11|255.07|2673791.0|67971.59|231.88
603629.SH|215.31|225.85|205.6|207.88|36413592.0|776918.88|219.0
600667.SH|25.31|25.31|25.31|25.31|15254082.0|38608.08|23.01
600707.SH|13.79|14.27|13.25|13.63|304812480.0|418825.41|13.53
002407.SZ|43.54|45.96|43.25|43.79|202732080.0|900206.88|44.25
600259.SH|104.0|107.36|101.68|104.89|18608928.0|195172.75|104.77
000987.SZ|8.21|8.47|8.09|8.36|67938584.0|56378.66|8.21
600352.SH|12.49|13.3|12.43|13.12|112894968.0|147115.39|12.64
000060.SZ|8.09|8.46|7.88|7.96|298190080.0|241742.59|8.17
601108.SH|8.35|8.71|8.24|8.62|140873984.0|120328.78|8.41
000962.SZ|74.58|84.02|74.58|84.02|38402120.0|315611.94|76.38
000029.SZ|25.0|25.5|23.82|24.05|15785677.0|38555.63|26.15
603588.SH|18.46|19.9|18.33|19.6|144844432.0|282027.78|18.49
603127.SH|37.57|39.21|37.2|38.61|30249944.0|115517.57|38.08
