601898.SH|14.02|14.41|13.8|14.36|44586964.0|63448.95|14.06
600188.SH|15.72|15.77|15.41|15.57|62479064.0|99392.27|15.57
600115.SH|6.4|6.4|6.12|6.32|162545952.0|101574.52|6.39
603806.SH|19.72|20.01|18.96|19.08|50594980.0|97974.67|19.35
002129.SZ|11.68|11.86|11.27|11.3|480404288.0|554814.38|11.68
000811.SZ|17.5|17.85|17.4|17.48|24675236.0|43616.1|17.5
603663.SH|32.82|33.63|31.73|32.76|16874288.0|77639.54|32.79
002945.SZ|20.34|20.45|19.69|19.71|37847240.0|75695.48|20.34
000547.SZ|30.01|30.2|28.02|28.5|277685184.0|801888.69|30.34
603667.SH|86.75|96.57|85.92|91.06|75986496.0|683893.81|87.9
000738.SZ|26.92|28.31|26.42|27.78|76066856.0|210407.39|26.92
603876.SH|18.13|18.78|17.91|18.67|41317928.0|76749.77|18.22
603881.SH|32.65|36.22|32.36|34.89|155663280.0|641695.38|32.93
600550.SH|15.5|15.78|15.24|15.58|80860272.0|125598.6|15.72
