605117.SH|84.05|85.46|81.41|81.81|12682137.0|105808.92|83.23
000636.SZ|55.55|55.55|48.39|49.35|255741584.0|1358203.88|50.5
601179.SH|13.3|13.54|13.2|13.34|144667552.0|193952.02|13.12
600578.SH|5.61|5.88|5.61|5.76|137050528.0|79506.77|5.77
002409.SZ|150.0|150.0|133.01|133.8|48144880.0|687768.31|136.96
002558.SZ|26.62|30.22|26.62|29.28|147145792.0|423144.06|27.68
002407.SZ|31.8|32.88|31.2|31.44|158513600.0|506402.88|30.56
002945.SZ|14.52|14.79|14.24|14.64|35614896.0|51768.51|14.7
001267.SZ|29.0|29.82|29.0|29.82|33416104.0|99130.2|27.11
002364.SZ|36.44|36.88|35.37|35.48|30552030.0|110378.67|34.2
600499.SH|16.48|16.72|16.25|16.49|35722116.0|58977.93|16.79
603115.SH|68.62|69.25|66.96|69.25|3387115.0|23363.23|62.95
002517.SZ|16.2|17.55|16.2|17.19|128309016.0|219353.7|16.5
002498.SZ|6.74|7.06|6.68|6.83|176933168.0|121801.08|6.96
600550.SH|11.66|11.98|11.5|11.89|61544968.0|72475.9|11.61
605198.SH|53.07|56.96|52.81|56.96|2880900.0|16197.58|51.78
603026.SH|63.83|66.38|63.71|63.83|11232011.0|72764.6|64.77
603833.SH|35.24|35.55|33.71|34.8|7279800.0|24925.21|35.41
