603986.SH|266.0|275.0|257.49|263.5|46151776.0|1223867.38|261.83
000792.SZ|32.4|34.81|32.4|33.8|208097984.0|700023.63|31.96
600549.SH|48.79|50.31|48.01|49.03|59692204.0|293863.19|49.02
600673.SH|29.5|31.3|29.0|30.28|90799928.0|274203.13|29.91
601179.SH|11.4|12.53|10.8|12.4|571967296.0|673585.44|11.39
002625.SZ|57.56|57.57|53.92|54.2|73810776.0|408282.03|57.57
000960.SZ|35.55|37.68|35.02|36.83|62604592.0|228644.22|35.89
003031.SZ|80.08|81.11|76.58|78.13|11956116.0|93961.44|80.89
000768.SZ|30.2|30.2|28.51|28.59|102243320.0|296563.19|30.58
002203.SZ|14.6|15.85|14.56|15.26|109565488.0|167342.2|14.41
600372.SH|16.5|16.5|14.88|14.91|265864688.0|405304.72|16.52
002920.SZ|137.0|140.21|134.0|138.02|17515508.0|239358.27|138.82
002414.SZ|16.65|16.66|16.06|16.15|136814432.0|222445.72|16.79
600143.SH|21.62|21.78|20.01|20.17|224144192.0|460398.78|21.51
600707.SH|6.92|6.93|6.73|6.76|58653896.0|40073.67|6.92
600845.SH|24.93|24.93|23.71|23.8|66575324.0|161070.05|24.94
002945.SZ|18.3|20.09|18.2|18.92|107869304.0|208474.38|18.26
000629.SZ|3.58|3.64|3.52|3.54|265730592.0|94758.9|3.63
603516.SH|246.2|267.6|242.66|261.27|9455324.0|245616.11|243.5
002025.SZ|67.8|67.9|63.67|63.67|40392480.0|259593.17|70.74
603067.SH|36.82|38.22|35.7|37.46|37802224.0|140527.3|37.1
600295.SH|14.55|14.82|14.34|14.35|17868700.0|25971.25|14.85
603127.SH|40.62|42.96|40.62|41.83|31989392.0|133970.5|40.38
603950.SH|31.99|32.37|30.46|30.56|8641730.0|26830.76|31.66
002716.SZ|8.4|9.22|8.37|9.02|441509408.0|396382.09|8.38
