600487.SH|35.23|37.53|34.89|36.01|172531456.0|625058.63|34.58
601869.SH|160.0|168.5|156.0|165.22|21902314.0|354374.25|158.99
002080.SZ|40.18|40.93|38.04|40.47|53297740.0|212944.66|39.42
601600.SH|13.1|13.19|12.67|13.14|475032544.0|614351.19|12.72
600489.SH|30.5|34.31|29.89|32.95|343344480.0|1061776.63|33.21
000807.SZ|32.71|32.99|30.99|32.16|92307600.0|296525.16|31.84
600869.SH|12.09|13.16|12.05|13.16|139953984.0|177868.97|11.96
002185.SZ|14.41|15.05|14.19|14.7|296907968.0|434614.94|14.05
003031.SZ|75.55|78.06|74.73|77.89|10276229.0|79316.21|73.83
000975.SZ|30.15|32.49|28.92|31.38|135972320.0|412159.06|30.88
600219.SH|6.67|6.78|6.51|6.69|488622976.0|329573.13|6.51
600988.SH|36.18|40.1|35.83|39.46|199237312.0|741185.69|38.56
002532.SZ|17.65|18.23|17.36|17.84|85272216.0|153724.23|17.64
603929.SH|148.37|152.15|143.86|148.58|5434477.0|81707.8|145.25
600330.SH|14.28|15.4|14.28|15.4|69911376.0|106262.98|14.0
603663.SH|28.82|28.88|28.06|28.64|8219759.0|32837.54|28.33
600352.SH|13.52|14.23|13.35|14.03|117182928.0|168074.09|13.25
000060.SZ|6.92|7.05|6.71|7.02|325895264.0|225678.13|6.88
001267.SZ|27.89|28.73|26.64|27.97|43001792.0|119002.0|27.19
601799.SH|130.8|142.07|130.8|142.07|13743802.0|194630.97|128.99
000962.SZ|39.91|43.1|39.91|43.1|29806572.0|126665.13|39.17
600499.SH|16.69|17.86|16.47|17.74|79885288.0|140868.56|16.25
000029.SZ|22.75|22.96|21.95|22.83|12587426.0|28345.25|22.33
601118.SH|6.9|7.12|6.8|7.0|115106616.0|80150.24|6.72
601155.SH|16.72|17.17|16.48|16.8|26075352.0|43816.41|16.41
600170.SH|2.83|3.07|2.82|2.99|663623488.0|198886.28|2.8
603077.SH|2.38|2.45|2.37|2.43|275670624.0|66457.17|2.32
