001309.SZ|363.0|393.39|360.0|386.24|27450120.0|1039493.5|364.18
600673.SH|31.86|33.2|31.66|32.56|58464652.0|189776.94|32.15
000636.SZ|52.5|59.76|52.5|57.8|221148832.0|1275860.5|54.33
603156.SH|44.5|46.33|43.95|45.07|16573664.0|75470.52|44.8
600580.SH|35.0|39.08|34.67|36.86|127275328.0|455837.81|35.67
600578.SH|5.93|6.02|5.86|5.99|144629248.0|86117.26|5.97
002558.SZ|29.6|30.63|29.59|30.07|106834280.0|322059.97|29.94
002945.SZ|14.91|15.2|14.87|15.03|24509032.0|36786.94|15.18
600588.SH|11.28|12.15|11.21|11.85|159841232.0|188378.63|11.38
601611.SH|11.76|12.97|11.7|12.7|160212720.0|195615.75|12.12
002015.SZ|15.91|16.28|15.85|16.12|95258992.0|153403.17|16.1
600499.SH|14.35|14.59|14.1|14.52|98337312.0|140378.92|15.67
002517.SZ|18.37|18.76|18.24|18.38|121051448.0|222892.75|18.58
002498.SZ|7.19|7.29|7.01|7.25|212266240.0|151946.38|7.38
603833.SH|33.18|33.33|32.63|33.05|6262259.0|20646.22|33.05
603337.SH|45.25|46.56|44.62|46.28|5998800.0|27457.09|45.91
601865.SH|11.11|11.15|10.83|10.93|30290988.0|33099.66|11.11
