600183.SH|93.38|93.84|87.65|89.95|59825100.0|540157.31|93.32
600522.SH|44.38|44.9|40.11|40.99|365149248.0|1523846.75|44.1
001309.SZ|722.01|759.99|697.62|712.06|21347528.0|1543948.13|721.65
600498.SH|59.16|59.88|53.59|54.29|133725776.0|742838.0|59.17
601868.SH|3.17|3.33|3.16|3.24|1037152960.0|336715.91|3.22
002179.SZ|40.37|41.2|39.1|39.46|48066080.0|192029.56|40.38
002851.SZ|134.88|134.96|126.49|128.13|24871634.0|322361.44|133.15
000425.SZ|10.25|10.45|10.13|10.21|89729576.0|92450.35|10.25
601208.SH|47.0|47.26|43.8|45.58|70310192.0|319578.38|46.27
601126.SH|73.4|79.55|73.1|76.51|36070604.0|273619.91|74.08
600601.SH|13.28|13.55|12.33|12.5|256931552.0|327853.84|13.2
605589.SH|43.25|44.19|41.65|42.08|51114848.0|217416.75|42.05
603156.SH|47.65|48.36|45.5|46.78|17903436.0|83251.02|47.33
605358.SH|52.66|54.48|50.0|51.61|55921220.0|291142.09|51.55
002222.SZ|112.74|117.0|104.29|105.82|47766644.0|519773.03|113.76
002409.SZ|108.97|114.8|106.14|107.46|38260488.0|419794.34|106.9
600667.SH|12.66|13.06|12.19|12.35|245806128.0|309108.59|12.66
603688.SH|71.89|73.0|67.78|69.53|36506480.0|254452.33|72.5
000811.SZ|33.55|34.94|32.09|33.12|55755084.0|186037.48|33.66
603179.SH|70.81|76.98|69.98|74.31|39215644.0|288454.63|70.8
600500.SH|5.86|6.1|5.66|5.66|161157488.0|94698.55|5.88
603290.SH|126.82|131.1|123.09|124.95|16796104.0|212196.25|124.46
000547.SZ|25.94|26.35|25.17|25.3|117979456.0|301344.09|26.03
002364.SZ|49.5|49.8|46.95|47.85|59131508.0|284477.81|48.74
002518.SZ|57.23|59.85|57.23|57.92|28672148.0|167997.34|57.68
603667.SH|77.03|84.65|75.9|84.43|80131184.0|657352.63|76.95
000582.SZ|12.19|12.28|11.96|12.01|54150032.0|65483.02|12.21
600536.SH|39.95|40.8|39.8|40.1|17972652.0|72221.54|39.95
603063.SH|61.98|62.44|56.8|58.76|47615796.0|283360.0|61.55
601609.SH|13.0|13.6|12.9|13.0|148597312.0|196454.28|13.3
603950.SH|72.42|73.92|68.0|69.85|9802676.0|69639.52|72.88
