002428.SZ|51.21|51.51|48.11|49.9|75146512.0|373071.47|48.91
002222.SZ|70.33|70.4|64.0|66.78|43954108.0|290958.03|68.02
002850.SZ|179.81|181.48|177.0|178.56|8229810.0|147836.06|179.0
603179.SH|66.38|68.76|66.01|67.29|10870550.0|73026.39|65.1
002294.SZ|61.84|66.6|61.78|66.05|13990950.0|91245.41|61.31
603061.SH|279.92|297.0|272.07|278.88|3284563.0|91935.15|270.33
002149.SZ|51.55|52.06|48.15|50.06|86568512.0|431017.56|51.54
600186.SH|7.2|7.6|7.19|7.33|251650736.0|185932.73|7.1
002498.SZ|8.96|8.97|8.2|8.38|226607648.0|190627.38|8.82
000155.SZ|15.91|16.08|15.24|15.43|94235656.0|146041.98|15.87
002756.SZ|74.7|75.7|72.99|73.45|18490408.0|137076.22|74.82
603127.SH|34.24|37.61|33.0|36.96|62373944.0|220603.55|34.2
601975.SH|4.32|4.66|4.32|4.51|347315392.0|157786.28|4.3
