600188.SH|20.7|20.99|20.24|20.66|110848824.0|228694.14|19.93
000617.SZ|9.87|10.66|9.71|10.66|558363648.0|573799.25|9.69
002636.SZ|32.88|34.22|32.2|33.48|51307804.0|171474.97|34.68
603659.SH|29.47|30.63|28.77|29.03|63011580.0|187463.97|29.96
600667.SH|11.1|11.58|10.95|11.17|219475840.0|247452.78|11.6
002432.SZ|60.62|64.3|59.92|64.3|70224656.0|457246.31|58.3
600873.SH|12.39|12.52|11.81|11.87|83676272.0|101010.84|12.44
002831.SZ|25.75|26.4|24.4|24.71|23338452.0|84532.32|26.59
601975.SH|4.99|5.06|4.6|4.65|466184288.0|221360.8|4.97
603077.SH|2.98|2.99|2.82|2.83|358852000.0|103387.99|2.98
