600487.SH|35.81|36.24|34.2|34.73|142259760.0|497083.19|37.35
601869.SH|164.83|169.2|157.0|161.76|16602823.0|269483.5|173.51
002080.SZ|40.5|41.84|37.86|38.69|65548820.0|257996.19|41.22
601600.SH|13.13|13.26|12.36|12.64|383179136.0|487500.03|13.44
600489.SH|30.36|31.39|29.41|29.92|176931488.0|533791.13|31.56
000807.SZ|32.31|32.75|30.64|31.49|70588752.0|221287.7|32.8
600869.SH|13.3|13.78|12.81|13.03|101563152.0|134026.67|13.43
600219.SH|6.77|6.84|6.45|6.6|326441216.0|215960.75|6.89
002532.SZ|18.05|18.3|17.2|17.57|55754120.0|97966.84|18.3
603806.SH|19.16|19.21|18.28|18.6|83110824.0|155476.7|20.0
600330.SH|15.8|16.8|15.25|16.0|305315584.0|489577.06|16.94
000811.SZ|17.63|17.73|17.02|17.14|31392488.0|54140.33|17.67
600352.SH|14.3|14.4|13.77|14.08|75941328.0|106726.28|14.36
000060.SZ|7.0|7.07|6.74|6.87|198054336.0|136342.08|7.13
601799.SH|149.96|153.79|147.3|148.68|4142213.0|61787.0|149.96
000962.SZ|44.9|45.65|40.77|41.87|34481328.0|146724.28|44.9
000547.SZ|31.02|33.77|30.63|32.0|400680704.0|1292982.13|32.5
600499.SH|17.68|17.8|16.98|17.18|44652148.0|76921.05|17.88
000029.SZ|22.76|23.48|22.52|23.08|12639700.0|29260.31|22.84
000738.SZ|26.75|28.7|26.64|27.93|93010016.0|259511.17|27.42
601118.SH|6.97|7.04|6.7|6.73|77308376.0|52590.97|7.03
601155.SH|17.8|18.17|17.53|17.8|28717052.0|51118.84|18.08
600550.SH|16.0|16.15|14.94|15.02|143064320.0|219108.25|16.28
600170.SH|3.01|3.04|2.95|2.96|300857600.0|89623.84|3.03
603077.SH|2.46|2.5|2.38|2.41|220783888.0|53502.43|2.48
