600989.SH|26.85|29.18|26.46|28.63|217479728.0|608500.56|27.19
605117.SH|119.36|119.49|113.0|115.94|13944466.0|160595.67|120.4
001309.SZ|256.07|277.6|256.07|271.12|17410250.0|468968.41|256.11
601958.SH|25.0|26.12|24.5|24.58|67737672.0|170646.44|25.02
600875.SH|43.01|45.38|43.01|44.22|187461824.0|828842.56|42.21
600236.SH|10.86|11.28|10.51|10.95|60235360.0|65477.22|11.62
603308.SH|66.0|69.8|65.7|67.7|28909576.0|197617.06|66.8
002491.SZ|11.8|12.06|11.26|11.46|170135536.0|195890.67|12.2
001267.SZ|36.31|39.98|35.2|39.19|85392784.0|322497.22|36.96
002261.SZ|34.88|39.05|34.59|39.05|204167440.0|748857.94|35.5
002432.SZ|50.17|50.29|48.2|49.04|26596272.0|130120.06|50.27
002046.SZ|51.81|53.37|51.08|52.06|21884972.0|114057.19|52.17
002015.SZ|14.62|15.62|14.5|15.62|98558768.0|150521.61|14.2
603115.SH|29.01|30.28|28.54|28.95|10075100.0|29493.74|29.8
002536.SZ|36.12|37.86|36.0|36.47|52332216.0|191916.58|37.01
002756.SZ|67.5|70.37|66.68|68.88|14318318.0|98321.58|68.7
601069.SH|36.1|37.8|35.79|37.01|23638948.0|87206.23|37.21
003035.SZ|8.8|8.98|8.4|8.71|179266656.0|155430.11|8.96
603530.SH|71.08|72.52|67.0|71.2|15873161.0|112195.91|71.48
002545.SZ|28.21|29.75|27.51|28.97|26265436.0|75741.96|28.39
