600183.SH|136.95|145.55|135.64|143.23|76484144.0|1074329.13|135.3
002384.SZ|194.06|203.83|192.8|200.19|78634816.0|1570460.0|193.87
002916.SZ|380.7|394.18|377.0|385.8|9383198.0|362289.91|380.7
002463.SZ|121.0|123.86|120.0|123.01|37464324.0|458116.88|121.0
002938.SZ|98.32|104.1|97.77|101.0|34007400.0|343865.59|96.67
603259.SH|159.21|161.96|158.08|159.04|67027216.0|1069405.13|160.21
002281.SZ|184.01|191.4|181.01|185.03|46190736.0|860945.69|184.07
601869.SH|342.0|349.8|334.0|345.79|11028035.0|379126.88|335.92
000657.SZ|68.0|71.88|66.7|70.43|109541648.0|765239.31|68.15
600105.SH|37.39|41.21|37.23|41.21|203845168.0|816511.0|37.46
002636.SZ|68.88|69.4|65.8|68.47|63678024.0|432345.25|68.0
601208.SH|47.11|49.1|47.11|48.4|75508800.0|363658.91|47.67
600378.SH|47.99|48.15|46.8|47.9|51867080.0|246796.7|47.68
000831.SZ|55.48|57.32|55.25|56.58|39684972.0|224448.28|55.84
601126.SH|45.14|46.98|44.0|45.91|22376108.0|102647.07|44.95
003031.SZ|119.0|121.65|115.5|119.39|10919724.0|129627.88|117.64
605589.SH|41.4|42.17|40.84|41.55|24306668.0|100997.15|41.3
601699.SH|16.12|16.55|15.96|16.27|31306042.0|51077.64|16.28
603979.SH|76.0|76.79|74.02|74.58|8395083.0|63142.56|76.01
002407.SZ|37.14|37.96|36.58|37.4|141721104.0|528836.06|37.28
600330.SH|23.44|24.66|23.17|24.24|102450008.0|245921.25|23.25
603268.SH|173.63|174.2|169.89|170.96|5922300.0|101353.38|173.25
600500.SH|5.44|5.48|5.26|5.3|128529648.0|68363.66|5.35
600186.SH|10.82|11.55|10.45|11.45|351806496.0|386014.03|10.61
603738.SH|36.9|37.98|36.14|37.44|41623268.0|155225.38|36.74
603127.SH|50.77|52.6|50.29|51.15|43250660.0|222932.09|51.2
601606.SH|35.62|36.29|35.1|35.92|36974280.0|132485.52|35.62
601666.SH|9.2|9.43|9.1|9.19|36222244.0|33451.09|9.34
603938.SH|42.55|44.05|42.42|43.6|11323164.0|49185.84|42.54
600316.SH|28.29|29.47|28.12|29.11|17832220.0|51869.13|28.29
601020.SH|22.8|23.34|22.47|22.8|34570336.0|79064.95|22.66
