600989.SH|25.56|27.88|24.84|26.77|222532112.0|592110.56|26.53
000657.SZ|67.58|67.72|63.43|64.14|78286944.0|509731.22|66.25
605117.SH|87.29|88.01|83.72|84.71|14411072.0|173386.66|86.72
601958.SH|26.65|26.8|24.7|25.02|67480296.0|171151.86|25.95
600010.SH|3.15|3.24|3.06|3.1|1548721024.0|483432.44|3.09
601208.SH|32.46|32.46|30.6|31.18|66947896.0|211084.14|31.45
600875.SH|39.88|42.21|39.31|42.21|82095616.0|340404.28|38.37
600236.SH|10.84|11.7|10.36|11.38|78319248.0|88090.81|10.61
603308.SH|66.03|68.58|65.58|66.64|33833648.0|226965.61|64.44
002491.SZ|12.8|12.91|11.81|12.2|237798816.0|290289.59|12.65
600206.SH|24.45|24.53|23.49|23.74|39650788.0|95502.46|23.92
001267.SZ|34.6|36.9|32.75|36.9|83289464.0|296462.78|33.54
002261.SZ|37.88|37.88|35.05|35.5|182000784.0|655721.19|37.2
002432.SZ|49.98|50.35|47.27|48.62|32505938.0|162677.27|49.34
002046.SZ|49.68|52.95|49.4|51.97|34311044.0|177167.59|48.12
000962.SZ|54.89|57.67|54.39|55.47|27110700.0|151331.8|52.95
000547.SZ|29.99|32.29|29.0|31.61|311613056.0|951746.06|29.35
002015.SZ|14.51|14.62|13.85|14.1|135399904.0|193461.92|14.21
603115.SH|30.01|30.6|28.62|29.2|16114100.0|48414.39|29.39
000661.SZ|89.76|89.96|88.64|89.06|5352709.0|47845.46|88.84
002536.SZ|35.34|37.81|34.93|36.71|84598904.0|310934.59|34.92
002756.SZ|64.24|69.45|64.0|68.3|26967556.0|184177.8|63.25
601069.SH|38.5|38.54|36.58|37.05|30818764.0|115257.09|38.54
003035.SZ|8.35|9.16|8.34|8.96|250287072.0|219103.41|8.4
002545.SZ|28.36|28.7|27.6|28.09|21362986.0|60521.03|28.28
603826.SH|16.55|17.75|16.13|16.82|25228928.0|55970.52|16.22
