600183.SH|102.15|107.5|97.66|98.19|72670696.0|744483.56|100.56
001309.SZ|707.0|709.8|652.88|656.1|14276115.0|971942.31|695.96
002851.SZ|124.52|125.2|116.1|116.69|22390858.0|271413.16|122.6
601126.SH|86.8|88.87|81.06|81.67|29263392.0|250332.31|86.48
003031.SZ|165.25|168.0|152.76|153.45|16563019.0|265236.03|164.84
605589.SH|47.99|47.99|43.96|43.96|53338396.0|246435.77|47.87
603156.SH|48.0|48.51|44.15|44.15|33152460.0|152230.73|49.05
605358.SH|55.77|56.92|51.18|51.26|73169216.0|397150.72|55.78
002409.SZ|122.73|125.0|113.63|113.9|42546208.0|510399.5|120.56
600021.SH|18.5|18.88|17.91|17.95|111576544.0|205214.27|18.68
002407.SZ|41.69|43.89|40.68|40.81|289691872.0|1218875.5|40.69
000811.SZ|37.5|38.46|35.0|35.19|53841928.0|198628.42|36.98
600246.SH|14.7|15.63|14.7|15.41|265155664.0|411059.56|14.21
600863.SH|5.18|5.88|5.16|5.58|393298880.0|216288.33|5.38
000962.SZ|56.3|60.54|55.88|56.59|30941276.0|180576.44|55.04
600500.SH|6.15|6.22|5.85|5.93|138122736.0|83000.58|6.15
603290.SH|127.03|130.97|121.7|122.23|16274358.0|207023.75|127.03
001896.SZ|14.88|16.37|14.61|16.37|290881568.0|468147.34|14.88
002364.SZ|52.15|53.88|48.99|49.17|63318880.0|326261.03|51.53
002518.SZ|64.5|65.47|60.0|60.74|21177368.0|133486.97|64.39
