600176.SH|28.25|28.39|27.01|27.43|157963248.0|436401.22|28.11
000657.SZ|53.77|58.6|52.89|58.6|101334952.0|570860.69|53.25
600673.SH|36.21|38.36|35.88|37.8|124910648.0|464322.56|37.8
002837.SZ|84.48|84.89|82.64|84.27|32793068.0|357366.03|83.79
600482.SH|32.9|34.64|32.89|33.42|67475128.0|228087.25|33.19
600875.SH|33.51|34.99|32.87|33.42|112713856.0|383629.56|33.31
601360.SH|12.6|12.7|12.41|12.49|159023040.0|200723.19|12.66
600392.SH|29.21|31.73|29.21|31.28|181549056.0|565200.56|28.82
603308.SH|67.28|68.12|65.64|66.26|20377698.0|136244.63|67.28
603929.SH|143.35|143.39|134.95|138.81|6325460.0|88057.1|143.86
000559.SZ|19.23|19.27|18.68|19.08|152528816.0|292683.38|19.68
603688.SH|48.58|50.73|48.37|49.54|40187404.0|198740.98|48.62
002129.SZ|10.41|10.57|10.35|10.43|142843648.0|149200.61|10.4
001267.SZ|29.79|30.04|28.86|29.49|32823200.0|96698.23|29.87
603115.SH|27.55|28.42|27.19|27.87|15395605.0|43792.39|27.14
600977.SH|15.47|15.87|15.18|15.29|128540192.0|197520.67|16.67
600186.SH|6.28|6.36|6.2|6.21|96694000.0|60596.93|6.3
