603986.SH|643.0|689.7|635.0|689.7|52583096.0|3469990.75|629.0
002384.SZ|273.05|275.42|260.0|270.55|90451152.0|2433566.0|273.0
603993.SH|20.22|21.74|19.64|21.65|694728384.0|1456335.75|20.04
002008.SZ|136.88|140.35|128.0|131.93|87782192.0|1172945.88|134.9
600105.SH|63.48|65.36|60.99|63.7|146399472.0|926970.88|62.12
002484.SZ|108.44|112.0|100.18|105.0|65425072.0|684017.06|108.06
000630.SZ|7.75|7.94|7.42|7.93|839015680.0|652520.31|7.65
002436.SZ|53.5|55.0|51.85|53.3|213598992.0|1138307.0|52.06
600460.SH|44.25|46.01|43.5|44.8|184731392.0|827477.0|41.83
002812.SZ|66.92|72.3|65.25|72.05|47967084.0|331128.66|67.7
600392.SH|32.78|34.6|32.2|34.48|294858976.0|990051.13|31.66
600497.SH|10.71|11.31|10.55|11.31|260250528.0|290413.63|10.28
600578.SH|7.58|7.68|7.4|7.49|179099216.0|135103.16|7.59
601233.SH|20.88|23.09|20.85|23.09|56289240.0|125327.68|20.99
601117.SH|8.06|8.44|8.06|8.42|251081600.0|208816.98|8.08
603929.SH|214.88|222.22|205.0|213.72|9335310.0|198471.39|215.52
603806.SH|17.54|17.85|17.04|17.5|47812832.0|82870.59|17.52
002378.SZ|37.5|40.8|37.2|40.52|153293072.0|598792.44|37.11
002407.SZ|39.01|42.66|39.01|42.66|193750432.0|790567.19|38.78
000811.SZ|43.3|44.19|40.76|44.19|72412896.0|308014.47|40.17
000737.SZ|14.86|15.71|14.73|15.69|113879744.0|174122.72|15.11
002085.SZ|12.65|12.66|11.92|12.34|66612264.0|81027.36|12.67
000029.SZ|29.53|29.53|27.47|29.24|11548502.0|32937.39|29.23
600862.SH|18.5|19.2|18.4|19.19|24674056.0|46234.75|18.66
000921.SZ|26.9|27.09|26.33|26.9|12995725.0|34685.21|26.94
601609.SH|13.01|13.29|12.21|12.72|117618360.0|148408.38|13.0
600961.SH|31.5|31.7|30.66|31.7|21806456.0|68623.45|28.82
