002463.SZ|97.0|101.32|96.35|98.0|78244064.0|770571.0|97.66
600176.SH|33.08|33.28|31.5|31.71|171898656.0|553711.81|33.5
000657.SZ|57.16|60.75|57.16|58.54|144161568.0|849868.19|56.12
002080.SZ|49.38|51.3|49.0|49.29|52766852.0|263751.91|49.3
600549.SH|62.26|65.0|62.26|63.65|81709744.0|520999.0|62.85
002436.SZ|26.6|27.28|26.36|26.55|127859520.0|341604.19|26.15
002595.SZ|90.17|91.75|87.61|88.45|5038167.0|44636.88|90.5
002074.SZ|40.24|40.34|39.39|39.94|57286876.0|228286.41|40.23
002240.SZ|50.13|50.83|49.04|49.7|49189500.0|244863.89|50.3
002859.SZ|50.73|50.98|48.4|48.97|13575535.0|66823.18|50.22
000967.SZ|14.19|14.58|13.47|14.1|272060160.0|380764.03|14.0
002149.SZ|54.81|60.28|54.32|60.28|82601216.0|481920.97|54.8
600299.SH|14.01|14.12|13.15|13.19|28284132.0|37914.62|14.05
002498.SZ|8.84|9.5|8.72|9.4|305552224.0|280224.78|8.83
603063.SH|41.45|42.53|40.88|40.93|71931728.0|298328.06|40.63
002157.SZ|3.41|3.45|3.34|3.37|281146944.0|94963.23|3.34
