601872.SH|19.19|21.27|19.05|20.16|267232544.0|543381.25|20.26
600869.SH|14.65|15.83|14.63|15.83|134629216.0|205113.63|14.39
603296.SH|97.0|98.0|95.0|97.49|17225604.0|166815.03|96.22
003031.SZ|93.5|95.32|89.8|93.39|24030476.0|219589.45|91.65
600066.SH|36.53|36.8|36.01|36.71|32213970.0|117460.99|36.35
002222.SZ|80.58|81.24|78.01|81.09|57870452.0|462302.22|79.51
002558.SZ|34.08|35.13|33.7|34.58|56192568.0|192644.92|32.91
002850.SZ|178.89|181.0|175.76|181.0|5659255.0|101136.7|175.25
603061.SH|276.01|289.98|270.9|287.5|2320500.0|65258.41|266.47
603067.SH|36.45|39.56|35.61|38.99|44979740.0|170482.8|36.33
002624.SZ|20.4|20.56|19.82|20.22|87000736.0|175285.98|19.58
603826.SH|26.6|27.62|26.02|27.59|18491136.0|49593.15|26.39
