000988.SZ|97.81|100.8|94.84|95.83|132072416.0|1285709.25|94.97
000657.SZ|68.75|71.5|64.77|64.94|112207632.0|759315.75|69.02
601390.SH|6.17|6.23|5.97|6.01|509315360.0|309121.44|6.23
601958.SH|26.0|27.65|25.21|25.34|111282824.0|293123.31|26.48
600010.SH|3.27|3.31|2.99|3.01|2832596224.0|882440.31|3.32
601208.SH|35.0|35.72|31.48|31.68|99473408.0|325770.0|34.92
600875.SH|37.51|37.56|34.39|35.18|141804304.0|503175.16|37.51
600141.SH|42.44|43.08|39.3|39.37|44169064.0|178131.11|42.7
603308.SH|66.7|66.8|62.56|63.0|31655602.0|202570.42|67.12
601212.SH|11.2|11.39|10.6|10.62|374039328.0|412163.03|11.77
600206.SH|25.6|25.89|23.98|24.14|68071800.0|169098.42|25.75
601808.SH|19.46|20.42|19.2|20.42|115918080.0|230163.84|18.56
002261.SZ|36.17|37.8|35.32|37.51|245798160.0|899237.69|35.83
002046.SZ|53.7|53.99|49.21|49.59|29875770.0|151238.08|54.0
000962.SZ|57.27|58.2|52.0|52.21|36884624.0|198678.86|57.65
000547.SZ|31.5|31.73|29.0|29.02|242161600.0|730135.44|31.99
002015.SZ|13.95|14.87|13.72|14.13|170878256.0|243930.47|13.71
600871.SH|3.88|3.88|3.88|3.88|45837828.0|17785.08|3.53
603115.SH|30.95|31.69|28.65|29.08|15628102.0|46288.04|30.91
000661.SZ|91.8|93.18|89.86|89.93|9356013.0|85527.08|91.93
002756.SZ|65.5|69.2|63.68|65.81|34422952.0|228047.84|65.53
003035.SZ|8.29|8.5|8.0|8.05|219608736.0|180929.81|8.33
600550.SH|17.47|17.5|16.02|16.15|141246800.0|233057.95|17.32
603826.SH|21.0|21.0|19.84|19.89|11406852.0|23161.14|20.69
