002463.SZ|93.68|99.38|93.6|97.66|93020752.0|902250.81|94.4
600176.SH|32.65|34.5|32.37|33.5|155206048.0|517574.59|33.0
002281.SZ|110.99|116.83|110.11|116.83|62361124.0|711661.0|106.21
002080.SZ|48.24|50.38|47.73|49.3|55782060.0|275080.0|48.85
002436.SZ|24.98|26.38|24.83|26.15|143358608.0|370213.09|24.93
002636.SZ|38.72|39.92|38.15|38.9|43921532.0|171523.3|38.74
002074.SZ|39.66|40.45|39.5|40.23|73450144.0|293761.06|39.78
603929.SH|186.0|187.44|182.36|186.63|5111289.0|94422.92|187.07
002240.SZ|49.58|51.47|49.3|50.3|76055488.0|383058.19|49.8
000967.SZ|14.01|14.3|13.31|14.0|353955552.0|485435.84|13.07
002149.SZ|53.11|55.47|53.09|54.8|83809032.0|457571.78|53.64
600299.SH|14.21|14.35|13.88|14.05|15581037.0|21905.95|14.21
002498.SZ|8.82|9.15|8.7|8.83|247862416.0|219277.0|8.99
603063.SH|37.0|40.63|36.12|40.63|66969552.0|259802.75|36.94
002157.SZ|3.41|3.44|3.31|3.34|305942016.0|102753.98|3.42
