600584.SH|48.73|49.22|46.95|47.21|125961712.0|601166.5|48.92
600893.SH|47.15|48.41|45.86|45.92|56911312.0|267351.03|47.63
002156.SZ|55.96|56.87|51.62|51.72|210196176.0|1122506.63|56.26
600378.SH|38.9|39.25|37.34|37.76|13875481.0|53217.39|39.29
002185.SZ|14.18|14.47|13.22|13.31|334990272.0|457907.47|14.26
601126.SH|36.79|38.26|36.59|36.88|25427008.0|96774.64|37.17
605376.SH|78.43|81.2|75.9|78.7|13806888.0|109912.32|76.95
000066.SZ|18.26|18.47|17.11|17.23|334779264.0|592131.63|18.29
600372.SH|16.31|16.4|15.8|15.82|149862240.0|241667.25|16.43
601117.SH|8.8|9.16|8.77|8.9|268646592.0|242389.33|8.83
002558.SZ|47.32|48.69|44.76|46.02|66544956.0|308223.31|49.62
002240.SZ|42.16|42.8|39.0|40.1|80570624.0|330928.94|41.87
600330.SH|13.62|13.67|12.88|12.98|104642240.0|138121.47|13.64
600246.SH|14.05|14.11|13.0|13.26|111798832.0|149983.89|14.05
603115.SH|23.8|23.8|22.4|22.64|12092399.0|28271.54|23.7
600114.SH|35.7|35.7|33.68|33.85|26005088.0|89951.03|35.82
600312.SH|22.2|22.91|22.11|22.38|59274208.0|134242.2|22.21
000738.SZ|24.8|25.22|23.86|23.86|61824880.0|150890.52|25.25
601106.SH|6.0|6.17|5.58|5.65|410973632.0|239425.52|5.87
002266.SZ|5.08|5.2|4.91|4.97|321850304.0|163854.94|5.0
601608.SH|8.13|8.37|7.87|7.95|220829216.0|179922.73|8.2
000400.SZ|31.08|32.26|31.08|31.27|61824032.0|197045.2|31.08
003035.SZ|5.8|6.06|5.74|5.91|131901056.0|77864.53|5.7
603737.SH|43.36|44.24|42.75|43.6|7195615.0|37480.59|42.93
002290.SZ|59.39|60.54|57.68|58.2|7468707.0|44007.72|59.39
603638.SH|23.08|23.63|22.12|22.4|13601560.0|30835.13|22.75
601677.SH|16.77|17.18|16.59|16.94|111804712.0|191449.41|16.41
