001309.SZ|352.03|369.31|347.0|364.18|24768772.0|889295.88|349.0
600673.SH|29.94|32.15|29.87|32.15|62876800.0|196374.53|29.23
000636.SZ|50.02|55.69|48.08|54.33|200321504.0|1042294.69|51.96
600580.SH|34.0|35.99|32.6|35.67|105245616.0|363169.38|34.51
600578.SH|5.91|6.1|5.86|5.97|142606832.0|84787.52|5.9
002409.SZ|122.01|130.64|118.94|129.48|40129836.0|503126.13|120.91
002558.SZ|29.47|30.27|28.69|29.94|125653488.0|371310.66|29.09
002407.SZ|30.01|31.71|29.87|31.36|125955784.0|390593.28|30.01
002945.SZ|14.85|15.19|14.71|15.18|24854544.0|37439.21|14.9
001267.SZ|30.04|32.07|29.76|32.07|24234764.0|75288.72|29.15
600588.SH|11.29|11.72|11.2|11.38|157929264.0|180360.25|11.2
002015.SZ|15.8|16.22|15.62|16.1|98753248.0|157659.58|15.66
002364.SZ|35.0|37.57|34.22|37.57|41333120.0|151749.31|34.15
600499.SH|16.02|16.05|15.56|15.67|33867040.0|53129.54|15.91
603115.SH|65.0|70.53|63.29|70.53|6997800.0|47339.7|64.12
002517.SZ|17.99|19.01|17.7|18.58|153898144.0|283473.69|18.0
002498.SZ|7.27|7.57|7.07|7.38|244714992.0|179764.14|7.24
603833.SH|33.76|33.78|32.9|33.05|8194760.0|27189.13|33.76
603337.SH|46.61|47.08|45.0|45.91|9780517.0|44795.25|46.31
