600522.SH|44.24|45.7|43.42|43.84|374586752.0|1674614.38|43.34
600498.SH|60.71|62.89|59.07|59.07|124974760.0|761209.5|60.72
601868.SH|3.55|3.58|3.21|3.22|1883134848.0|629452.06|3.53
002179.SZ|41.95|42.25|39.83|39.83|57075420.0|236075.95|41.35
000425.SZ|10.3|10.37|10.04|10.05|98614872.0|102227.83|10.32
601208.SH|49.06|49.06|45.95|46.22|90981072.0|428548.25|49.55
600601.SH|14.21|14.34|13.19|13.2|330793408.0|450133.44|14.2
603156.SH|46.56|47.5|45.1|46.33|21626586.0|102388.63|46.32
002203.SZ|22.47|23.07|21.37|21.58|52287792.0|116065.18|22.9
605358.SH|52.52|53.6|50.96|51.4|46255856.0|241894.38|52.51
002222.SZ|115.64|124.5|113.03|113.66|43545960.0|508908.38|116.22
600667.SH|13.2|13.57|12.6|12.6|300882208.0|391568.19|13.2
603688.SH|74.66|75.7|71.73|72.41|37078164.0|272602.84|76.1
603179.SH|51.01|52.39|50.0|50.36|25768886.0|184759.7|51.01
000060.SZ|7.93|8.3|7.85|7.85|382744224.0|309856.53|7.71
000547.SZ|27.83|28.08|26.01|26.03|166914464.0|447694.38|27.96
001389.SZ|195.93|197.22|185.17|185.35|7202058.0|135791.11|194.13
002015.SZ|25.28|25.53|23.4|23.4|342945632.0|839992.5|23.29
002364.SZ|50.74|53.03|48.64|48.64|89208536.0|452021.31|48.3
603667.SH|80.88|85.38|76.72|76.83|51955512.0|422318.63|81.28
000582.SZ|12.41|12.64|12.13|12.13|55759864.0|69139.19|12.44
600536.SH|41.78|41.79|39.9|39.95|24707402.0|100024.18|41.77
603063.SH|63.4|66.36|61.5|61.55|53993024.0|342179.81|61.73
601016.SH|5.89|5.89|5.08|5.1|1139133184.0|619217.31|5.63
601609.SH|12.81|13.56|12.81|13.16|178546544.0|239312.08|12.52
603950.SH|76.3|76.72|70.69|72.75|11524180.0|84162.85|76.7
