600183.SH|129.32|135.67|117.5|135.67|89821840.0|1150513.0|123.34
002384.SZ|217.73|237.65|195.96|231.0|152657952.0|3270570.0|217.73
002636.SZ|68.8|73.88|65.29|72.39|84768152.0|585982.44|72.54
600436.SH|137.11|147.74|135.0|145.05|17578760.0|251662.52|140.02
002532.SZ|12.36|12.53|11.94|12.21|152649856.0|186224.75|12.5
000703.SZ|14.85|14.94|14.11|14.64|90964224.0|131655.56|15.11
002558.SZ|29.49|30.99|28.7|29.87|147363344.0|438770.38|29.98
000596.SZ|93.58|98.61|92.01|96.0|18438576.0|176006.84|93.83
001389.SZ|159.0|174.31|148.0|174.31|12981966.0|212611.06|158.46
001896.SZ|14.48|14.9|13.57|14.34|171264096.0|242496.95|14.82
002517.SZ|16.57|17.3|16.37|16.81|99431904.0|166980.13|16.69
600732.SH|11.37|11.59|11.17|11.59|27490764.0|31354.35|11.36
002536.SZ|44.14|47.5|39.86|47.06|63736396.0|275592.09|44.29
600595.SH|6.27|6.27|6.06|6.16|136902064.0|84261.14|6.34
000959.SZ|3.78|3.87|3.69|3.71|70173656.0|26531.73|3.82
600095.SH|8.9|9.03|8.51|8.98|120379712.0|105959.52|9.12
603077.SH|2.26|2.33|2.25|2.31|187581440.0|42958.89|2.28
