002384.SZ|256.92|277.6|255.15|273.0|79597632.0|2131119.25|256.92
603993.SH|19.77|21.14|19.71|20.04|453558304.0|924544.0|20.17
002008.SZ|135.54|137.86|129.2|134.9|86989920.0|1158656.38|135.84
600105.SH|61.83|64.35|61.38|62.12|126393272.0|793131.81|63.09
002484.SZ|104.01|111.11|104.01|108.06|50902260.0|550085.63|104.93
000630.SZ|7.39|8.02|7.38|7.65|856039552.0|659882.0|7.56
002436.SZ|46.9|52.58|45.58|52.06|239802624.0|1177021.63|47.8
600460.SH|40.42|42.54|40.37|41.75|144192064.0|597851.06|40.75
002812.SZ|69.78|70.6|67.6|67.7|34577588.0|237239.02|70.38
600392.SH|28.7|31.36|28.7|31.36|266964608.0|831137.81|28.48
600497.SH|10.0|10.55|9.99|10.28|257272416.0|264554.13|10.1
600578.SH|7.73|7.84|7.33|7.42|203381248.0|156523.25|7.85
601233.SH|21.46|21.73|20.48|20.87|52240712.0|110031.09|21.51
603806.SH|17.57|18.08|17.35|17.52|44649096.0|78887.85|17.34
002378.SZ|33.94|37.69|33.51|36.99|141461840.0|502529.22|34.76
002407.SZ|38.14|39.04|37.07|38.78|179912064.0|685575.94|38.47
000811.SZ|40.07|40.07|40.07|40.07|4236751.0|17019.03|36.42
600206.SH|38.79|43.51|38.79|42.51|133587232.0|549731.94|39.79
000737.SZ|14.31|15.38|14.31|14.97|110241304.0|166841.67|14.54
002459.SZ|8.51|8.51|8.27|8.33|49643636.0|41473.07|8.47
603160.SH|59.45|59.74|58.7|59.04|5931358.0|35110.84|59.74
002085.SZ|13.0|13.0|12.63|12.67|52829152.0|67346.8|13.02
600732.SH|12.58|12.68|12.43|12.58|33300020.0|41837.55|12.65
000029.SZ|28.85|29.35|27.9|29.23|9876370.0|28509.04|28.57
600862.SH|18.61|18.95|18.34|18.66|17873698.0|33450.26|18.84
002430.SZ|26.46|26.46|25.49|26.0|20319930.0|52701.59|26.46
000921.SZ|27.5|27.86|26.93|26.94|12499698.0|33976.72|27.88
601609.SH|12.18|13.3|12.16|13.0|130156136.0|166073.81|12.17
600961.SH|26.41|29.18|26.41|28.82|82309600.0|231280.95|26.7
