601869.SH|455.95|487.1|436.01|441.67|20317468.0|941268.06|455.89
000063.SZ|37.58|41.3|37.05|39.13|463705408.0|1832562.5|37.74
600160.SH|37.52|39.82|37.51|38.89|85320632.0|335342.81|37.86
600188.SH|26.34|27.4|24.7|25.05|92900792.0|241854.16|27.27
600362.SH|44.9|46.68|43.44|43.76|64237532.0|291100.19|45.45
002156.SZ|70.8|71.01|66.37|66.84|147987888.0|1016289.06|71.1
600105.SH|54.09|59.71|54.09|55.41|210230720.0|1206645.38|54.28
000960.SZ|40.52|41.17|38.45|38.9|105606104.0|418089.56|41.84
002203.SZ|19.36|19.62|18.75|18.91|29887868.0|57692.64|19.36
600578.SH|9.36|9.68|8.29|8.29|330740768.0|299897.78|9.19
601699.SH|18.81|19.26|18.49|18.61|52589060.0|99732.22|19.11
600995.SH|15.66|16.48|15.13|15.13|54220160.0|85054.23|15.65
002859.SZ|92.5|94.93|86.19|86.56|34130304.0|306468.16|94.39
002046.SZ|56.53|56.75|54.2|54.68|18471772.0|102353.51|55.98
000062.SZ|32.47|34.84|32.12|33.66|80015048.0|269100.19|32.77
601001.SH|22.02|22.63|21.35|22.0|47882068.0|105441.75|22.69
600114.SH|39.2|42.16|37.76|40.39|48720792.0|195215.63|39.61
600546.SH|13.99|14.2|13.64|13.76|48471560.0|68609.25|14.11
