002938.SZ|77.49|78.01|73.77|74.62|32433188.0|243671.3|77.18
600487.SH|70.0|71.6|67.68|68.29|176584320.0|1214202.63|71.38
600522.SH|35.78|36.46|34.0|35.0|264772896.0|925950.19|35.78
601698.SH|36.58|36.58|35.04|35.11|53761376.0|192594.41|36.84
600118.SH|98.0|100.97|96.13|96.99|53833728.0|529079.75|99.5
601061.SH|14.04|14.16|13.71|13.77|21062002.0|29170.65|14.16
002812.SZ|80.86|81.25|76.77|78.51|47079432.0|368826.63|80.85
002407.SZ|34.18|34.4|33.0|33.76|155003104.0|522596.41|34.52
000811.SZ|22.76|25.4|22.76|24.35|73484160.0|177863.05|23.1
003022.SZ|24.61|25.93|24.38|25.54|52698136.0|133227.92|24.61
001267.SZ|51.01|54.24|51.01|51.79|89863832.0|472953.5|49.31
002432.SZ|76.88|77.6|74.53|74.91|22394128.0|169646.69|77.35
603268.SH|137.0|146.46|136.0|142.68|12982634.0|185221.58|138.92
000062.SZ|38.28|39.2|35.74|36.2|145183680.0|542951.38|37.77
600699.SH|28.8|29.33|28.09|28.18|52129768.0|149754.88|28.59
603606.SH|63.73|64.49|61.9|62.15|12968268.0|81388.16|64.11
600641.SH|26.4|27.97|25.5|27.24|65529672.0|176229.36|26.52
001896.SZ|16.09|16.9|15.66|15.73|159330256.0|256589.83|16.39
600499.SH|20.19|20.29|19.46|19.61|46569272.0|91879.63|20.29
600208.SH|4.18|4.28|4.07|4.11|298029216.0|123668.13|4.26
603198.SH|38.28|38.84|37.4|37.89|7121298.0|26992.62|38.4
600186.SH|9.36|10.15|9.23|9.84|385884096.0|378256.75|9.34
002756.SZ|77.7|77.7|73.5|76.18|26799260.0|202629.16|81.36
600126.SH|9.11|9.31|8.85|9.15|241447392.0|219347.36|9.43
601016.SH|4.51|4.85|4.43|4.73|745950272.0|346306.13|4.65
002192.SZ|90.93|93.0|87.01|90.26|34012960.0|305340.84|90.42
002290.SZ|84.0|87.0|79.26|79.26|20189084.0|163974.52|88.07
