002916.SZ|405.0|425.0|401.31|411.41|15361554.0|634707.13|398.28
000988.SZ|166.34|166.34|150.28|151.92|105753232.0|1658010.38|165.63
002156.SZ|70.11|70.9|64.63|66.0|193985184.0|1311552.5|69.3
601958.SH|26.5|26.5|24.17|24.17|128572528.0|319012.88|26.85
000630.SZ|6.86|7.23|6.85|6.9|748483968.0|524396.31|6.75
002851.SZ|140.0|140.91|123.5|126.05|32182200.0|419893.75|135.49
601208.SH|55.5|55.68|48.99|50.0|102804000.0|531296.5|54.43
600378.SH|40.99|42.23|38.44|38.7|40725936.0|164650.13|40.38
002920.SZ|110.4|110.84|101.76|101.76|19335044.0|202203.78|108.2
600021.SH|21.0|22.35|20.75|22.28|239255568.0|523532.09|21.18
603806.SH|18.6|18.9|17.39|17.9|58248968.0|104540.77|18.6
002056.SZ|26.82|26.85|24.95|25.21|100842736.0|258273.23|26.97
002129.SZ|10.33|10.43|9.55|9.75|298678240.0|295656.94|10.44
002859.SZ|71.55|75.66|68.61|69.2|31960828.0|227926.97|69.82
600863.SH|6.64|7.3|6.47|7.3|595284800.0|421450.69|6.64
002046.SZ|56.0|57.3|52.79|53.0|21154616.0|116561.48|55.75
603730.SH|13.59|13.65|12.75|12.88|26454872.0|34501.06|13.37
603115.SH|110.0|116.0|105.06|106.84|12545000.0|137538.22|110.4
600396.SH|19.18|20.8|19.18|20.03|299566624.0|601734.25|19.26
601608.SH|5.78|5.86|5.55|5.56|68327888.0|38818.29|5.79
