002463.SZ|96.01|100.5|95.35|99.32|71561272.0|706749.88|97.5
600176.SH|31.52|31.86|31.01|31.56|100517592.0|318121.0|31.52
002281.SZ|119.0|123.31|116.39|121.79|58258312.0|697545.81|120.05
000657.SZ|57.77|58.46|56.65|57.58|72538824.0|419340.38|58.31
002080.SZ|48.87|50.76|48.87|50.3|51454008.0|259327.39|48.86
600549.SH|62.63|64.17|61.38|63.59|55532072.0|352486.84|63.25
600703.SH|13.64|14.11|13.36|13.58|272347616.0|371825.03|13.65
002436.SZ|26.27|28.57|25.93|28.18|161383696.0|439123.81|26.52
003031.SZ|118.06|127.51|117.43|122.06|14678644.0|180914.3|118.57
002595.SZ|60.31|60.82|58.97|60.14|4556015.0|39976.61|60.31
002203.SZ|17.47|17.82|17.05|17.58|51673424.0|90695.47|17.78
002240.SZ|49.7|50.15|48.38|48.45|56812028.0|278343.56|49.7
002859.SZ|48.27|48.27|45.91|46.57|15619925.0|73460.2|48.85
000967.SZ|13.48|13.58|12.82|13.32|209795680.0|278253.81|13.97
600641.SH|24.73|25.01|24.5|24.6|38628016.0|95511.0|24.85
001389.SZ|147.65|159.15|147.15|157.65|11900020.0|184968.52|147.65
002149.SZ|62.69|63.65|59.1|61.23|113204720.0|693700.94|60.18
600208.SH|3.71|3.93|3.68|3.9|286459424.0|109663.04|3.71
600299.SH|13.1|14.05|13.01|13.81|27188976.0|37429.04|13.09
002498.SZ|9.27|9.27|8.74|8.99|200688496.0|180632.67|9.36
603063.SH|41.2|41.75|40.07|41.12|40959688.0|169024.06|40.8
002157.SZ|3.37|3.41|3.3|3.33|209897344.0|69962.36|3.37
