002938.SZ|73.47|75.13|72.33|72.82|31284126.0|229316.2|74.62
600487.SH|67.0|68.2|65.35|67.38|123763736.0|831762.81|68.29
002484.SZ|37.14|38.5|36.4|38.18|49669184.0|186151.91|37.64
601061.SH|13.68|14.13|13.68|14.04|18433780.0|25766.01|13.77
002812.SZ|78.53|85.89|77.8|84.47|65635872.0|541480.81|78.51
002407.SZ|33.33|36.3|33.33|35.87|211676432.0|741686.81|33.76
000811.SZ|24.18|24.64|23.43|24.63|45771520.0|110047.77|24.35
003022.SZ|25.03|25.2|24.08|25.09|39821216.0|98134.1|25.54
001267.SZ|50.51|55.95|50.0|53.92|68073432.0|361346.44|51.79
002432.SZ|76.6|81.28|75.03|75.16|36558468.0|284557.0|74.91
000062.SZ|35.12|36.44|34.66|35.65|102095248.0|360971.06|36.2
600699.SH|28.33|28.63|27.81|28.47|40935260.0|116153.3|28.18
603606.SH|61.7|64.27|61.32|63.39|13267959.0|83787.61|62.15
600641.SH|27.1|27.52|26.6|27.06|40737888.0|110536.48|27.24
603486.SH|66.8|67.37|66.0|66.17|8045716.0|53366.1|67.0
600637.SH|10.13|10.35|10.11|10.12|81819000.0|83441.82|10.25
600499.SH|19.52|20.14|19.27|20.05|54857240.0|108278.3|19.61
600208.SH|4.09|4.28|4.07|4.14|224760048.0|94044.38|4.11
603198.SH|37.62|39.59|37.61|38.84|13681135.0|53156.88|37.89
600186.SH|9.85|10.82|9.85|10.82|230304896.0|242009.66|9.84
002756.SZ|76.22|83.8|76.22|83.8|20103268.0|162516.28|76.18
600126.SH|9.03|9.43|8.97|9.07|164124320.0|150930.38|9.15
601016.SH|4.6|4.78|4.53|4.56|575121536.0|266547.94|4.73
002192.SZ|90.44|99.29|88.88|99.29|39981284.0|375660.69|90.26
002290.SZ|79.9|80.19|74.4|76.95|16269525.0|125296.22|79.26
