600176.SH|42.5|44.16|41.31|41.61|209243680.0|893726.13|41.07
002353.SZ|152.26|158.0|144.9|144.9|29897676.0|453299.63|145.01
002837.SZ|68.5|70.0|66.08|66.08|59717908.0|410245.03|67.14
601208.SH|62.23|65.33|61.0|61.06|122803008.0|772606.75|61.72
603260.SH|41.0|44.87|40.99|43.36|28987432.0|126054.08|41.4
002138.SZ|57.3|59.09|55.44|56.16|61337104.0|348391.66|55.63
605358.SH|73.91|77.58|65.83|66.1|105685152.0|743393.75|71.17
002240.SZ|50.0|54.05|49.1|51.08|101491176.0|525166.94|50.98
002129.SZ|10.38|11.14|9.98|9.98|512443552.0|541372.31|10.13
603663.SH|76.0|79.5|71.7|72.6|26590434.0|199927.14|74.39
600206.SH|35.7|36.07|32.45|32.99|175995888.0|600164.75|34.24
002046.SZ|59.9|62.13|58.87|59.19|22336160.0|135021.13|57.73
600641.SH|29.41|29.9|28.27|28.48|81429656.0|236918.53|28.91
603005.SH|45.1|45.8|40.94|41.02|87303784.0|374613.16|44.11
603516.SH|115.9|119.45|110.58|111.27|8327307.0|94769.61|113.95
002459.SZ|8.93|9.08|8.76|8.85|108324752.0|96772.24|8.9
603160.SH|57.7|58.77|55.59|55.99|8834692.0|50011.47|57.11
600732.SH|12.45|13.27|12.31|12.7|76184192.0|97366.74|12.54
002430.SZ|26.91|27.22|26.0|26.04|39737316.0|104815.09|27.72
600516.SH|5.64|5.87|5.53|5.7|130235904.0|73946.29|5.74
000158.SZ|15.06|15.78|14.9|15.43|61326168.0|93684.28|14.92
