002428.SZ|48.01|49.61|46.11|47.5|69862776.0|333165.16|49.9
600066.SH|37.24|38.5|36.32|38.25|52000152.0|197288.44|37.24
002850.SZ|179.84|185.99|177.55|183.9|8317360.0|152399.72|178.56
603179.SH|66.9|68.6|65.88|66.31|8726880.0|58447.53|67.29
002294.SZ|64.85|70.99|63.9|68.3|19337036.0|130683.43|66.05
603061.SH|277.61|277.78|267.05|272.0|1504500.0|40809.76|278.88
002149.SZ|49.66|51.41|48.6|49.15|50357768.0|250698.3|50.06
000155.SZ|15.67|16.97|15.28|16.97|89722528.0|146425.34|15.43
002756.SZ|74.45|76.56|71.5|73.88|18044984.0|133747.77|73.45
603127.SH|36.23|37.4|35.0|36.45|48558144.0|175389.91|36.96
603826.SH|28.5|28.85|26.71|27.1|17672854.0|48568.29|28.64
