601872.SH|20.76|20.97|19.98|20.26|169543712.0|346425.88|20.39
002428.SZ|51.91|54.75|51.08|52.76|88366472.0|466809.19|51.71
603296.SH|90.96|97.5|90.96|96.22|23294212.0|223014.66|90.9
600066.SH|36.5|37.38|35.91|36.35|27588180.0|101238.1|37.15
002558.SZ|33.24|33.71|32.55|32.91|42040136.0|138750.44|33.2
002850.SZ|178.5|180.68|172.55|175.25|6339159.0|111552.3|180.99
002294.SZ|66.39|66.59|63.2|64.9|11289639.0|73123.8|66.4
603061.SH|263.32|270.02|263.0|266.47|1101800.0|29388.66|263.32
000155.SZ|16.2|16.39|15.79|16.24|87193240.0|140535.89|16.1
002756.SZ|72.51|73.0|70.93|71.86|10637262.0|76423.63|72.59
603127.SH|36.49|37.0|34.87|35.57|39458096.0|140995.61|36.6
002624.SZ|19.5|19.74|19.3|19.58|54017064.0|105481.33|19.21
603826.SH|26.45|26.82|25.85|26.39|11406594.0|30072.8|26.29
