002463.SZ|98.6|99.13|92.0|92.78|133625800.0|1270937.25|97.54
600176.SH|31.8|32.9|30.88|31.1|137801392.0|436385.59|32.47
002281.SZ|111.6|112.56|105.6|106.7|61779376.0|670578.25|111.4
002080.SZ|50.7|51.88|47.99|48.51|75451856.0|374982.09|51.7
002008.SZ|82.62|82.81|78.4|78.79|51355672.0|410535.13|82.7
002353.SZ|111.66|113.89|109.05|109.48|16767333.0|186347.3|110.75
600105.SH|37.26|40.27|36.98|37.54|232346448.0|888260.81|37.18
002436.SZ|25.39|25.66|24.57|24.7|125639336.0|314976.91|25.42
002636.SZ|38.36|39.79|37.26|37.47|49065484.0|186977.44|38.79
000426.SZ|44.98|46.28|43.61|43.87|83230712.0|375332.19|43.6
600115.SH|4.54|4.62|4.39|4.42|308343072.0|139021.34|4.42
603083.SH|125.51|132.68|124.02|125.8|65347672.0|846582.38|120.62
603260.SH|44.73|45.09|43.55|43.74|9471506.0|41863.98|44.7
002074.SZ|39.65|39.65|38.6|38.72|70114432.0|274032.66|39.92
002273.SZ|30.17|30.17|28.83|29.03|59527388.0|175279.48|30.01
000703.SZ|16.95|17.2|15.15|15.35|124741120.0|197042.72|15.65
603308.SH|67.45|69.48|64.68|65.01|20340710.0|135781.47|66.78
603929.SH|191.76|197.4|184.51|185.27|8419500.0|159700.2|190.35
603920.SH|55.65|55.91|53.08|53.51|28806108.0|156640.55|55.48
002240.SZ|47.97|48.0|45.4|46.27|69517816.0|323426.19|48.48
000811.SZ|19.0|19.58|18.53|18.65|29951500.0|57058.5|18.74
600259.SH|92.52|95.5|91.1|92.08|14069147.0|131041.55|91.95
001267.SZ|41.87|43.5|40.9|41.45|51774124.0|218664.5|41.87
002046.SZ|48.97|50.39|48.17|48.37|18874974.0|93002.32|48.95
000062.SZ|29.1|29.2|27.65|28.0|50186164.0|141088.03|28.57
000962.SZ|45.2|47.28|44.21|44.48|24509088.0|112164.05|44.85
002131.SZ|8.12|8.18|7.78|7.82|527591168.0|417972.84|8.12
600641.SH|22.43|22.6|21.77|21.82|40588244.0|89578.04|22.34
001389.SZ|132.88|133.21|127.36|127.86|10074230.0|130400.34|133.08
603516.SH|146.0|150.71|142.3|143.33|6079023.0|88844.3|146.25
002025.SZ|78.9|82.58|76.65|79.67|40828476.0|325058.31|78.68
600299.SH|14.93|14.93|13.71|13.98|33550158.0|47102.49|15.17
600186.SH|7.5|7.89|7.1|7.69|307678400.0|231729.88|7.32
000766.SZ|22.53|22.7|22.1|22.51|18668528.0|41914.26|22.22
001287.SZ|26.79|27.97|26.49|27.39|41597152.0|113952.23|26.79
