600183.SH|135.8|140.58|133.66|135.3|58791512.0|804711.75|138.57
002384.SZ|188.5|200.6|184.11|193.87|91148608.0|1758917.38|185.94
002916.SZ|365.71|395.98|363.01|380.7|11828920.0|450794.84|372.4
002463.SZ|120.07|124.98|119.14|121.0|37593176.0|458375.72|122.7
002938.SZ|96.88|99.4|95.53|96.67|19764308.0|192718.19|98.52
603259.SH|160.41|165.8|157.77|160.21|92075808.0|1493916.38|161.34
002281.SZ|175.84|186.69|173.1|184.07|54340632.0|979936.13|178.3
601869.SH|334.0|344.0|325.56|335.92|10092628.0|337744.22|343.09
000657.SZ|69.02|70.7|67.72|68.15|127299840.0|878988.0|72.8
600105.SH|36.99|38.33|36.73|37.46|100802328.0|378627.66|37.67
002636.SZ|64.8|69.83|62.92|68.0|78504480.0|526273.44|66.78
601208.SH|45.16|49.25|44.31|47.67|107481888.0|504188.56|45.38
600378.SH|48.39|49.45|47.24|47.68|53529340.0|258402.33|48.83
000831.SZ|57.66|57.77|55.78|55.84|52027420.0|294867.75|58.36
601126.SH|45.69|46.19|44.12|44.95|23435794.0|105842.25|45.89
003031.SZ|112.32|124.01|110.67|117.64|16422213.0|194429.52|112.74
605589.SH|41.19|42.5|40.55|41.3|31087332.0|129038.23|41.59
603156.SH|50.0|52.31|49.5|49.83|16085760.0|81366.25|50.88
601699.SH|16.5|16.67|15.97|16.28|43422316.0|70749.01|16.29
603979.SH|79.95|80.86|76.01|76.01|9183361.0|71606.32|80.18
002407.SZ|37.05|39.3|36.52|37.28|205698816.0|773706.69|38.51
600330.SH|22.98|24.08|22.5|23.25|117095216.0|272450.88|23.48
603268.SH|180.0|180.4|172.46|173.25|8238552.0|145072.78|183.26
601611.SH|11.71|11.84|11.6|11.7|45985452.0|53860.96|11.91
600500.SH|5.3|5.49|5.21|5.35|197049728.0|105100.2|5.31
603738.SH|35.7|37.74|35.0|36.74|49289900.0|181040.33|36.24
603127.SH|52.47|53.47|50.92|51.2|64176984.0|333289.31|52.8
601666.SH|9.49|9.49|9.1|9.34|38368728.0|35489.57|9.35
603938.SH|42.0|43.5|41.8|42.54|10603850.0|45259.66|42.92
601865.SH|11.07|11.21|10.94|11.12|29944704.0|33124.91|11.18
