605117.SH|84.49|86.27|82.4|83.23|10035260.0|84438.64|85.13
000636.SZ|48.67|52.26|46.38|50.5|267362256.0|1315727.0|47.51
601179.SH|13.41|13.65|13.11|13.12|168888784.0|224529.81|13.67
603893.SH|200.62|202.31|182.75|182.75|18411394.0|344338.03|203.05
000975.SZ|23.0|24.19|22.85|23.17|95785376.0|224254.44|22.45
002409.SZ|147.99|149.96|136.96|136.96|38835608.0|547387.56|152.18
002407.SZ|31.45|32.73|30.5|30.56|145775632.0|462805.25|31.99
001267.SZ|29.57|30.32|27.11|27.11|37194352.0|103582.97|30.12
002364.SZ|35.98|36.79|33.72|34.2|31760666.0|111572.8|36.18
603115.SH|68.85|70.88|62.92|62.95|11541000.0|75960.94|69.91
600550.SH|11.6|11.96|11.55|11.61|52542344.0|61424.65|11.85
605198.SH|55.46|56.99|51.78|51.78|4494100.0|24508.66|56.15
603026.SH|65.59|66.32|64.28|64.77|10985888.0|71545.55|66.43
002545.SZ|18.96|19.89|18.76|19.07|25879212.0|50229.31|18.96
