002384.SZ|106.09|109.3|101.2|109.3|79196480.0|828674.69|104.8
601869.SH|245.01|266.66|242.82|245.0|19616736.0|494769.47|250.01
001309.SZ|299.92|305.92|289.26|293.5|12698939.0|376334.5|298.64
600498.SH|57.02|59.59|55.0|55.5|103514096.0|590460.5|57.03
601727.SH|9.33|9.34|9.07|9.24|292717824.0|269144.94|9.35
601868.SH|3.52|3.8|3.5|3.8|4784655872.0|1745827.38|3.45
002648.SZ|28.4|30.0|27.64|29.1|129883912.0|375871.19|27.93
600236.SH|10.0|10.95|9.7|10.75|70490560.0|71777.93|9.96
601877.SH|41.35|41.68|40.13|40.9|60943500.0|248592.0|41.16
000066.SZ|16.91|17.6|16.88|17.11|199697184.0|344341.59|17.0
600330.SH|18.64|20.1|18.57|19.19|239926512.0|464707.47|18.27
002195.SZ|10.58|10.59|10.25|10.3|416171424.0|431416.16|10.71
001267.SZ|47.99|49.38|44.95|46.03|94355648.0|439455.66|49.1
001896.SZ|16.23|17.88|16.2|17.16|235530496.0|402053.75|16.59
002025.SZ|57.02|62.08|56.78|59.96|57604864.0|343219.22|56.49
603067.SH|40.95|41.1|38.36|39.0|33266102.0|131153.63|41.25
002335.SZ|69.13|70.33|67.8|68.37|60752048.0|419441.59|67.97
600396.SH|3.84|4.26|3.78|4.14|185240416.0|75249.39|3.88
003035.SZ|10.07|11.0|9.74|10.6|235940576.0|240353.03|10.09
603530.SH|69.36|69.74|66.39|67.77|9011330.0|61151.99|69.11
603337.SH|46.1|46.78|45.22|46.32|2817512.0|12956.69|46.15
