601138.SH|58.88|63.1|58.03|61.9|315605216.0|1926940.25|59.04
002475.SZ|54.2|55.66|52.46|52.71|425849216.0|2309305.75|52.9
600183.SH|52.38|54.26|51.91|53.14|73359136.0|387455.78|52.77
603986.SH|179.99|195.16|177.5|190.21|71035704.0|1343252.13|177.42
002384.SZ|79.49|79.49|75.2|76.35|112284480.0|866884.0|79.44
002916.SZ|204.02|204.91|195.0|195.37|11412093.0|225949.48|201.64
002463.SZ|69.6|73.0|69.1|71.9|90139688.0|643824.38|69.83
002938.SZ|56.79|58.0|55.7|55.75|47577804.0|269088.31|56.76
603256.SH|40.2|41.28|38.75|39.65|51253780.0|205149.8|39.41
000988.SZ|71.0|78.5|70.43|77.09|129052760.0|970237.0|72.27
603019.SH|94.98|100.0|93.9|97.97|166819456.0|1635221.0|92.09
002008.SZ|38.68|39.31|38.21|38.33|58668152.0|227222.53|39.06
603228.SH|68.02|68.97|66.25|68.97|85551528.0|585878.13|62.7
002436.SZ|21.19|23.13|21.08|22.47|305055264.0|692014.0|21.03
002636.SZ|13.56|14.13|13.31|13.67|69278320.0|94793.35|13.56
601208.SH|20.18|20.98|20.07|20.52|104642232.0|214734.11|19.84
600601.SH|10.66|11.3|10.45|11.3|339306592.0|376155.63|10.27
603083.SH|93.92|101.49|92.94|101.49|36315864.0|360814.16|92.26
603308.SH|32.35|32.64|31.39|31.42|24882572.0|79349.98|32.16
003022.SZ|23.65|23.89|22.0|22.0|52122512.0|117880.16|23.01
002491.SZ|6.35|6.62|6.27|6.62|124676200.0|81534.53|6.02
600246.SH|14.5|14.5|13.48|13.59|391478432.0|543402.19|14.45
002364.SZ|30.0|30.43|28.57|28.75|82246536.0|242465.16|29.8
002518.SZ|37.94|38.32|36.91|37.2|33081992.0|124299.61|37.93
603516.SH|140.0|150.8|138.5|150.8|11549485.0|169230.19|137.09
002335.SZ|67.01|69.04|66.4|69.04|14200874.0|96792.25|62.76
603301.SH|34.5|35.64|34.0|35.64|6695500.0|23682.95|32.4
002130.SZ|26.8|27.77|26.44|27.05|278448576.0|755075.5|26.06
000750.SZ|4.81|4.88|4.72|4.75|571049152.0|274323.03|4.91
003021.SZ|133.23|140.5|131.87|135.96|23071464.0|313170.19|130.38
