601869.SH|96.98|104.74|93.4|99.68|30123564.0|296506.34|95.65
002050.SZ|40.87|42.06|40.19|41.78|368160608.0|1515166.5|39.11
603083.SH|117.47|123.7|115.29|118.6|50412112.0|599576.13|119.57
000559.SZ|10.27|10.27|9.9|10.27|100810912.0|105134.67|9.32
603920.SH|48.0|49.95|47.0|49.05|78708352.0|385691.13|45.47
002126.SZ|42.18|43.78|42.18|43.78|31573284.0|136821.39|39.79
603179.SH|55.87|59.5|54.94|56.64|19197708.0|153252.78|57.21
603618.SH|8.35|8.35|8.16|8.35|55101216.0|45958.53|7.59
600699.SH|33.35|33.35|33.35|33.35|12562825.0|42123.15|30.3
002472.SZ|45.6|49.06|45.02|48.27|94812208.0|453967.72|44.58
000981.SZ|3.51|3.7|3.44|3.7|1206327808.0|438300.41|3.36
603516.SH|160.42|169.3|147.9|166.4|25435248.0|410229.94|153.9
000564.SZ|2.93|3.16|2.89|2.96|2254080000.0|674099.81|2.93
603950.SH|37.27|38.3|35.91|37.18|15969100.0|59297.12|36.96
600170.SH|3.38|3.53|3.1|3.53|2192762880.0|740796.38|3.21
002545.SZ|14.81|14.81|13.44|13.98|70598992.0|97425.44|14.84
