603256.SH|9.09|9.15|8.4|8.42|22707690.0|19926.23|8.83
002050.SZ|25.66|27.59|25.66|26.7|339090080.0|903938.56|25.08
000063.SZ|38.3|39.83|37.69|37.71|337007232.0|1296567.63|38.37
002484.SZ|20.58|22.49|20.16|21.92|114545024.0|250893.95|22.22
603228.SH|30.21|30.21|28.82|29.15|60191804.0|177163.88|30.23
600601.SH|5.24|5.24|4.93|5.24|748594112.0|390293.84|4.76
603920.SH|32.1|33.12|31.52|31.58|38633352.0|124669.16|32.48
002131.SZ|3.8|4.08|3.55|3.63|2099020672.0|803528.06|3.77
001389.SZ|55.46|55.9|52.74|52.79|7763212.0|42092.9|56.02
002536.SZ|13.34|13.74|12.86|13.74|55139924.0|73872.38|12.49
603667.SH|30.92|31.1|30.02|31.1|33240148.0|102601.99|28.27
603063.SH|28.77|30.76|27.7|29.92|126579848.0|371849.91|27.96
600126.SH|4.9|4.99|4.76|4.77|91884544.0|44680.34|4.98
003021.SZ|87.5|94.77|86.67|92.0|26462114.0|242313.5|86.15
600316.SH|30.4|32.36|30.4|31.48|31168420.0|98090.45|30.36
