002384.SZ|58.0|58.5|53.3|54.21|123636096.0|690511.06|55.31
601869.SH|43.13|44.5|42.11|42.2|17493366.0|75928.69|43.07
600760.SH|63.47|65.83|63.1|65.24|65993792.0|429611.41|63.38
601208.SH|14.88|15.48|14.51|15.11|144097296.0|216875.55|14.06
600418.SH|45.0|46.4|44.8|45.75|107474056.0|490973.84|45.49
603083.SH|52.25|52.55|50.62|50.77|40537772.0|210195.48|52.25
603308.SH|27.98|29.34|27.35|28.38|32760980.0|93266.23|27.43
001203.SZ|11.39|11.57|10.94|10.98|58524440.0|66749.21|11.32
002294.SZ|53.95|54.93|52.81|53.85|16630848.0|90005.79|52.6
001389.SZ|66.45|72.34|66.45|67.92|35835112.0|251298.36|65.7
603115.SH|18.83|19.04|18.37|19.04|25603440.0|50106.63|17.25
000158.SZ|23.97|25.47|23.69|24.5|322260224.0|793165.94|24.23
