600111.SH|44.04|46.87|43.77|44.32|476720800.0|2153076.75|42.77
002600.SZ|11.36|12.2|11.24|12.2|623461632.0|729742.0|11.09
002837.SZ|52.95|53.71|49.86|51.76|124664024.0|838067.19|53.87
600601.SH|7.49|7.73|7.22|7.63|528487584.0|396822.53|7.43
603083.SH|60.35|64.5|59.69|64.5|20758896.0|131670.38|58.61
600021.SH|13.06|13.63|12.5|12.72|310279040.0|412227.53|12.57
002126.SZ|37.79|41.08|35.76|38.08|88664248.0|332603.16|37.41
600330.SH|9.65|9.66|9.12|9.16|172187152.0|159731.14|9.44
002046.SZ|33.99|36.61|33.79|36.61|48997720.0|176175.67|33.26
000062.SZ|30.51|31.56|29.27|29.49|135711200.0|418021.75|28.68
002131.SZ|4.63|4.85|4.58|4.85|1105283968.0|526423.19|4.41
002364.SZ|23.67|24.87|23.32|24.87|142810208.0|347315.63|22.6
002939.SZ|13.64|13.99|12.62|13.7|542264704.0|727203.06|13.19
603516.SH|120.56|123.4|113.92|113.92|19370586.0|225345.59|126.59
000887.SZ|21.88|22.66|20.7|21.74|175821984.0|381867.97|21.33
600737.SH|16.0|16.5|15.16|16.0|240630720.0|380724.91|15.27
002536.SZ|32.9|34.0|30.33|32.45|155638048.0|506149.28|32.28
601609.SH|13.64|13.64|12.66|13.27|409810944.0|548146.69|12.39
601606.SH|66.0|70.0|61.01|67.0|118828512.0|796069.0|66.29
600329.SH|43.39|46.18|42.66|43.06|22119354.0|108943.77|43.84
603950.SH|26.71|28.81|26.58|27.83|24894508.0|68976.15|26.71
