601869.SH|71.07|71.07|69.06|71.07|19251372.0|136211.34|64.88
603019.SH|93.84|93.98|89.26|91.32|212172128.0|1955645.5|91.11
002600.SZ|14.01|14.92|13.88|14.92|575165184.0|827711.0|13.56
600118.SH|35.89|36.63|34.9|36.63|117203552.0|423970.22|33.3
603228.SH|60.12|62.9|59.09|61.01|64292728.0|393895.59|59.6
600010.SH|2.99|2.99|2.77|2.77|3060638464.0|867878.63|2.99
002202.SZ|11.73|12.15|11.6|11.95|270543424.0|322838.59|11.62
600869.SH|7.13|7.15|6.86|6.99|152387120.0|106443.98|7.13
603083.SH|80.17|80.17|80.17|80.17|2459102.0|19714.62|72.88
600415.SH|22.92|23.4|22.2|22.35|103631808.0|234250.59|23.02
603929.SH|40.9|42.45|40.9|42.45|7790680.0|32864.67|38.59
002378.SZ|13.53|14.72|12.24|14.63|254554576.0|334068.44|13.38
603379.SH|60.58|62.65|60.02|60.75|20305032.0|124177.75|60.63
600246.SH|13.29|14.05|11.82|13.66|632999296.0|818923.31|12.77
000737.SZ|12.55|12.9|12.41|12.69|222161440.0|280513.41|12.5
000877.SZ|7.3|7.38|6.92|6.97|201901920.0|143721.31|7.24
002716.SZ|5.25|5.6|5.14|5.46|326267808.0|177065.94|5.39
002402.SZ|40.11|42.1|39.44|40.51|229735328.0|936798.13|39.75
