601138.SH|43.63|45.45|42.65|42.89|242001504.0|1065028.25|43.35
002916.SZ|151.44|152.53|145.81|147.6|12098003.0|182647.42|151.38
002463.SZ|57.48|57.48|54.44|54.57|75684968.0|424802.88|57.78
603256.SH|29.3|29.8|28.73|29.8|23439890.0|69669.43|27.08
601208.SH|18.26|18.3|17.32|17.37|100633296.0|180192.11|17.8
000066.SZ|18.11|19.16|17.5|18.13|664369024.0|1210304.88|17.5
603920.SH|36.7|37.35|36.1|36.3|61642616.0|230204.08|36.39
600246.SH|10.65|11.16|10.05|10.95|298405984.0|316651.22|10.15
000962.SZ|19.08|20.42|19.07|19.68|74008968.0|147164.2|19.45
002939.SZ|9.99|10.76|9.91|10.76|440891744.0|473757.5|9.76
603516.SH|105.9|112.43|105.9|108.39|19249880.0|209149.59|102.2
600208.SH|4.98|4.98|4.98|4.98|9263056.0|4613.0|4.53
002536.SZ|25.6|26.63|24.51|26.63|113005000.0|292253.84|24.18
600126.SH|9.8|9.84|9.38|9.44|361661696.0|347423.03|9.81
601609.SH|10.21|10.21|10.03|10.21|89418864.0|92509.78|9.27
601606.SH|67.82|73.25|61.05|62.99|133014048.0|858549.25|67.82
603337.SH|51.33|53.91|48.44|51.67|6838090.0|35037.86|51.31
601020.SH|22.48|22.99|22.2|22.28|82153312.0|186167.89|22.06
