600111.SH|57.87|61.56|55.97|56.67|427770080.0|2511427.5|57.6
600105.SH|16.51|16.67|14.76|15.07|320879008.0|498441.84|16.24
600010.SH|2.93|3.07|2.88|2.91|5171252736.0|1553084.38|2.79
000831.SZ|62.84|65.97|60.47|61.36|129561128.0|812728.94|60.11
601212.SH|6.05|6.15|5.38|5.53|778189376.0|459780.31|5.59
002407.SZ|20.87|21.4|19.72|19.95|173957808.0|362910.38|20.62
600259.SH|64.73|67.83|61.53|61.65|33669072.0|218264.11|64.7
600206.SH|24.9|25.12|23.58|23.83|144247216.0|352392.34|24.09
000962.SZ|28.5|29.42|27.49|28.06|44222716.0|126142.48|27.46
603516.SH|188.16|191.9|163.08|169.89|20222250.0|349839.13|176.99
000969.SZ|19.66|19.66|19.13|19.66|66040592.0|131032.34|17.85
600536.SH|53.2|56.09|51.91|55.55|113872896.0|608960.13|54.34
601069.SH|34.84|35.84|32.77|33.84|75339624.0|261429.81|32.74
601606.SH|53.0|56.8|53.0|56.0|142418752.0|784632.88|51.92
603026.SH|56.96|59.4|56.76|57.51|28558448.0|166425.56|54.0
