000657.SZ|16.0|16.79|15.35|16.18|190532864.0|307590.59|15.26
600089.SH|15.0|15.52|14.16|14.25|454412608.0|671594.25|14.44
601991.SH|4.08|4.14|3.73|3.74|915755712.0|361256.78|3.89
601868.SH|3.09|3.09|2.87|2.9|2099988224.0|630346.5|2.81
600875.SH|23.74|23.74|23.09|23.74|212768064.0|504543.34|21.58
601800.SH|10.6|10.6|9.8|9.8|293610528.0|299386.91|10.33
600585.SH|28.0|28.0|25.05|25.05|223634384.0|584073.75|27.17
601669.SH|6.77|6.77|6.77|6.77|175077312.0|118527.34|6.15
601699.SH|13.5|13.86|12.95|13.21|220336192.0|293946.69|12.6
600985.SH|13.58|13.8|13.2|13.25|95328216.0|128214.98|13.18
000983.SZ|8.0|8.0|7.53|7.68|325260832.0|250711.11|7.54
601001.SH|14.99|15.49|14.55|14.89|108624688.0|161359.28|14.32
000877.SZ|6.61|6.61|5.64|5.68|225890464.0|137086.27|6.06
601399.SH|4.0|4.09|3.79|4.09|306757216.0|121665.15|3.72
600801.SH|17.44|17.44|17.31|17.44|134073016.0|233809.2|15.85
600546.SH|10.5|10.5|9.98|10.0|136510096.0|139638.16|10.08
002266.SZ|4.47|4.47|4.12|4.47|301207680.0|133138.89|4.06
002497.SZ|15.5|15.98|15.33|15.5|212040960.0|335565.13|14.53
601608.SH|5.37|5.37|4.89|4.9|359260448.0|182781.41|5.09
601606.SH|31.96|31.96|28.97|29.66|112427616.0|338419.16|32.19
