601888.SH|69.0|73.46|67.89|70.21|112535424.0|793371.69|66.87
000617.SZ|6.85|7.41|6.74|7.29|697804416.0|500132.56|6.74
002049.SZ|69.49|70.99|68.1|69.31|67379128.0|470688.41|69.06
600415.SH|13.9|14.3|13.49|14.25|127855264.0|179856.98|13.37
000066.SZ|16.49|17.3|16.2|16.4|514445504.0|861543.94|16.49
600895.SH|24.74|25.57|24.51|25.48|77564216.0|194511.88|24.75
603688.SH|36.3|38.54|35.75|38.54|39369348.0|146468.92|35.04
000519.SZ|17.2|17.82|16.91|17.31|89820840.0|157246.17|17.15
001270.SZ|32.83|32.9|32.1|32.9|4039582.0|13259.2|29.91
600515.SH|3.7|3.84|3.63|3.75|194008960.0|72925.14|3.75
000582.SZ|9.98|10.21|9.4|9.53|208599424.0|204445.0|9.28
601155.SH|12.91|13.42|12.71|13.2|36890744.0|48422.38|12.91
600598.SH|17.3|19.6|17.3|18.95|263071616.0|487452.56|18.98
601606.SH|12.45|12.78|12.31|12.45|49869836.0|62625.93|12.2
600685.SH|25.7|25.7|24.12|24.15|46930172.0|115178.42|23.43
