601100.SH|77.71|85.24|76.62|80.76|32346662.0|268391.5|77.35
603501.SH|160.28|161.24|150.98|152.27|64964128.0|1010145.81|157.24
600498.SH|28.18|29.05|26.92|27.21|177816096.0|501894.72|27.65
600105.SH|5.9|5.91|5.57|5.6|215503984.0|125109.53|5.73
605376.SH|35.18|38.7|35.18|38.7|15436819.0|58071.15|35.16
600143.SH|12.06|12.06|12.06|12.06|27601254.0|34115.15|10.94
601777.SH|8.68|8.97|8.63|8.71|123303688.0|108122.15|8.67
002126.SZ|26.39|29.11|25.43|27.26|68388944.0|185887.58|26.44
600246.SH|6.32|6.4|6.06|6.17|116134816.0|71873.95|6.2
002046.SZ|14.8|15.54|14.71|15.3|73980544.0|114814.28|14.72
000876.SZ|10.42|10.43|9.98|10.02|142681312.0|144538.83|10.42
002290.SZ|23.8|23.85|23.29|23.85|6779090.0|16269.15|21.66
002065.SZ|12.78|13.62|12.76|13.62|937979328.0|1255896.5|12.37
