603986.SH|129.79|137.8|128.21|132.86|53533608.0|707766.5|129.64
002050.SZ|29.45|29.95|28.55|29.22|293754208.0|857720.0|28.6
002636.SZ|8.48|8.48|8.48|8.48|13085800.0|11096.76|7.71
600601.SH|5.07|5.15|4.81|4.92|542979136.0|269682.44|5.31
600580.SH|19.28|20.12|18.82|19.09|230401552.0|444061.09|18.87
603308.SH|17.6|18.11|17.11|17.4|32790008.0|57209.83|17.35
603629.SH|22.5|23.1|22.01|22.08|42082728.0|94649.92|22.15
600733.SH|7.73|7.98|7.73|7.84|179912960.0|141573.59|7.73
002131.SZ|4.03|4.04|3.88|4.04|588276096.0|235708.67|3.67
000887.SZ|13.8|13.88|13.42|13.45|72575888.0|98868.22|13.55
603728.SH|60.0|63.26|59.47|61.62|27635736.0|168747.7|59.51
002335.SZ|30.91|31.58|30.18|30.39|49863272.0|153312.83|29.84
603667.SH|37.99|37.99|37.99|37.99|14200879.0|53949.14|34.54
000158.SZ|21.0|21.18|19.89|20.08|204942480.0|418521.19|20.01
603950.SH|18.0|18.27|17.65|17.83|9568175.0|17177.14|17.95
