601869.SH|72.0|78.18|69.95|75.41|34825080.0|259527.83|71.07
002600.SZ|15.49|16.04|14.64|14.74|961704128.0|1468253.5|14.88
600118.SH|37.0|38.48|35.7|36.45|148947872.0|547486.69|36.63
002241.SZ|33.48|35.53|32.84|34.04|283695520.0|984416.44|33.71
603083.SH|87.86|87.86|87.86|87.86|3930369.0|34661.92|79.84
603929.SH|41.45|42.04|38.13|38.13|14652611.0|62349.66|39.8
002261.SZ|41.09|43.5|40.77|41.3|374887808.0|1571663.0|40.27
002131.SZ|5.54|5.63|5.16|5.19|2011622784.0|1098066.88|5.28
002364.SZ|24.9|28.28|24.7|26.93|122918592.0|331474.16|25.7
002555.SZ|19.18|19.67|18.6|18.63|283620384.0|574148.13|18.43
000029.SZ|29.95|31.35|29.74|29.74|16286446.0|49016.42|33.05
600704.SH|6.2|6.34|5.98|6.02|316957536.0|199137.63|6.24
603950.SH|31.71|34.44|31.71|32.41|22637016.0|75378.16|31.34
