600487.SH|23.2|23.85|22.69|22.9|296449664.0|689677.63|22.22
601869.SH|115.1|120.62|111.91|120.62|24747192.0|293130.25|109.65
600498.SH|30.47|31.48|29.61|29.88|172650320.0|524127.91|28.88
600869.SH|8.32|8.59|7.76|7.81|198054048.0|159498.42|8.18
000559.SZ|11.5|11.5|10.37|10.37|289655808.0|307670.63|11.52
600143.SH|23.26|23.26|21.67|21.67|355160992.0|783433.38|24.08
603618.SH|10.08|10.11|9.85|10.11|57946052.0|58243.21|9.19
600157.SH|1.78|1.85|1.63|1.69|3987331072.0|689550.69|1.71
600699.SH|39.98|39.98|36.02|37.1|309855296.0|1167789.5|36.88
000981.SZ|4.35|4.36|3.66|3.87|2929439744.0|1142252.0|4.07
001389.SZ|87.09|87.89|83.12|83.97|15973818.0|136021.23|84.33
600170.SH|3.66|3.74|3.49|3.49|815661888.0|288404.47|3.88
002402.SZ|45.79|47.5|44.96|45.61|157315776.0|723852.31|43.95
