601360.SH|13.6|14.14|13.23|13.92|676851264.0|933697.13|13.42
000688.SZ|29.61|30.38|26.17|27.02|100674872.0|285561.72|27.61
002738.SZ|70.65|73.46|67.12|67.7|65977844.0|463763.34|68.58
001203.SZ|32.91|33.79|30.5|30.82|117642744.0|374090.13|30.89
002240.SZ|39.0|39.52|36.88|37.41|186880320.0|719354.38|35.93
000547.SZ|11.0|11.39|10.85|11.39|409135328.0|459709.28|10.35
600577.SH|11.3|11.77|11.1|11.16|245558560.0|280947.59|11.09
002497.SZ|25.52|26.59|24.04|24.47|143496496.0|361111.59|24.92
002192.SZ|60.67|62.86|56.88|57.51|47867416.0|284624.34|59.35
601606.SH|57.03|57.03|51.8|52.22|103912512.0|561740.31|53.55
