601995.SH|35.12|39.82|34.82|38.69|149659536.0|558134.5|36.25
601881.SH|15.58|17.5|15.36|17.5|416871936.0|698909.5|15.88
603663.SH|24.81|25.71|23.99|25.33|50366324.0|127049.29|23.37
002046.SZ|16.99|17.98|16.25|16.59|67066412.0|116400.09|17.11
000981.SZ|2.54|2.54|2.32|2.37|1325549440.0|321284.66|2.4
603067.SH|12.1|12.11|11.46|11.73|23739216.0|39289.64|11.88
000932.SZ|4.88|4.9|4.76|4.86|279453632.0|137741.05|4.78
603667.SH|51.92|51.92|47.64|48.86|82801240.0|411312.72|52.96
002152.SZ|15.73|15.85|14.3|14.55|242243472.0|377455.13|15.16
600126.SH|12.3|14.72|12.04|14.72|658835008.0|860462.88|13.38
603638.SH|21.66|21.9|20.81|21.21|21429452.0|46216.98|21.01
003021.SZ|156.31|163.32|149.34|156.33|16151898.0|252757.2|157.27
002402.SZ|24.25|24.83|23.13|23.71|238198272.0|576197.31|22.78
