002475.SZ|66.89|66.89|63.5|65.54|554123904.0|3635384.0|60.79
002938.SZ|63.32|65.64|59.38|61.68|59845456.0|378256.06|62.45
603019.SH|117.55|120.04|111.76|114.28|116814112.0|1349416.25|117.06
001309.SZ|162.56|170.22|159.41|170.22|30417152.0|504046.09|154.71
600105.SH|11.25|12.05|11.23|12.05|218056656.0|259374.13|10.95
002837.SZ|67.26|69.09|61.7|63.48|117342824.0|997893.31|62.85
603618.SH|11.12|12.23|11.02|12.23|203800112.0|240497.66|11.12
000981.SZ|4.47|4.6|4.01|4.24|2952868864.0|1279964.25|4.26
002065.SZ|11.88|12.35|11.61|12.17|616471488.0|735148.06|11.33
002716.SZ|6.88|7.13|6.53|6.7|363652800.0|248023.47|6.75
002402.SZ|54.99|54.99|54.99|54.99|3106668.0|17145.7|49.97
