600580.SH|22.23|22.82|21.26|22.29|263339056.0|703173.5|21.81
603920.SH|36.43|36.56|34.57|35.76|57069096.0|208816.31|35.8
603618.SH|6.93|6.93|6.35|6.41|93139392.0|62056.93|6.29
002261.SZ|24.72|24.72|24.72|24.72|17512336.0|43290.5|22.47
600588.SH|14.23|14.94|13.83|14.62|240233104.0|347295.78|13.7
600839.SH|10.83|11.52|10.67|11.52|936963584.0|1044981.88|10.47
600732.SH|12.68|12.94|12.4|12.8|103498648.0|130886.85|13.02
600186.SH|6.82|7.16|6.6|6.78|456683936.0|315456.06|6.51
600126.SH|7.61|7.61|7.61|7.61|8276912.0|6298.73|6.92
000158.SZ|23.71|24.63|23.39|24.63|308181088.0|746598.13|22.39
000034.SZ|30.36|31.09|29.9|31.09|73804744.0|321870.59|28.24
002044.SZ|5.09|5.42|4.94|5.42|271712992.0|140440.23|4.93
