002594.SZ|320.0|330.0|314.0|326.9|48707528.0|1569198.88|311.08
002600.SZ|10.02|10.5|9.92|10.16|724152064.0|736104.44|9.77
601689.SH|74.9|76.21|71.46|73.21|53140492.0|391857.66|74.73
603893.SH|193.99|199.9|180.2|186.79|32087012.0|614032.44|186.52
002920.SZ|130.28|134.98|127.61|133.58|23047068.0|301213.47|125.27
603920.SH|34.81|37.0|34.81|37.0|62572120.0|228040.67|33.64
002126.SZ|22.7|23.33|21.85|22.67|70152408.0|158324.84|21.74
600206.SH|17.05|17.55|16.86|17.18|130529616.0|223652.56|16.82
002261.SZ|21.37|22.47|21.04|22.47|253085040.0|558399.31|20.43
603486.SH|50.0|51.41|49.36|50.14|24041364.0|121208.36|48.54
600114.SH|20.54|21.12|20.1|20.69|81671144.0|167541.83|20.16
603728.SH|79.21|79.8|75.08|78.6|30041462.0|233229.42|75.41
603596.SH|60.6|60.84|56.53|59.55|39525204.0|232593.31|55.31
600186.SH|6.06|6.51|6.0|6.51|519165312.0|330249.66|5.92
600595.SH|3.26|3.58|3.22|3.57|286286816.0|98429.59|3.38
600126.SH|6.92|6.92|6.92|6.92|13736938.0|9505.96|6.29
003021.SZ|110.0|115.13|108.0|111.73|17561596.0|195307.88|111.08
