603986.SH|178.53|187.25|172.3|175.25|76285240.0|1373602.5|174.13
000988.SZ|75.14|79.87|72.87|74.01|179469408.0|1365181.38|75.01
002028.SZ|95.3|96.0|89.8|90.15|13053597.0|121236.61|95.66
600489.SH|18.07|18.12|17.56|17.76|228715616.0|407820.28|17.57
601958.SH|16.94|17.95|16.6|17.47|113806232.0|196179.03|16.5
002484.SZ|36.54|37.64|32.72|32.72|130040704.0|456061.09|36.38
002138.SZ|34.78|35.56|32.4|32.8|53427052.0|183151.36|35.04
002074.SZ|41.2|42.37|39.48|40.1|265605888.0|1086773.88|40.02
600021.SH|18.12|18.15|17.51|18.15|45607248.0|83752.02|16.47
002422.SZ|39.52|41.13|39.12|39.35|34035776.0|138215.45|39.52
601212.SH|4.26|4.26|4.26|4.26|83724672.0|35666.71|3.87
002155.SZ|22.82|22.99|21.78|21.99|137760928.0|312070.0|22.44
001267.SZ|16.48|17.43|15.14|15.62|102484496.0|168988.19|15.84
600246.SH|13.52|14.73|13.12|14.25|557809792.0|793005.19|13.39
002131.SZ|5.95|6.17|5.68|5.82|1995574144.0|1192721.0|5.76
000981.SZ|2.5|2.65|2.47|2.65|1120220160.0|292661.47|2.41
603115.SH|20.9|21.28|19.08|19.2|16255672.0|32902.98|20.83
600737.SH|18.5|19.03|17.83|17.97|123923056.0|227965.23|17.79
000661.SZ|120.03|124.55|119.39|124.55|22094748.0|273417.34|113.21
002266.SZ|3.93|3.94|3.77|3.79|270687552.0|105186.83|3.87
601069.SH|22.95|23.94|22.93|23.94|40932632.0|98168.19|21.75
603881.SH|31.44|33.56|30.81|31.89|185344560.0|718524.63|30.5
600521.SH|26.66|27.07|25.55|26.2|86608512.0|229279.56|26.49
002716.SZ|6.41|6.67|6.28|6.33|439479040.0|283548.88|6.06
601020.SH|28.41|29.02|27.37|27.93|91772856.0|259248.84|28.04
