002261.SZ|27.19|27.19|27.19|27.19|55606840.0|151195.0|24.72
000062.SZ|24.32|25.11|24.14|24.18|76127296.0|192064.95|24.0
000958.SZ|6.34|6.34|6.03|6.05|147665392.0|93061.95|6.34
600839.SH|11.83|11.95|10.96|11.05|926127872.0|1063304.75|11.52
002131.SZ|4.69|4.89|4.46|4.65|2100621312.0|999783.13|4.48
000032.SZ|19.59|21.59|19.36|20.15|102553424.0|210042.5|19.97
000029.SZ|15.64|15.88|15.09|15.22|11544557.0|17744.13|15.54
002335.SZ|23.59|24.41|23.16|23.51|61511352.0|215599.69|22.92
600126.SH|8.37|8.37|8.37|8.37|7917081.0|6626.6|7.61
603881.SH|19.79|22.58|19.62|21.29|118203272.0|299256.25|20.52
000158.SZ|24.63|26.25|24.07|24.12|394848128.0|992292.75|24.63
000034.SZ|31.09|32.96|30.72|30.97|164315312.0|735576.25|31.09
601606.SH|13.06|13.5|12.54|12.57|62746316.0|81730.34|12.69
000564.SZ|3.01|3.06|2.94|2.97|927185024.0|277709.91|2.95
002044.SZ|5.54|5.54|5.13|5.23|251832160.0|131550.28|5.42
