600105.SH|7.1|7.45|6.96|7.24|315928416.0|227350.5|6.95
600392.SH|11.96|12.1|11.72|11.83|154250560.0|183454.88|11.64
002195.SZ|6.0|6.1|5.8|5.89|1058285824.0|629119.81|5.67
600259.SH|39.39|39.58|38.14|38.22|21623182.0|83738.04|39.59
000062.SZ|28.61|30.6|27.66|28.9|122946480.0|351906.63|28.18
001896.SZ|4.63|4.79|4.51|4.56|112242840.0|51973.02|4.63
002364.SZ|15.51|15.9|15.33|15.66|56695300.0|88458.86|15.4
600396.SH|3.06|3.29|3.05|3.12|167889536.0|52538.59|3.04
000158.SZ|25.3|25.58|24.7|25.15|293927168.0|736959.63|24.82
002290.SZ|30.0|31.22|29.78|31.22|2865200.0|8885.33|28.38
