002636.SZ|10.04|10.04|9.66|9.69|50211184.0|48985.13|10.04
605376.SH|39.19|42.85|38.58|42.85|16677950.0|69805.71|38.95
002273.SZ|25.91|25.99|25.16|25.6|167605136.0|428989.59|25.19
002414.SZ|8.08|8.3|7.97|8.16|155881952.0|127324.09|8.24
600143.SH|13.6|13.6|12.96|13.39|505794880.0|675269.5|12.36
603179.SH|54.8|55.9|53.5|53.75|15104848.0|82509.06|54.8
000967.SZ|6.65|6.88|6.26|6.88|172729248.0|114205.53|6.25
000547.SZ|7.8|8.11|7.69|7.86|109483312.0|86170.27|7.79
002025.SZ|49.48|50.87|48.38|48.5|14171680.0|70110.39|49.48
002149.SZ|19.8|19.8|18.92|19.1|25282270.0|48480.04|19.33
603127.SH|21.0|21.78|20.9|21.42|33538800.0|71535.17|20.9
002290.SZ|26.46|26.46|21.94|24.11|46651160.0|111749.48|24.06
002065.SZ|13.59|15.08|12.56|13.95|937523392.0|1284245.88|13.72
600316.SH|34.34|37.0|33.98|35.93|42749724.0|153207.83|34.9
