600276.SH|62.8|65.23|61.93|63.6|168276896.0|1073132.75|61.84
002916.SZ|142.6|146.2|138.62|142.1|16864272.0|242685.84|142.78
002938.SZ|48.64|52.98|48.57|52.36|60253604.0|313544.72|48.25
603256.SH|23.81|24.19|22.8|23.14|39390004.0|92168.29|23.26
002281.SZ|51.5|52.63|51.38|52.4|82151688.0|427417.91|52.58
002436.SZ|18.37|19.11|17.93|18.24|264157680.0|485788.72|17.86
600601.SH|5.98|6.19|5.95|6.12|426665472.0|259008.8|6.05
600392.SH|23.89|24.6|23.3|24.01|305479424.0|732466.69|24.54
002653.SZ|52.21|55.23|50.31|52.49|8681073.0|45773.85|52.75
600977.SH|15.5|15.76|14.18|14.35|155141472.0|231360.95|14.58
