002050.SZ|34.15|34.88|33.52|34.04|329795040.0|1126811.5|33.77
601872.SH|7.94|8.47|7.65|8.13|282993568.0|230478.31|7.94
600118.SH|36.21|38.04|36.01|36.24|117469200.0|434764.13|36.21
002709.SZ|28.72|30.68|28.52|28.91|278835936.0|821967.31|28.02
600026.SH|12.0|12.63|11.87|12.1|158247392.0|194365.3|12.19
002407.SZ|16.74|18.3|16.7|17.6|294461024.0|520063.38|16.71
600699.SH|25.98|27.18|25.02|27.0|209155440.0|545938.13|25.52
002555.SZ|22.28|22.88|22.09|22.74|192687488.0|433976.63|22.28
603728.SH|69.0|71.21|68.01|68.33|35672056.0|248253.7|68.85
600977.SH|17.21|17.84|16.88|17.59|196677872.0|340581.59|16.52
600516.SH|5.53|5.68|5.43|5.44|245045584.0|135809.77|5.53
601975.SH|3.3|3.39|3.23|3.29|487537024.0|160773.14|3.36
