601869.SH|40.34|46.72|40.13|42.82|26821956.0|113630.22|42.47
002080.SZ|13.58|14.94|13.49|14.54|119464872.0|181538.56|14.0
001309.SZ|104.49|110.41|99.86|103.44|17045648.0|250733.56|104.49
002414.SZ|8.5|8.7|8.31|8.42|195112512.0|165671.72|8.98
003022.SZ|15.52|15.53|15.1|15.14|31370716.0|48333.32|15.48
000032.SZ|29.86|32.95|29.06|30.43|127809432.0|399591.28|31.18
603115.SH|14.96|15.37|14.05|14.24|16023359.0|24134.54|14.69
002085.SZ|21.14|21.4|20.57|20.62|274197824.0|580151.94|21.17
002335.SZ|33.74|35.79|32.7|34.25|87986928.0|445156.91|35.54
002536.SZ|16.4|17.78|15.8|17.04|108356944.0|187554.16|16.27
002498.SZ|3.52|3.59|3.42|3.47|121184976.0|43329.51|3.51
600100.SH|9.53|10.22|9.21|9.35|611808320.0|590483.06|9.48
000158.SZ|27.44|29.8|26.98|28.14|401230496.0|1148900.38|27.44
002290.SZ|23.79|25.42|23.66|23.66|34181384.0|83205.92|26.31
