002916.SZ|222.0|224.0|215.15|216.68|12218897.0|266849.66|222.53
002281.SZ|68.6|70.77|67.96|68.01|61549992.0|426227.06|68.59
601869.SH|102.0|108.05|102.0|108.05|29292532.0|313966.94|98.23
601231.SH|28.19|29.01|27.0|27.08|67196552.0|187330.38|28.19
002837.SZ|95.01|99.44|94.01|94.15|107801912.0|1039072.56|92.95
003031.SZ|75.21|79.57|75.0|75.25|18778816.0|143655.3|74.88
000688.SZ|24.7|25.45|24.1|24.3|41760528.0|103166.78|25.34
001203.SZ|29.02|29.35|26.89|27.31|65996192.0|183929.61|28.3
002240.SZ|32.44|33.47|31.69|31.96|85234688.0|276832.69|32.32
002491.SZ|6.5|6.84|6.26|6.51|286978592.0|190690.34|6.22
601399.SH|5.25|5.41|5.05|5.22|502123840.0|261789.28|5.32
002536.SZ|30.35|30.35|29.61|29.65|184355232.0|556818.81|27.59
002044.SZ|5.77|6.02|5.5|6.02|545457600.0|318050.59|5.47
002545.SZ|18.76|18.78|17.31|17.39|26895664.0|48099.63|18.43
