603501.SH|138.28|140.93|134.87|135.33|58663320.0|808691.63|134.58
601727.SH|8.64|9.23|8.51|8.79|1126766336.0|991485.75|8.56
601231.SH|16.91|16.94|16.15|16.34|55325288.0|94825.32|16.8
603296.SH|62.07|62.16|59.28|60.63|10255793.0|88718.41|62.48
600845.SH|32.97|33.06|30.99|31.45|60173748.0|195336.11|32.86
002261.SZ|32.29|32.9|29.96|30.19|574992064.0|1815723.88|29.91
002364.SZ|16.85|17.41|15.61|17.41|154641216.0|262100.73|15.82
000002.SZ|7.79|8.22|7.7|7.97|574153024.0|456942.78|7.96
000887.SZ|16.93|17.65|16.33|16.55|169346176.0|292531.34|16.93
601162.SH|4.8|5.25|4.72|5.01|1821917824.0|905159.38|4.77
600126.SH|10.13|10.13|10.13|10.13|97813584.0|99085.16|9.21
600516.SH|5.13|5.56|5.11|5.26|208761728.0|111564.7|5.11
603881.SH|25.77|25.77|24.86|25.77|94688584.0|290815.69|23.42
000158.SZ|26.57|28.97|25.78|27.23|453402976.0|1232574.88|26.54
002044.SZ|5.77|6.29|5.59|5.9|364499872.0|216748.75|5.75
