601138.SH|46.5|48.96|45.8|47.91|253058672.0|1195517.75|48.91
002600.SZ|12.66|13.3|12.01|13.1|702288192.0|890862.69|12.24
601689.SH|54.22|54.9|53.69|54.9|75492304.0|409075.09|54.79
000617.SZ|9.89|10.33|9.66|9.88|681444288.0|677530.75|9.72
002428.SZ|27.25|28.4|27.21|28.4|66376252.0|185043.8|25.82
605376.SH|48.56|48.56|44.51|46.52|15786667.0|72498.16|46.24
603083.SH|64.45|67.64|62.83|66.65|64286788.0|422766.94|64.83
002046.SZ|38.44|40.48|37.37|39.05|96957816.0|377513.28|36.81
600839.SH|12.23|12.8|11.89|12.19|1056319232.0|1295381.0|11.67
002131.SZ|5.27|5.37|4.9|5.07|2311396096.0|1189330.63|4.88
002364.SZ|22.9|23.42|22.47|22.47|53449452.0|120830.45|24.97
002518.SZ|33.68|33.68|31.4|32.3|56581280.0|183981.56|33.74
603115.SH|18.89|19.33|18.36|18.7|20958300.0|39502.53|18.9
