603256.SH|41.1|42.26|40.94|42.26|21221700.0|89332.88|38.41
000657.SZ|23.97|24.76|23.95|24.76|72599648.0|178023.02|22.51
603228.SH|79.45|82.78|78.96|80.99|51712468.0|420889.41|76.64
601208.SH|20.94|21.85|20.94|21.38|118071392.0|253653.38|20.18
600601.SH|13.4|13.8|12.7|13.52|492843648.0|656051.69|13.19
603688.SH|42.35|43.16|41.79|42.87|31988348.0|136437.53|42.35
002407.SZ|24.7|25.29|23.93|24.74|255791344.0|633008.31|23.75
000547.SZ|8.6|9.0|8.41|8.75|172205104.0|150882.06|8.84
000969.SZ|23.52|24.1|22.6|23.32|267350832.0|629406.19|22.78
603301.SH|83.4|86.49|82.72|86.08|19995876.0|170877.5|80.65
600516.SH|5.92|6.25|5.84|6.25|388372320.0|235255.98|5.68
601606.SH|54.0|57.97|53.5|55.47|125333160.0|690998.44|54.98
