001309.SZ|117.0|120.36|113.6|117.51|35643240.0|419980.06|109.38
603228.SH|68.42|70.53|66.63|68.45|58201016.0|404191.06|68.42
600601.SH|11.55|12.38|11.38|11.93|610755776.0|726855.0|11.3
603083.SH|102.67|111.31|102.55|108.67|64658764.0|708583.56|101.16
600580.SH|45.97|47.83|45.62|46.03|282109760.0|1317535.13|45.97
002429.SZ|6.4|6.9|6.24|6.59|387285856.0|255621.53|6.44
002491.SZ|6.89|6.89|6.39|6.43|232389536.0|152056.92|6.62
000981.SZ|2.98|3.05|2.88|3.05|1286010240.0|387394.25|2.77
603516.SH|157.9|165.78|135.62|139.9|26605764.0|385236.91|150.7
000737.SZ|14.04|14.5|13.78|13.96|290434528.0|411692.31|13.63
002335.SZ|47.24|48.59|45.38|48.17|82174544.0|561893.0|47.27
600977.SH|19.94|21.15|19.67|21.15|167158464.0|342680.13|19.22
600884.SH|14.78|14.96|14.3|14.31|198221312.0|288761.44|14.78
603301.SH|35.49|38.89|33.47|37.8|30584492.0|110896.22|35.34
603127.SH|38.48|41.53|38.48|41.53|59791188.0|241770.88|37.74
600961.SH|16.0|16.03|15.44|15.5|67401264.0|105238.64|16.25
002716.SZ|6.51|6.82|6.45|6.72|344965312.0|231315.08|6.61
600170.SH|2.89|2.89|2.89|2.89|188565568.0|55061.14|2.62
