002384.SZ|74.32|75.03|71.51|73.04|71476968.0|522628.91|75.46
000338.SZ|18.01|18.55|17.51|18.27|561996992.0|1010841.5|18.03
601600.SH|10.7|10.99|10.65|10.75|499544352.0|541364.25|10.86
001309.SZ|253.34|271.85|253.34|267.01|22746416.0|605630.06|247.14
002851.SZ|84.5|87.11|84.01|86.12|46824456.0|400588.81|84.16
601179.SH|9.5|10.62|9.42|10.08|655520448.0|660891.69|9.78
601877.SH|33.0|35.81|32.39|35.18|181202272.0|619094.56|32.55
600096.SH|33.1|34.93|32.76|34.37|142507440.0|482806.84|32.46
600219.SH|5.05|5.31|5.0|5.2|816368192.0|424378.09|5.08
000559.SZ|14.09|14.55|13.6|13.7|370737216.0|523019.25|13.86
001203.SZ|21.83|23.58|21.8|23.34|90865400.0|209080.47|21.44
001267.SZ|18.9|20.8|18.81|20.3|106864344.0|210301.2|18.93
603225.SH|16.54|17.25|16.47|16.87|38074112.0|64341.31|16.57
603061.SH|137.4|140.0|134.97|136.94|2993296.0|41176.74|134.97
002518.SZ|49.95|53.6|49.8|53.6|29223044.0|151250.78|48.73
603516.SH|227.0|245.0|226.95|237.98|15370233.0|367398.09|226.93
603067.SH|33.51|34.5|31.3|33.2|121477808.0|397446.94|33.1
600550.SH|10.98|11.65|10.55|11.04|367756416.0|409208.44|10.9
