603986.SH|158.25|162.75|152.13|157.05|83619760.0|1317213.13|150.13
603256.SH|44.43|44.47|39.96|41.62|48007800.0|202667.92|40.43
002080.SZ|35.77|38.39|35.77|37.72|70138872.0|265337.13|34.86
603019.SH|90.66|90.66|90.66|90.66|17488452.0|159337.28|82.38
000617.SZ|12.05|12.79|11.66|12.65|630349376.0|781639.81|11.86
601208.SH|19.38|19.6|18.37|18.75|78215760.0|148273.33|19.0
600601.SH|8.21|8.3|7.89|8.04|530613888.0|426040.25|7.89
601788.SH|20.89|21.54|20.35|20.52|217037024.0|453860.31|20.67
601059.SH|20.61|21.6|19.7|19.9|194044128.0|400682.88|19.63
002378.SZ|12.88|13.26|12.69|13.26|51648800.0|68527.33|12.04
600246.SH|12.77|12.77|12.77|12.77|6587010.0|8411.61|11.61
600637.SH|9.42|9.52|8.78|8.83|251625952.0|232864.53|9.19
000877.SZ|6.72|7.24|6.66|7.24|188715200.0|132335.38|6.58
002290.SZ|34.1|35.97|34.1|35.12|26611672.0|94211.81|32.68
002402.SZ|38.83|39.55|38.3|39.55|71066504.0|280849.72|35.94
