601728.SH|8.24|8.25|7.93|8.0|381932256.0|323769.0|8.24
002281.SZ|57.09|59.12|56.52|57.26|76708496.0|444238.94|57.33
600050.SH|6.65|6.7|6.37|6.5|1657251072.0|1122741.75|6.59
001309.SZ|100.73|104.49|99.71|104.49|12085553.0|176775.83|94.94
002837.SZ|28.44|30.83|28.26|29.76|51695872.0|261706.42|28.01
000938.SZ|32.89|33.86|32.41|32.86|245306032.0|814077.94|32.28
600869.SH|4.79|4.86|4.7|4.77|88349824.0|42230.8|4.85
603296.SH|72.43|74.2|69.64|69.99|19307568.0|198417.2|70.58
601126.SH|16.52|16.52|15.97|16.08|50396308.0|88706.82|16.37
605376.SH|41.74|42.45|40.05|40.96|15360415.0|63468.93|42.6
002126.SZ|32.47|33.04|31.05|32.76|93891224.0|306552.28|30.01
000811.SZ|11.42|11.42|10.67|10.69|69452256.0|100919.8|11.45
600845.SH|36.22|37.89|35.87|36.54|64725456.0|242128.45|36.22
603618.SH|6.74|6.74|6.3|6.45|64889560.0|42293.12|6.79
002261.SZ|42.15|44.1|40.26|41.52|390668192.0|1654496.75|41.76
000967.SZ|6.42|7.25|6.05|6.76|230907312.0|157824.69|6.56
002364.SZ|18.56|20.25|18.49|19.17|139876704.0|269740.41|18.48
002939.SZ|8.71|8.83|8.26|8.36|186777968.0|161715.22|8.52
002518.SZ|28.78|29.66|27.98|28.67|49168328.0|145542.19|28.58
000887.SZ|20.17|21.39|19.85|20.57|170749568.0|357556.19|19.41
000032.SZ|28.32|31.18|26.98|31.18|137464064.0|412258.19|28.33
603728.SH|89.95|90.69|84.14|84.63|22560608.0|195462.69|90.69
002653.SZ|33.38|33.38|31.79|32.15|13056847.0|43107.98|32.38
002335.SZ|32.7|35.54|32.7|35.54|69245416.0|354062.34|32.28
600100.SH|9.15|9.44|9.01|9.44|224266608.0|210215.8|8.58
600126.SH|12.35|12.5|11.04|11.05|637380608.0|737685.25|12.27
603881.SH|29.09|30.76|28.55|29.43|169361104.0|730294.25|27.96
603950.SH|29.16|29.22|25.18|27.35|19504864.0|53708.52|26.54
