002916.SZ|216.92|223.56|213.8|221.07|16309619.0|357322.97|213.08
001309.SZ|229.59|238.61|219.79|238.61|22206876.0|506273.63|216.92
600118.SH|39.5|41.6|39.1|40.4|125159848.0|503538.34|39.12
601231.SH|25.32|26.2|24.98|26.2|89444752.0|229785.31|23.82
000636.SZ|17.41|17.5|16.98|17.23|104709304.0|179986.89|17.41
600601.SH|12.46|12.55|11.65|11.99|570333696.0|687089.06|11.72
600021.SH|26.3|28.32|26.3|27.57|191035088.0|523943.88|25.92
603179.SH|76.0|79.83|74.9|75.15|29818544.0|228193.2|73.59
001267.SZ|20.58|21.57|19.7|21.57|90416152.0|187145.86|19.61
002046.SZ|30.6|30.73|29.65|29.83|45822892.0|137885.92|30.16
001389.SZ|79.88|81.98|79.27|81.79|13757156.0|110914.0|78.41
603160.SH|84.88|86.84|83.29|86.6|27995548.0|238361.86|84.17
002497.SZ|18.27|18.75|17.67|18.13|101934880.0|183900.44|17.88
