600183.SH|73.0|73.0|68.98|70.68|52615948.0|371121.84|72.6
600105.SH|23.77|24.97|23.26|23.53|241915008.0|579058.88|23.34
600118.SH|67.55|72.73|67.0|72.73|145425472.0|1024148.69|66.12
601231.SH|30.55|31.24|29.3|30.6|65990804.0|200034.72|30.55
002851.SZ|93.35|95.79|91.24|92.47|29917536.0|278801.03|94.29
002429.SZ|7.5|7.57|7.33|7.49|194440688.0|144920.55|7.43
600330.SH|13.05|13.1|12.27|12.5|200500160.0|251870.8|13.04
002046.SZ|47.0|47.33|43.65|44.55|59013448.0|265759.44|44.91
002364.SZ|27.54|27.54|26.5|27.01|62756208.0|169194.02|27.67
605090.SH|41.9|42.37|40.6|40.74|58286280.0|240969.27|40.37
