601688.SH|21.73|22.05|21.26|21.77|267675136.0|579386.75|21.77
000776.SZ|22.95|23.06|22.2|22.28|167098992.0|377790.22|22.95
002600.SZ|16.58|16.85|16.1|16.31|640697152.0|1054470.75|16.18
002709.SZ|37.0|40.1|36.48|38.17|205340688.0|774519.0|37.59
000426.SZ|33.0|33.85|32.62|32.89|87884008.0|291040.34|31.26
605376.SH|65.44|65.44|64.05|65.44|19137296.0|125009.59|59.49
000559.SZ|13.3|14.1|12.64|12.66|461028352.0|608556.06|12.98
002850.SZ|194.99|198.0|191.88|195.7|7958755.0|155204.88|189.06
002407.SZ|19.66|21.28|19.53|20.5|259459856.0|532731.25|19.4
000981.SZ|4.01|4.24|3.96|4.24|1506758912.0|629306.38|3.85
000629.SZ|3.08|3.1|3.01|3.07|369788320.0|113127.28|3.08
603026.SH|48.0|51.8|47.97|51.8|19224068.0|97875.44|47.09
