601698.SH|28.31|30.59|27.27|30.0|299923584.0|874655.56|28.31
001309.SZ|239.2|253.8|239.0|240.76|23426452.0|576604.75|239.0
600362.SH|50.41|51.5|48.88|48.99|136093872.0|683135.88|48.31
600105.SH|25.98|26.8|24.88|26.14|233860864.0|607955.63|25.88
600118.SH|81.0|88.0|75.96|88.0|158889696.0|1335594.75|80.0
600021.SH|22.0|22.19|20.52|20.76|178209216.0|374584.41|21.86
000688.SZ|29.05|29.05|26.23|26.32|39994984.0|109376.16|29.13
600330.SH|13.76|13.93|13.0|13.17|254699056.0|340221.75|13.75
000547.SZ|29.8|30.98|29.5|30.98|338217600.0|1029885.75|28.16
002756.SZ|56.11|56.99|52.8|53.05|25548540.0|139417.58|55.51
