002384.SZ|63.84|66.89|63.1|66.02|116991296.0|762644.75|60.94
002916.SZ|190.01|200.0|185.11|198.0|14791512.0|285248.78|186.45
603256.SH|47.13|47.6|41.74|42.29|44532232.0|193871.28|44.89
601869.SH|91.25|91.25|88.01|91.25|18848268.0|171622.56|82.95
002600.SZ|16.26|16.26|15.26|15.54|642070400.0|1003669.69|16.26
002837.SZ|82.0|85.0|79.6|80.0|121304568.0|992287.31|79.04
603893.SH|236.8|246.65|228.1|246.3|25146932.0|598752.06|237.16
002636.SZ|15.09|15.38|14.2|14.23|87768936.0|129127.72|14.6
601208.SH|19.3|20.3|18.9|19.88|110664624.0|215934.27|19.4
000831.SZ|55.69|58.32|55.67|58.32|90681104.0|520074.03|53.02
601877.SH|28.05|28.15|27.15|27.41|64973464.0|179223.97|27.86
600895.SH|40.54|41.4|37.68|37.99|182930432.0|718191.75|38.67
002195.SZ|8.3|8.68|8.15|8.55|1622663680.0|1368459.0|8.05
600246.SH|14.21|14.3|12.17|12.17|499815200.0|644032.88|13.52
603290.SH|108.4|114.5|108.05|109.16|24597606.0|271815.31|108.04
000981.SZ|2.25|2.28|2.18|2.19|1255709568.0|278623.28|2.32
002423.SZ|14.61|15.3|14.2|14.29|207918240.0|304605.81|14.23
