600183.SH|64.05|69.73|64.0|67.39|73538888.0|490833.22|64.35
603986.SH|236.5|254.44|234.58|246.95|52729640.0|1290996.0|243.19
600549.SH|35.0|36.21|34.71|35.15|167461616.0|596032.94|34.53
001309.SZ|224.5|233.89|222.21|231.11|18492394.0|423074.06|238.61
601231.SH|26.1|26.78|25.38|25.86|69376144.0|179582.41|26.2
603228.SH|71.57|77.19|71.43|77.19|62291568.0|466292.88|70.17
002595.SZ|65.0|68.88|64.98|68.04|15578863.0|105160.54|63.87
603699.SH|50.55|52.59|50.49|52.1|16992264.0|87629.25|48.95
001267.SZ|22.36|22.69|21.25|21.88|87286896.0|190781.08|21.57
000962.SZ|32.8|35.09|32.58|34.5|60642664.0|209646.88|31.9
000969.SZ|22.58|22.98|22.3|22.98|100404128.0|229153.38|20.89
601608.SH|7.5|8.14|7.35|7.75|376352544.0|289733.59|7.57
001287.SZ|28.31|29.11|26.83|27.15|142256848.0|398949.5|26.46
002545.SZ|16.63|17.16|16.33|16.87|59917488.0|101180.31|15.73
