002080.SZ|28.89|29.89|27.6|28.47|80761136.0|231723.31|28.44
601868.SH|2.81|2.81|2.81|2.81|285109920.0|80115.88|2.55
601179.SH|7.31|7.66|6.97|7.47|461542624.0|334625.19|6.97
600875.SH|21.58|21.58|21.58|21.58|6467192.0|13956.2|19.62
600585.SH|25.73|27.17|25.72|27.17|270617280.0|715320.94|24.7
601669.SH|6.15|6.15|6.15|6.15|124364552.0|76484.2|5.59
600580.SH|23.7|24.94|23.0|24.11|309210176.0|730613.75|23.11
600392.SH|18.7|20.5|18.55|19.26|326113888.0|627970.69|18.73
600143.SH|12.84|12.84|12.06|12.3|320210048.0|396644.91|12.01
603516.SH|50.35|52.78|49.61|50.0|20603748.0|104523.09|49.83
000877.SZ|6.06|6.06|5.91|6.06|65036208.0|39330.66|5.51
601399.SH|3.58|3.72|3.43|3.72|486974080.0|173723.95|3.38
600801.SH|15.85|15.85|15.85|15.85|5028697.0|7970.48|14.41
002266.SZ|3.97|4.06|3.68|4.06|370664928.0|143106.66|3.69
002497.SZ|14.53|14.53|14.01|14.53|189766896.0|272470.66|13.21
000400.SZ|23.99|25.56|23.32|24.81|134827920.0|326238.41|23.91
000683.SZ|5.47|5.71|5.38|5.7|199466784.0|110553.74|5.47
