601138.SH|53.66|56.63|51.97|55.29|269519200.0|1479314.13|53.5
600176.SH|15.94|16.36|15.24|15.94|289095936.0|464948.53|15.25
601869.SH|92.5|95.8|88.13|91.98|35722976.0|327264.88|91.25
600673.SH|22.88|24.72|22.8|24.19|149080192.0|357457.22|22.47
002156.SZ|35.36|35.92|33.5|34.8|327152960.0|1132389.25|33.01
002484.SZ|35.1|36.38|35.1|36.38|55344532.0|201666.23|33.05
002436.SZ|20.98|22.19|20.71|21.75|261519744.0|559774.19|20.97
000831.SZ|58.96|60.42|56.1|59.09|174156944.0|1019583.38|58.29
603659.SH|22.65|24.07|22.45|23.61|133294328.0|313569.66|22.19
002074.SZ|38.49|40.12|38.3|40.12|161297744.0|633850.75|36.47
600711.SH|8.85|9.33|8.68|9.09|336125728.0|306561.56|8.56
600259.SH|74.85|75.11|69.21|69.55|39272896.0|280608.59|72.36
601717.SH|19.25|20.73|19.2|20.46|95856672.0|205053.06|19.2
601606.SH|71.0|75.4|64.8|70.7|108908384.0|772059.38|69.17
600521.SH|24.15|26.49|23.91|26.49|108536032.0|279869.34|24.07
