603256.SH|36.93|36.98|35.23|35.75|30101706.0|108093.11|36.08
001309.SZ|222.6|233.1|218.15|222.3|22548100.0|511025.06|222.02
601231.SH|23.73|25.82|23.54|24.59|65254124.0|164598.05|24.34
603228.SH|68.55|71.67|68.24|70.58|58527840.0|413534.81|67.79
003031.SZ|64.87|64.87|64.87|64.87|2898853.0|18932.41|58.93
002222.SZ|59.8|62.76|59.8|60.79|62043408.0|380927.09|57.57
001203.SZ|27.6|27.65|26.51|26.56|40809336.0|110521.51|27.72
000811.SZ|16.12|17.72|16.1|17.12|152098032.0|262848.94|16.1
001267.SZ|20.03|21.24|19.94|20.74|75899288.0|158243.17|20.24
601933.SH|4.38|4.75|4.17|4.75|917030144.0|415605.94|4.32
002149.SZ|24.73|24.73|23.02|23.77|179777616.0|436510.25|22.47
603667.SH|53.78|57.45|53.35|53.4|69474520.0|381988.69|53.85
601106.SH|3.85|3.87|3.54|3.58|397995392.0|144865.42|3.76
