002080.SZ|35.38|35.99|34.06|34.16|55189000.0|192650.02|35.31
600105.SH|14.9|15.28|14.64|14.64|178812080.0|265953.34|15.3
002837.SZ|72.87|73.33|69.79|70.17|62536360.0|443197.69|73.71
002709.SZ|48.99|49.78|46.58|46.61|231478256.0|1112075.88|47.2
000426.SZ|32.61|33.38|31.88|32.03|93216304.0|304574.0|33.5
002812.SZ|61.72|64.2|60.48|60.9|91864896.0|570442.75|61.72
000688.SZ|25.0|26.57|24.53|25.22|58941712.0|150843.64|24.39
001203.SZ|26.0|28.08|26.0|28.08|30818632.0|84199.09|25.53
002407.SZ|37.53|39.89|36.51|38.29|259190416.0|987007.06|37.7
002240.SZ|30.96|33.82|30.33|32.66|116442040.0|374497.81|31.02
600711.SH|12.16|12.87|12.16|12.48|349830976.0|440444.06|12.21
003022.SZ|23.0|23.56|21.66|21.66|67288176.0|153708.98|22.32
600246.SH|12.0|12.8|12.0|12.39|164192224.0|205302.38|11.97
002756.SZ|53.72|55.5|51.7|51.7|27004768.0|142481.63|53.99
002497.SZ|22.0|23.22|21.4|22.71|115207272.0|255765.56|22.08
603881.SH|33.15|35.5|32.9|33.26|97763304.0|333196.84|33.15
002192.SZ|54.08|56.69|53.14|53.95|38944296.0|212922.72|52.91
603026.SH|98.69|100.52|96.0|100.52|13784857.0|136685.09|91.38
