600089.SH|16.04|16.2|15.59|15.77|328063840.0|521673.78|16.15
002222.SZ|48.3|49.2|45.3|45.88|50348680.0|238761.19|46.4
000559.SZ|11.09|11.52|10.82|11.52|440273280.0|500430.59|10.47
600143.SH|22.64|24.08|21.81|24.08|575861696.0|1349498.0|21.89
002126.SZ|44.0|46.98|42.39|44.0|97991456.0|433063.88|43.9
603618.SH|8.94|9.19|8.28|9.19|146845920.0|127105.89|8.35
001267.SZ|18.25|18.7|17.52|17.75|64642840.0|116490.23|18.22
600699.SH|36.88|36.88|36.88|36.88|13194831.0|48662.54|33.53
002245.SZ|20.0|21.28|19.53|20.43|294494464.0|594180.75|19.51
000981.SZ|4.0|4.07|3.87|4.07|1688482944.0|680733.19|3.7
000737.SZ|14.52|15.2|14.23|14.45|256289808.0|372940.47|15.25
600114.SH|35.0|36.83|34.5|34.87|72516008.0|258499.86|33.5
600170.SH|3.54|3.88|3.53|3.88|2294855168.0|864418.5|3.53
002423.SZ|14.79|14.89|13.73|13.9|171899536.0|243805.52|14.6
