601100.SH|70.42|70.54|67.39|68.99|31768018.0|224422.41|67.69
600498.SH|26.43|27.31|24.35|24.66|193822544.0|503343.06|24.99
002436.SZ|12.8|13.05|12.49|12.75|227592800.0|292071.81|12.55
002261.SZ|34.5|35.88|31.5|31.78|521618880.0|1747552.88|33.21
000032.SZ|25.79|26.23|24.49|25.2|166514576.0|433172.38|23.83
002335.SZ|28.53|28.53|28.53|28.53|4292780.0|18016.8|25.9
600126.SH|11.51|12.25|10.68|12.25|648521408.0|770349.63|11.14
603881.SH|25.97|25.97|25.97|25.97|23236660.0|87160.71|23.6
000034.SZ|41.35|41.35|38.16|38.49|161954080.0|920430.88|37.57
002044.SZ|7.13|7.13|7.13|7.13|43477564.0|31086.46|6.48
