002837.SZ|25.85|26.25|24.78|25.11|32706672.0|142490.73|25.85
603629.SH|19.24|20.56|17.81|19.31|56634656.0|154517.3|18.66
601777.SH|8.81|8.81|7.88|7.88|181071072.0|146281.05|8.75
000967.SZ|5.08|5.51|5.08|5.51|213013808.0|123161.59|4.98
603516.SH|55.75|56.83|53.45|53.69|12751083.0|70692.33|55.32
002335.SZ|29.92|30.6|27.21|27.92|94284472.0|404704.94|28.53
600126.SH|11.03|11.38|11.03|11.03|141424800.0|156225.44|12.25
603881.SH|24.78|25.26|23.37|23.37|140417600.0|486474.91|25.97
002044.SZ|7.45|7.77|6.77|7.07|817493568.0|591939.44|7.13
002065.SZ|11.24|11.24|11.24|11.24|22583652.0|25609.86|10.21
