603228.SH|41.24|42.45|40.15|41.79|55321464.0|231519.31|41.29
003031.SZ|54.69|58.09|54.09|55.19|18613848.0|104355.99|52.77
002558.SZ|23.47|23.86|22.59|22.71|68656800.0|161324.0|23.21
002015.SZ|14.8|14.8|12.91|14.06|285630432.0|402711.34|13.73
000519.SZ|22.6|23.99|22.12|22.7|256804976.0|585928.5|21.89
600562.SH|31.75|32.24|30.94|31.43|36648340.0|116532.48|31.24
002517.SZ|19.4|20.21|19.22|19.88|112443160.0|224076.56|19.21
603444.SH|288.39|305.4|283.4|300.88|3174840.0|100170.05|282.35
603127.SH|21.27|22.73|21.2|22.27|58202680.0|127609.79|21.0
601606.SH|30.38|31.96|28.1|31.96|153524208.0|469366.53|29.05
