002371.SZ|788.0|809.0|751.0|764.0|22327096.0|1750238.63|744.6
600183.SH|135.67|140.19|124.06|126.0|82385680.0|1095224.0|135.67
603986.SH|479.94|501.26|460.0|470.0|75906056.0|3682604.25|475.53
603256.SH|159.12|169.5|154.0|155.06|17391712.0|283015.84|158.68
600584.SH|84.0|89.88|82.66|85.78|257780880.0|2245466.5|84.69
002008.SZ|104.45|109.88|104.04|104.93|61407876.0|656078.56|100.89
002156.SZ|71.71|76.23|70.88|74.9|247883776.0|1863601.0|69.3
002484.SZ|72.55|76.43|69.45|71.01|51634776.0|377981.53|72.55
002851.SZ|138.77|144.44|130.2|131.74|36553472.0|505822.5|135.22
000938.SZ|43.09|45.61|42.74|44.9|537821632.0|2415233.75|41.46
000426.SZ|30.6|32.58|30.59|31.73|112602472.0|361917.13|29.62
600460.SH|32.87|35.16|32.86|33.19|151827568.0|514772.06|32.87
000021.SZ|39.43|42.48|39.43|40.22|220930336.0|909071.13|38.65
605376.SH|148.76|158.86|143.1|145.02|16285538.0|246462.83|147.93
003031.SZ|109.99|113.34|107.38|108.56|13204527.0|146013.84|110.0
002203.SZ|18.55|19.77|18.34|18.38|52812188.0|100373.78|18.33
002138.SZ|43.97|45.71|42.86|43.84|70849512.0|316064.5|41.89
600988.SH|36.82|39.03|36.59|38.22|108472160.0|415997.56|35.48
002273.SZ|27.56|28.47|26.73|26.95|67096592.0|184132.23|27.56
002409.SZ|146.42|157.91|146.4|149.86|49218204.0|749191.0|143.55
603929.SH|169.0|177.98|166.0|168.0|8950065.0|154019.02|169.59
603629.SH|114.0|118.34|112.8|118.34|12825794.0|149726.97|107.58
600667.SH|16.62|17.77|16.49|16.69|362666272.0|622468.94|16.69
600330.SH|19.04|20.1|18.96|19.15|115708832.0|226130.81|19.13
603663.SH|42.9|44.75|41.34|42.06|27379344.0|118151.34|42.0
603773.SH|84.9|88.28|82.38|83.48|21733176.0|185998.14|84.65
603306.SH|71.0|73.2|69.08|70.17|14756594.0|104826.48|70.65
600206.SH|39.45|42.48|39.0|40.64|119545320.0|491691.53|39.46
002432.SZ|83.31|85.06|79.2|81.64|82313752.0|677089.06|79.75
002245.SZ|17.0|17.9|16.88|16.9|107944472.0|187555.27|17.23
603678.SH|46.6|48.38|43.88|43.99|27297200.0|125582.59|46.76
600641.SH|31.0|33.15|30.86|31.31|74004976.0|237518.69|31.83
605111.SH|54.89|59.2|54.87|56.1|36465312.0|209976.98|53.85
001389.SZ|174.32|178.88|166.2|166.8|9954010.0|171628.08|174.31
603061.SH|322.0|335.5|307.7|314.37|7622246.0|246738.02|311.39
603005.SH|31.1|33.18|31.1|31.71|81807088.0|262903.47|31.05
603516.SH|90.52|94.67|89.21|90.85|10518674.0|97270.41|91.09
600884.SH|12.3|12.84|12.21|12.53|89861784.0|112436.23|12.45
600552.SH|16.15|17.25|16.11|16.28|112379824.0|187906.05|16.07
603950.SH|61.62|62.5|59.67|60.43|7927821.0|48271.76|62.81
002913.SZ|43.44|45.5|42.71|43.9|11351646.0|50135.44|42.59
