603256.SH|207.93|207.93|194.85|202.08|21982188.0|444144.13|197.84
600176.SH|43.48|43.98|42.01|42.1|167578464.0|717706.88|43.48
000063.SZ|38.5|38.78|36.44|36.72|269924704.0|1012941.44|38.3
601958.SH|26.5|26.5|24.17|24.17|128572528.0|319012.88|26.85
002484.SZ|81.48|81.48|76.05|77.85|106930704.0|846962.25|74.07
000636.SZ|51.82|53.5|49.55|53.03|229543392.0|1188623.0|48.64
002636.SZ|55.0|56.8|53.02|53.51|70616816.0|386943.91|53.5
002428.SZ|95.1|97.0|89.05|91.18|127487824.0|1188619.0|89.85
605376.SH|185.62|189.01|176.0|178.33|18889324.0|342604.44|182.45
600726.SH|9.75|10.13|9.75|10.13|168755280.0|169474.61|9.21
002203.SZ|21.1|21.55|20.15|20.51|79089384.0|164816.75|20.97
002056.SZ|26.22|26.25|24.35|24.61|100842736.0|258273.23|26.37
600330.SH|34.0|34.82|32.12|32.73|208707104.0|701850.44|34.33
002859.SZ|71.55|75.66|68.61|69.2|31960828.0|227926.97|69.82
600206.SH|30.9|31.5|28.16|28.4|101657488.0|300407.44|30.84
600246.SH|17.47|17.7|16.01|16.17|232388576.0|387773.97|16.81
