002475.SZ|51.71|51.71|49.96|50.19|220019408.0|1116429.88|50.97
601869.SH|258.44|276.5|254.07|268.88|21681184.0|574358.38|256.64
600726.SH|6.21|6.77|5.82|6.77|596717120.0|376028.94|6.15
603629.SH|44.96|48.51|44.74|46.91|40379688.0|268062.78|44.51
603179.SH|48.12|48.34|45.51|45.94|17919084.0|117651.8|46.93
002491.SZ|11.61|11.93|10.84|10.86|246946304.0|281674.78|11.4
603618.SH|22.01|23.41|21.15|22.07|116813728.0|259928.91|22.8
600396.SH|8.96|9.17|8.4|8.88|345097344.0|309044.97|8.34
601016.SH|5.4|5.73|5.01|5.31|1481025920.0|792433.56|5.4
002192.SZ|66.84|70.69|65.4|70.69|40667152.0|283952.31|64.24
601606.SH|42.9|44.36|41.24|41.34|50574524.0|215054.95|43.27
