603256.SH|52.0|56.23|51.0|51.19|35929000.0|189496.17|52.03
002080.SZ|43.98|44.88|41.97|42.22|87473368.0|379302.03|42.93
601600.SH|15.01|15.85|14.24|15.7|1067686208.0|1612093.5|14.6
600489.SH|39.99|41.48|37.82|41.0|269866880.0|1083377.75|37.71
000630.SZ|8.92|9.19|8.23|9.19|1596332928.0|1414007.75|8.35
000807.SZ|37.0|38.23|35.01|37.0|142148976.0|522420.13|36.33
600869.SH|13.3|13.3|11.94|12.18|176481904.0|220692.3|12.67
600219.SH|8.09|8.45|7.65|8.16|869595392.0|703475.69|7.85
600988.SH|50.0|51.5|45.6|48.0|190254032.0|929881.31|46.86
002532.SZ|20.73|21.88|19.4|20.5|123002208.0|253277.48|20.72
601212.SH|15.19|15.19|14.02|15.19|634001088.0|940585.38|13.81
002155.SZ|33.64|33.64|33.64|33.64|4389873.0|14767.53|30.58
000878.SZ|27.58|29.47|26.01|29.47|272309952.0|765010.25|26.79
600352.SH|14.8|15.6|14.61|15.47|206579904.0|313781.56|14.75
000060.SZ|9.0|9.22|8.15|8.55|587695872.0|511496.84|8.58
601799.SH|133.77|143.88|133.0|142.1|18282616.0|255850.78|131.67
000962.SZ|44.0|44.08|39.82|40.66|41455256.0|172695.27|43.02
600871.SH|3.23|3.23|2.95|3.23|898043008.0|279970.66|2.94
000737.SZ|19.58|20.57|18.3|20.57|276016480.0|537532.75|18.7
601069.SH|48.69|48.69|46.2|48.69|67796624.0|325598.06|44.26
600961.SH|26.0|27.48|24.46|25.48|62777788.0|161249.66|25.16
002716.SZ|21.0|21.3|17.91|21.15|581833408.0|1187570.63|19.4
600170.SH|3.18|3.26|3.07|3.09|937882240.0|294679.16|3.18
603077.SH|2.81|2.92|2.67|2.67|875304064.0|240991.33|2.82
