600183.SH|154.01|160.3|151.5|152.43|94258352.0|1465135.25|147.9
002384.SZ|261.0|280.08|255.88|262.49|139133536.0|3725784.75|260.37
002463.SZ|140.98|142.89|137.15|137.23|85963064.0|1206586.38|137.13
002484.SZ|91.02|93.68|86.93|87.86|59353136.0|538474.06|86.19
000636.SZ|59.41|59.5|53.47|54.5|109111360.0|611624.88|59.41
002636.SZ|102.2|104.98|94.42|94.79|66285652.0|652982.81|95.68
002128.SZ|26.5|27.14|26.13|26.51|26248536.0|69873.47|26.08
600497.SH|9.94|10.08|9.42|9.44|199850112.0|193213.22|9.79
002532.SZ|12.26|12.9|12.16|12.75|245736704.0|307968.5|12.25
000703.SZ|14.55|15.22|14.42|14.48|100056792.0|148049.78|14.54
603806.SH|15.62|15.9|14.73|14.75|72759584.0|110524.62|14.91
603186.SH|183.6|186.5|170.16|173.03|19588452.0|346858.63|177.01
002432.SZ|66.99|66.99|66.99|66.99|3255950.0|21811.61|60.9
002245.SZ|20.92|21.45|20.49|20.54|139795472.0|293120.0|20.89
001389.SZ|197.0|204.61|193.27|196.5|19378846.0|387649.88|186.01
603516.SH|117.36|117.36|98.14|98.14|11209188.0|116387.11|109.04
603730.SH|11.36|11.47|11.01|11.01|28564872.0|31851.38|11.41
002536.SZ|55.13|58.79|54.0|55.9|55731712.0|314364.47|54.07
600595.SH|6.35|6.62|6.27|6.46|175664944.0|113621.93|6.36
603077.SH|2.33|2.39|2.29|2.32|312822944.0|73405.98|2.29
