000636.SZ|48.67|52.26|46.38|50.5|267362256.0|1315727.0|47.51
600236.SH|11.05|11.37|10.51|10.7|54586104.0|59510.48|10.92
600578.SH|6.01|6.18|5.71|5.77|226003888.0|134358.69|5.95
002558.SZ|28.15|29.65|27.52|27.68|177111984.0|502569.13|26.98
002945.SZ|14.45|15.39|14.37|14.7|48873656.0|72576.09|14.37
600733.SH|5.8|6.31|5.7|5.96|330705088.0|199859.53|5.74
600499.SH|16.65|17.1|16.48|16.79|43350108.0|72745.47|16.65
002517.SZ|17.24|17.54|16.5|16.5|149663088.0|254879.95|16.69
002498.SZ|7.0|7.32|6.83|6.96|260140384.0|183283.44|7.19
603833.SH|35.33|35.94|34.51|35.41|8226020.0|29133.01|35.33
