600893.SH|50.41|51.11|48.96|49.63|77766816.0|387190.94|50.52
002185.SZ|15.08|15.78|15.03|15.18|680788288.0|1042691.69|14.64
003031.SZ|85.21|88.06|80.25|81.34|19670326.0|163265.98|84.35
603929.SH|157.35|159.35|147.98|156.7|10141547.0|156912.44|147.95
601212.SH|12.57|13.81|12.57|13.81|401557216.0|540866.19|12.55
002155.SZ|30.28|30.28|30.28|30.28|3540346.0|10826.38|27.5
603663.SH|42.3|44.74|42.01|44.3|34119476.0|147890.34|41.47
001267.SZ|28.6|29.79|27.92|28.05|66112208.0|189639.19|28.03
603061.SH|201.75|208.7|192.84|206.29|3979402.0|116543.23|192.43
000738.SZ|26.23|26.73|25.52|25.71|74010920.0|192417.23|26.25
