600160.SH|36.82|38.12|36.03|37.85|126435856.0|474270.97|35.94
600188.SH|24.17|25.68|22.97|23.54|106312376.0|258344.75|23.66
600011.SH|8.99|8.99|8.49|8.69|532969216.0|488021.88|9.36
603296.SH|86.06|89.64|81.91|88.14|54523528.0|668561.69|82.74
601699.SH|17.45|18.61|17.21|17.61|101199656.0|181794.06|17.41
600588.SH|11.5|11.54|11.09|11.28|90766104.0|102214.95|11.41
601001.SH|20.23|21.67|19.67|20.1|75685568.0|160268.7|19.65
002608.SZ|9.96|10.69|9.59|10.29|220476032.0|225880.31|9.99
600737.SH|13.66|13.99|13.47|13.81|46301628.0|65307.48|13.85
600546.SH|14.55|15.38|13.88|14.07|79104616.0|116446.14|14.92
601918.SH|11.31|12.16|10.56|10.97|198678480.0|220109.98|11.28
