600487.SH|35.45|36.89|33.53|34.58|277225312.0|980537.44|34.74
601869.SH|151.0|164.03|151.0|158.99|28567200.0|453112.31|149.12
601231.SH|32.57|33.23|30.75|32.06|63108908.0|204549.52|33.45
601208.SH|29.0|29.2|26.5|26.5|72327752.0|199523.73|28.42
603629.SH|29.01|29.12|26.89|29.12|60063544.0|239653.45|26.45
600667.SH|10.75|10.8|10.04|10.04|178760512.0|184305.34|11.16
002155.SZ|33.0|35.2|33.0|33.0|227344208.0|771550.0|36.7
600330.SH|13.8|14.8|13.5|14.0|223823024.0|316830.38|13.56
002491.SZ|8.42|8.64|8.24|8.64|214267456.0|183506.31|7.85
603618.SH|9.94|9.94|9.94|9.94|11955954.0|11884.22|9.04
