600673.SH|28.36|30.15|28.01|29.23|52577332.0|153359.7|28.36
002851.SZ|106.5|106.8|97.74|98.86|33572160.0|341038.16|106.45
600580.SH|32.48|34.53|32.0|34.51|106692248.0|358948.59|31.69
603629.SH|101.65|104.62|92.18|93.1|48104516.0|472743.78|96.01
600667.SH|16.73|17.21|16.11|16.28|366900896.0|607628.0|17.23
001267.SZ|29.55|30.07|29.0|29.15|35058304.0|103095.63|29.82
000967.SZ|8.23|8.64|8.12|8.64|85417544.0|72475.99|7.85
002432.SZ|66.71|68.56|64.48|64.65|39006460.0|257464.42|68.46
600588.SH|11.39|11.82|11.1|11.2|242109792.0|275561.31|11.08
002131.SZ|5.0|5.13|4.75|5.13|1405271168.0|700101.25|4.66
002015.SZ|15.49|15.83|15.2|15.66|103908648.0|161558.39|15.08
000032.SZ|13.6|13.85|13.06|13.12|61117944.0|80916.66|13.54
603115.SH|67.87|68.89|63.5|64.12|9023915.0|59021.82|69.25
603067.SH|30.82|32.26|30.62|31.1|34002540.0|106424.83|31.14
002552.SZ|34.99|35.03|32.17|32.51|24676502.0|81459.34|35.05
002957.SZ|33.33|33.54|31.56|31.79|21044268.0|67800.96|33.83
603738.SH|30.13|30.98|28.65|28.92|41530720.0|122332.09|29.92
605198.SH|55.37|56.2|53.33|54.51|4660300.0|25451.58|56.96
003036.SZ|44.45|44.45|40.55|40.91|11696464.0|48336.64|45.05
605289.SH|86.0|88.02|80.81|81.9|6527695.0|54831.87|85.75
603337.SH|47.0|47.42|44.6|46.31|16969552.0|79056.17|43.11
