605117.SH|89.55|92.21|88.28|88.45|26787164.0|241101.7|88.51
002353.SZ|148.0|148.0|136.34|137.29|42949052.0|606550.5|135.11
601179.SH|14.01|14.48|13.53|13.55|369107200.0|514772.78|13.65
601061.SH|11.49|11.49|10.75|10.76|36501012.0|40064.47|11.66
600219.SH|4.7|4.72|4.45|4.46|407655872.0|185610.25|4.79
000688.SZ|28.6|29.16|27.42|27.74|31673556.0|89135.37|29.24
002240.SZ|29.82|30.23|28.31|28.46|65655292.0|191024.63|30.42
002498.SZ|6.5|6.5|6.25|6.5|74888648.0|48476.5|5.91
600396.SH|15.92|16.41|14.77|14.77|291485664.0|450895.09|16.41
000155.SZ|12.14|12.43|11.62|11.66|75247984.0|89626.2|12.29
603876.SH|20.74|21.37|20.33|20.4|30674142.0|63617.53|21.1
600550.SH|11.8|12.25|11.35|11.35|112131232.0|131289.58|11.65
601606.SH|30.63|32.05|30.03|32.05|30260888.0|95465.62|29.14
603026.SH|62.29|65.49|61.84|62.03|19138116.0|121993.97|62.82
