000858.SZ|110.77|110.78|105.0|105.0|66817120.0|715629.81|110.77
600809.SH|176.91|176.91|170.33|171.01|15579542.0|269364.75|177.42
000568.SZ|123.17|124.79|120.62|120.9|31515526.0|385785.34|124.23
000630.SZ|8.8|9.08|8.27|8.27|979502528.0|836781.25|9.19
002304.SZ|58.8|58.8|55.0|55.32|29614000.0|167804.59|59.82
600392.SH|28.88|28.95|27.03|27.03|173754224.0|477093.69|30.03
601212.SH|13.67|13.67|13.67|13.67|88424400.0|120876.16|15.19
002155.SZ|37.0|37.0|36.0|37.0|364409792.0|1341432.75|33.64
000878.SZ|27.65|29.18|26.52|26.52|170511328.0|464917.97|29.47
000596.SZ|137.2|137.2|132.12|132.12|7960185.0|106993.63|138.58
603369.SH|35.44|35.44|33.5|33.5|20467330.0|69529.85|35.44
600871.SH|3.34|3.55|3.32|3.41|1153000704.0|399923.75|3.23
000737.SZ|20.01|21.5|18.66|19.49|323200736.0|646775.19|20.57
600499.SH|16.44|17.89|16.3|17.69|141450864.0|242869.66|16.26
000029.SZ|22.0|22.77|21.32|22.08|23907380.0|52810.7|21.97
603198.SH|42.21|42.21|40.62|40.63|15836952.0|64934.93|42.63
601118.SH|7.73|8.24|7.25|7.34|286658208.0|219415.38|7.84
601155.SH|17.96|18.35|17.15|17.68|54593436.0|96423.28|17.85
603876.SH|17.23|17.73|16.5|17.09|86006984.0|147107.64|17.23
601069.SH|44.82|50.5|44.28|44.72|100059312.0|470121.72|48.69
