601898.SH|13.8|13.99|13.33|13.79|104809168.0|143507.08|13.79
600188.SH|21.1|21.45|19.98|20.94|86500992.0|178425.55|20.79
601991.SH|6.32|6.81|6.0|6.62|1012262272.0|644810.56|6.38
600938.SH|31.8|31.98|30.76|30.93|105543360.0|329287.84|31.87
600236.SH|11.68|11.79|10.65|11.25|75021760.0|83464.41|11.68
600726.SH|6.24|6.24|5.3|6.0|389645120.0|225714.25|5.83
600578.SH|5.73|6.25|5.31|6.11|326908896.0|185839.56|5.72
600985.SH|15.55|15.57|14.76|14.88|34491472.0|52135.98|15.62
600863.SH|5.0|5.34|4.8|5.16|412034496.0|208194.13|5.02
000596.SZ|93.58|98.61|92.01|96.0|18438576.0|176006.84|93.83
601001.SH|19.11|19.32|18.23|18.88|27530344.0|51271.2|19.28
600396.SH|12.98|13.99|11.8|13.56|332667904.0|424463.88|12.82
600126.SH|6.3|6.76|6.25|6.74|233771520.0|153435.83|6.23
