601698.SH|53.87|53.87|48.49|48.49|194884528.0|965960.63|53.88
002600.SZ|18.68|18.81|16.8|16.88|600257216.0|1055746.5|18.31
600498.SH|47.1|47.1|39.62|44.32|307959552.0|1391555.25|42.82
600118.SH|121.0|127.77|104.99|121.52|195753184.0|2273966.0|116.66
002202.SZ|36.0|37.03|31.62|33.95|896332544.0|3008879.0|35.13
600879.SH|32.23|32.24|28.4|28.4|729710848.0|2124793.5|31.56
601360.SH|13.69|13.89|12.85|13.06|558135488.0|749461.94|13.25
000066.SZ|16.99|17.15|16.09|16.14|267762112.0|443651.84|16.62
002195.SZ|12.5|12.5|11.0|11.99|1933924992.0|2327150.25|11.39
600259.SH|71.85|74.83|70.0|71.75|30425848.0|221420.8|70.49
002465.SZ|24.14|24.14|22.44|24.14|313733792.0|749556.5|21.94
002046.SZ|51.06|53.8|47.93|51.57|77324864.0|391604.75|50.83
600588.SH|16.68|17.62|16.52|17.28|404571968.0|705998.94|16.02
601611.SH|20.09|20.1|17.95|17.95|231509200.0|427954.25|19.94
600839.SH|10.49|10.49|9.85|9.9|387364448.0|389936.88|10.38
002131.SZ|9.0|9.0|9.0|9.0|58353540.0|52693.25|8.18
000981.SZ|5.3|5.48|5.0|5.15|2129678976.0|1110476.75|5.13
001896.SZ|6.24|6.61|5.96|6.38|160255664.0|100326.87|6.01
600637.SH|16.12|16.12|14.08|15.39|593526208.0|898711.56|14.65
601615.SH|18.78|19.68|18.78|19.68|112504032.0|220126.16|19.68
000969.SZ|30.28|30.28|27.51|28.09|214357504.0|610760.19|27.51
601106.SH|6.28|6.43|5.48|6.0|897733184.0|544675.94|5.95
000766.SZ|27.89|28.44|27.12|27.15|32932408.0|90688.98|27.87
002044.SZ|7.41|7.41|7.41|7.41|45616064.0|33801.5|6.74
