600183.SH|114.0|117.81|110.35|116.52|79441088.0|910237.06|108.01
002916.SZ|404.02|409.74|387.87|400.0|16196269.0|647278.63|378.27
002463.SZ|121.02|123.82|119.2|122.54|99725432.0|1211695.13|114.07
002938.SZ|114.32|114.32|112.27|114.32|20909952.0|239006.95|103.93
000725.SZ|5.17|5.37|5.06|5.27|4308875776.0|2249886.0|5.16
603256.SH|167.49|175.31|164.5|175.31|20441500.0|347877.25|159.37
000657.SZ|64.8|65.3|62.2|64.21|114812248.0|732085.19|62.38
002080.SZ|73.0|75.62|71.06|74.88|46644424.0|340861.06|71.28
600160.SH|35.84|36.06|35.18|35.26|57022468.0|202362.53|35.84
000636.SZ|41.38|41.38|41.38|41.38|8720405.0|36085.04|37.62
000630.SZ|6.5|6.85|6.45|6.74|686901312.0|462713.75|6.36
603228.SH|87.99|89.7|84.61|86.92|71320528.0|618989.75|82.5
601208.SH|54.0|55.25|52.8|53.74|85985160.0|462700.81|52.45
605376.SH|168.63|168.63|163.67|166.87|27467596.0|459278.84|153.3
600601.SH|13.02|13.35|12.71|13.01|321302816.0|417268.59|12.79
600497.SH|10.3|10.4|9.97|10.07|202917200.0|205385.69|10.16
002273.SZ|40.61|40.7|38.22|40.14|116262704.0|459333.31|40.34
603806.SH|17.98|18.79|17.88|18.51|103670984.0|191066.95|17.52
002859.SZ|63.91|66.06|62.26|64.29|29856772.0|191448.0|60.05
603379.SH|61.74|62.2|60.01|60.61|15334681.0|93477.77|60.53
600563.SH|176.0|176.58|167.35|172.43|15545369.0|265447.28|174.2
603663.SH|53.0|55.54|51.12|55.54|30521880.0|162910.83|50.49
000060.SZ|7.76|7.99|7.54|7.7|346522208.0|267602.84|7.57
002432.SZ|80.8|87.86|80.7|87.86|31020600.0|267497.09|79.87
002046.SZ|56.98|57.74|54.44|56.33|26043468.0|145867.5|54.99
002245.SZ|20.99|21.0|18.89|20.32|214361072.0|429199.38|20.41
000962.SZ|67.17|68.38|63.27|64.77|40591160.0|264785.66|62.25
603115.SH|121.11|122.0|104.68|114.22|17331692.0|195353.77|116.31
600186.SH|12.05|12.93|12.04|12.93|252240976.0|321848.56|11.75
