603256.SH|69.94|73.27|67.6|73.27|17859832.0|127782.48|66.61
600176.SH|26.4|27.83|26.19|27.48|251261024.0|684027.63|25.65
000657.SZ|51.32|56.8|51.3|55.33|111735608.0|614634.69|52.37
002080.SZ|47.8|49.87|46.7|49.87|129663488.0|631680.88|45.34
603629.SH|61.1|62.68|57.57|59.96|50373616.0|301644.31|57.12
002378.SZ|28.38|30.4|28.0|30.4|105311448.0|315553.44|27.64
002340.SZ|9.51|9.76|9.45|9.64|570705280.0|550163.5|9.5
001267.SZ|29.23|30.03|28.65|29.97|71887456.0|211205.92|28.93
000962.SZ|44.93|48.99|44.2|48.99|46715224.0|221450.06|44.54
001896.SZ|8.29|8.29|8.29|8.29|5343497.0|4429.76|7.54
600186.SH|6.63|6.64|6.33|6.53|257625376.0|166944.67|6.63
600583.SH|7.3|7.42|7.16|7.24|175366336.0|127419.97|7.17
