603256.SH|95.0|98.23|94.0|98.0|35280552.0|344404.03|89.3
600176.SH|33.07|33.3|31.94|32.47|173827904.0|565209.56|32.11
002080.SZ|50.53|51.93|49.14|51.7|83214320.0|423401.34|50.14
002436.SZ|24.98|26.0|24.83|25.42|228363488.0|581739.25|25.23
000688.SZ|45.16|45.96|44.2|45.46|28450214.0|128061.94|45.13
001203.SZ|43.2|44.1|41.91|43.98|32003740.0|136807.31|42.67
002240.SZ|46.01|48.57|45.32|48.48|94375680.0|445920.97|44.86
002364.SZ|42.0|42.49|40.67|42.49|86548928.0|363008.5|38.63
600299.SH|15.1|15.25|14.56|15.17|38015380.0|56992.68|15.18
600166.SH|3.6|3.62|3.39|3.48|663384384.0|229539.25|3.67
600396.SH|7.6|8.03|7.52|8.03|187302976.0|148562.56|7.3
603950.SH|55.94|56.7|48.88|54.4|30586252.0|163288.03|54.31
