002636.SZ|77.44|85.16|77.44|84.8|91735992.0|757244.94|77.42
600378.SH|63.5|63.5|60.61|63.5|79837904.0|505846.47|57.69
605589.SH|61.35|64.43|56.36|60.35|132317496.0|801735.88|59.45
002409.SZ|126.22|134.81|124.0|134.81|57646112.0|750477.06|122.55
600206.SH|32.43|35.1|32.08|34.24|178200032.0|599789.13|32.24
002261.SZ|30.59|30.59|28.88|28.92|87062344.0|254210.58|30.91
600500.SH|7.21|7.21|7.21|7.21|38887008.0|28037.53|6.55
002459.SZ|9.06|9.16|8.75|8.9|99196424.0|88543.96|9.15
603160.SH|59.77|60.5|56.59|57.11|13461128.0|77759.59|59.98
600732.SH|12.07|13.04|12.07|12.54|106036648.0|133437.69|12.07
000029.SZ|26.83|28.3|25.01|25.43|18724120.0|48708.89|26.96
002430.SZ|28.02|28.25|26.28|27.72|59267376.0|161860.34|26.94
