601138.SH|65.55|69.8|64.87|68.27|246661520.0|1671842.13|65.92
603256.SH|138.0|150.98|137.02|148.74|31655088.0|457947.03|138.11
601869.SH|310.56|333.0|310.5|328.25|18989548.0|611128.19|312.4
000657.SZ|61.45|63.17|59.47|62.5|171501568.0|1052245.5|57.43
002080.SZ|48.76|52.11|47.68|51.52|77466448.0|390507.41|48.81
601231.SH|25.96|27.88|25.8|27.52|73795512.0|200477.25|25.96
002636.SZ|55.61|61.62|55.61|59.99|81932568.0|480917.88|56.18
601208.SH|39.33|43.1|39.33|41.76|96535616.0|398034.22|39.33
002428.SZ|89.0|90.98|88.0|90.98|78157352.0|706306.13|82.71
605376.SH|160.0|165.0|155.98|163.82|21608232.0|347717.28|157.65
002222.SZ|58.21|60.68|57.07|59.55|38052160.0|224501.94|58.21
603979.SH|81.04|81.13|77.22|78.4|11351332.0|89455.17|78.68
603629.SH|112.31|123.92|112.31|122.52|76776424.0|927356.31|112.65
000811.SZ|38.74|40.99|38.3|40.31|54017652.0|215137.05|39.47
603186.SH|122.0|131.24|122.0|130.0|23882176.0|304744.81|119.31
002491.SZ|15.9|16.75|15.73|16.52|204843760.0|333050.53|16.06
603663.SH|37.27|39.63|37.0|39.31|43793716.0|168913.0|37.26
603773.SH|81.58|86.43|80.98|86.43|13415129.0|113593.47|78.57
603306.SH|67.2|68.98|65.55|67.5|17800896.0|119620.27|67.46
600206.SH|40.8|43.79|40.5|43.79|103009992.0|441332.53|39.81
603618.SH|26.68|27.26|25.68|26.51|103421064.0|273280.22|26.22
001267.SZ|35.81|38.81|35.35|38.81|74291616.0|277878.19|35.28
603268.SH|176.1|184.37|171.53|180.0|13319988.0|239794.23|172.87
000962.SZ|53.4|55.7|51.85|53.86|51139720.0|274071.59|51.63
000981.SZ|3.12|3.18|2.97|3.01|976210816.0|299053.66|3.17
603061.SH|290.0|314.98|288.88|307.73|5362125.0|164209.16|292.86
603115.SH|77.58|81.18|76.17|79.93|12845200.0|101450.32|77.58
002552.SZ|40.81|43.27|40.81|43.27|17728600.0|75061.41|39.34
002957.SZ|38.14|39.5|37.84|38.64|31454048.0|121725.89|38.47
603826.SH|17.93|18.0|17.17|17.22|25084388.0|43826.15|17.36
