600105.SH|43.13|43.25|40.75|40.76|227846432.0|953617.81|41.21
603228.SH|102.0|106.01|97.03|97.2|74864232.0|760727.63|98.21
002491.SZ|20.68|20.72|18.68|18.94|330377664.0|654152.0|18.84
600641.SH|37.78|38.0|34.0|34.02|122192920.0|435761.47|35.72
603369.SH|30.7|30.73|29.96|30.04|29276858.0|88825.61|30.72
000887.SZ|23.68|23.69|23.27|23.69|76987448.0|182301.98|21.54
002552.SZ|62.0|62.77|57.6|58.66|50167164.0|296822.5|60.07
601155.SH|12.0|12.1|11.52|11.55|35449616.0|41400.8|12.17
002244.SZ|9.54|9.58|9.13|9.26|47629104.0|44398.35|9.53
001696.SZ|17.98|17.99|16.6|16.64|105770408.0|181093.23|17.29
605289.SH|110.0|114.98|106.0|106.85|5524159.0|60984.04|109.29
