002281.SZ|200.0|208.8|194.8|201.5|85277088.0|1709363.0|198.79
600584.SH|56.76|56.99|54.6|55.24|224398592.0|1249785.5|55.83
002008.SZ|134.2|139.82|128.28|134.66|66462436.0|881822.44|134.27
601991.SH|6.68|6.7|6.4|6.7|683148672.0|452870.16|6.09
000636.SZ|28.97|29.85|28.03|29.45|138517632.0|402720.5|28.46
002179.SZ|41.77|42.5|40.67|40.85|141075584.0|584877.19|40.61
000425.SZ|10.95|11.06|10.44|10.47|253640176.0|269865.97|10.97
600869.SH|21.46|22.9|21.31|22.9|67183696.0|150173.42|20.82
600236.SH|12.18|12.65|11.37|11.94|84263872.0|102085.16|11.63
600601.SH|13.85|14.66|13.85|14.31|724767552.0|1040497.69|13.33
003031.SZ|156.66|157.3|147.85|151.63|17145724.0|260465.31|154.08
600330.SH|33.97|34.0|31.03|32.66|243712416.0|789180.56|32.08
000811.SZ|29.2|30.15|28.4|28.91|54292512.0|158754.92|28.91
600259.SH|109.18|110.0|104.33|107.18|21733464.0|231626.59|108.96
002491.SZ|24.5|25.0|23.31|25.0|128005096.0|312553.56|22.73
000062.SZ|39.5|39.5|37.0|37.39|114009776.0|430955.13|39.09
001389.SZ|194.3|194.95|185.88|190.68|9212303.0|174046.33|190.3
000029.SZ|24.49|26.49|24.1|26.49|25545742.0|66319.48|24.08
605090.SH|48.06|48.1|44.94|45.6|39683032.0|183137.8|47.6
603063.SH|56.1|57.99|55.15|56.24|49635164.0|281355.78|56.65
600396.SH|14.0|15.05|12.93|15.05|330553760.0|472768.34|13.68
601609.SH|12.02|12.55|11.89|12.09|221877296.0|272337.41|11.41
