601727.SH|9.37|9.48|9.25|9.36|597084288.0|558633.75|9.46
600703.SH|17.08|17.3|16.33|16.97|481849824.0|810573.19|16.13
601179.SH|18.6|19.58|18.32|19.3|551658880.0|1047151.19|18.11
600875.SH|43.01|45.38|43.01|44.22|187461824.0|828842.56|42.21
002429.SZ|11.24|11.24|10.43|10.6|362303872.0|391031.63|10.22
000703.SZ|12.73|13.27|12.37|12.95|77556520.0|100586.39|13.09
603688.SH|52.04|55.75|52.04|53.59|42734332.0|231944.58|53.04
002195.SZ|10.77|11.05|10.66|10.76|868430848.0|938100.31|10.69
001267.SZ|36.31|39.98|35.2|39.19|85392784.0|322497.22|36.96
002456.SZ|9.59|9.6|9.39|9.54|140282160.0|133241.39|9.78
603067.SH|47.0|48.35|44.4|46.72|41030040.0|190358.69|45.87
002498.SZ|9.54|9.83|9.39|9.83|331781344.0|322593.31|8.94
600516.SH|6.77|6.88|6.62|6.73|260859568.0|174750.53|6.88
603337.SH|43.6|46.95|43.53|45.75|8062200.0|36712.56|44.14
