600487.SH|93.0|98.99|92.4|97.87|265385056.0|2572917.5|91.43
002156.SZ|70.01|72.5|69.2|71.1|202609152.0|1446231.5|70.22
601231.SH|44.11|47.89|43.62|45.76|106961256.0|492888.0|43.62
601208.SH|55.45|60.5|54.72|59.6|110633984.0|639518.13|56.49
600578.SH|9.5|9.96|9.33|9.36|444657856.0|427112.16|9.34
603663.SH|69.05|71.2|65.0|66.9|37585216.0|254433.25|67.97
002046.SZ|56.55|57.77|54.9|56.18|29060224.0|163061.13|56.98
001896.SZ|21.65|22.09|21.02|22.09|206152128.0|449033.22|20.08
600396.SH|20.8|22.1|20.8|21.97|273516032.0|587477.13|21.34
600516.SH|5.39|5.44|5.3|5.3|127236512.0|68164.66|5.48
600688.SH|3.38|3.38|3.32|3.38|175745856.0|59390.75|3.07
