601138.SH|73.35|73.35|66.63|67.95|401745184.0|2812604.25|70.19
600183.SH|97.31|99.7|92.3|92.52|93458992.0|897645.69|93.38
002938.SZ|90.5|90.5|83.1|83.17|36989196.0|321110.75|86.23
002008.SZ|152.8|156.3|146.87|149.03|61222548.0|924250.0|147.93
001309.SZ|699.0|739.48|689.0|721.65|19078196.0|1380837.5|679.8
601991.SH|8.11|8.11|7.2|7.2|1856470400.0|1451711.0|7.37
002851.SZ|144.77|144.77|132.97|133.12|33456632.0|459038.97|137.83
600482.SH|41.26|41.71|38.46|38.84|56196628.0|225353.11|41.19
601126.SH|79.28|82.27|73.22|73.36|45847428.0|353878.09|80.79
605589.SH|42.85|43.35|40.89|41.4|63136700.0|268142.91|41.61
600726.SH|8.86|9.06|8.0|8.0|507910784.0|432855.34|8.47
603156.SH|46.56|47.5|45.1|46.33|21626586.0|102388.63|46.32
600578.SH|6.2|6.2|5.93|6.2|217697744.0|138215.73|5.62
002409.SZ|106.69|109.68|104.19|106.59|40857300.0|438431.66|102.94
603629.SH|124.74|127.51|119.74|121.45|38103592.0|659703.88|123.1
600707.SH|10.45|11.11|10.04|10.7|299105216.0|319853.66|10.38
000811.SZ|31.96|34.88|31.59|33.56|73707536.0|243651.38|31.7
600500.SH|5.86|6.1|5.77|5.88|226220384.0|134556.64|5.7
603290.SH|129.49|134.49|123.75|123.95|26439216.0|340098.81|123.93
002015.SZ|25.28|25.53|23.4|23.4|342945632.0|839992.5|23.29
002364.SZ|50.74|53.03|48.64|48.64|89208536.0|452021.31|48.3
002518.SZ|54.48|58.45|53.66|57.23|41868912.0|238721.66|53.4
600737.SH|16.21|16.26|15.41|15.55|66818032.0|106852.24|16.12
002498.SZ|11.66|11.66|10.08|10.11|490827424.0|536132.69|10.97
603063.SH|63.4|66.36|61.5|61.55|53993024.0|342179.81|61.73
600396.SH|17.65|18.15|15.9|16.64|361360000.0|620092.0|16.56
601016.SH|5.89|5.89|5.08|5.1|1139133184.0|619217.31|5.63
002290.SZ|108.7|108.7|102.29|103.4|29064404.0|309135.28|98.8
