600188.SH|22.21|22.84|21.55|21.77|139738368.0|308945.34|22.17
601991.SH|4.9|4.99|4.63|4.74|992508800.0|472894.09|4.58
601868.SH|3.8|3.94|3.61|3.74|3798167296.0|1441195.38|3.8
600703.SH|18.39|18.77|18.08|18.14|340581568.0|624703.13|18.74
600726.SH|4.2|4.27|3.7|4.27|371618624.0|149377.55|3.88
002487.SZ|73.86|80.65|73.6|80.65|50726072.0|397850.41|73.32
002015.SZ|21.36|22.99|20.73|22.28|363010336.0|800659.0|21.36
002498.SZ|10.68|10.95|9.4|9.4|523146624.0|524518.94|10.38
601016.SH|4.61|4.75|4.3|4.42|1275559680.0|574999.81|4.43
603077.SH|3.33|3.54|3.26|3.28|1111531008.0|373993.5|3.33
