002460.SZ|81.0|81.5|78.0|80.15|117570880.0|938959.13|79.67
002428.SZ|51.36|54.3|50.2|52.35|107266704.0|566498.69|51.36
002240.SZ|43.0|44.0|41.58|42.08|79642848.0|338993.5|42.23
603618.SH|24.98|26.71|24.98|26.71|59966384.0|157522.17|24.28
002432.SZ|67.95|75.5|65.7|75.5|58125784.0|410572.41|68.64
002294.SZ|61.7|63.96|61.03|63.1|13829002.0|86988.94|61.88
001896.SZ|15.5|16.1|14.89|14.89|177287168.0|270071.59|16.54
603115.SH|42.78|47.0|41.55|45.17|20144872.0|88766.84|43.43
000155.SZ|16.51|17.7|16.36|17.15|191904752.0|324010.13|16.16
002756.SZ|81.5|82.88|78.5|80.17|24880980.0|199899.72|81.21
002192.SZ|83.35|84.44|80.03|81.98|63041000.0|517864.81|78.0
603127.SH|30.47|32.39|30.4|32.1|46322516.0|146684.64|30.24
603026.SH|94.79|95.96|90.12|93.06|26963416.0|250438.17|93.85
