600673.SH|29.5|29.79|28.82|29.46|73199184.0|214550.98|29.11
600869.SH|13.17|13.66|13.0|13.43|127042496.0|168899.5|13.17
603806.SH|19.16|19.88|18.56|19.85|151136400.0|291849.72|18.55
603920.SH|69.7|72.38|68.49|70.38|31429258.0|220486.55|69.76
002126.SZ|41.09|43.09|41.09|43.09|59965160.0|258213.3|39.16
002155.SZ|39.2|39.2|35.03|35.62|216783472.0|803434.0|36.33
600330.SH|15.7|16.94|15.7|16.94|281488928.0|472657.25|15.4
000811.SZ|17.56|17.87|17.3|17.57|52430648.0|92718.23|17.23
603618.SH|12.01|12.02|11.71|12.02|82927920.0|99506.76|10.93
601799.SH|142.07|152.02|141.2|148.16|11987056.0|177125.28|142.07
000962.SZ|45.15|46.74|44.14|44.79|37232600.0|169250.22|43.1
000547.SZ|33.47|34.64|32.46|32.5|495677504.0|1663913.75|32.38
002364.SZ|32.6|34.1|32.4|32.97|56853108.0|188665.56|32.64
000738.SZ|26.29|28.11|26.12|27.34|121883960.0|331365.47|25.78
003035.SZ|7.5|7.99|7.22|7.6|321471744.0|244999.42|7.44
000039.SZ|10.55|11.41|10.5|11.41|166820960.0|186292.14|10.37
