600487.SH|75.24|80.81|73.4|75.56|237217088.0|1821887.25|77.12
603256.SH|181.87|191.03|181.87|181.87|6038400.0|111382.59|202.08
601869.SH|399.99|399.99|367.0|371.58|18322340.0|698498.44|402.81
601991.SH|8.63|8.7|7.77|8.37|949034560.0|780027.5|8.63
002484.SZ|77.85|82.5|75.1|79.15|84461248.0|664317.38|77.85
000636.SZ|48.98|58.26|48.98|55.05|258333600.0|1410817.38|53.03
600011.SH|9.0|9.76|8.7|9.76|712492672.0|661487.63|8.87
002636.SZ|53.0|53.51|48.17|49.87|57375684.0|288322.63|53.51
600869.SH|24.0|24.49|22.98|22.98|122416752.0|288806.78|24.1
002428.SZ|87.27|88.88|82.06|82.06|94808960.0|790405.75|91.18
603083.SH|199.21|203.0|186.93|187.0|37789024.0|723373.56|207.7
600726.SH|10.38|10.89|9.13|9.5|510566208.0|498280.5|10.13
603629.SH|216.66|216.66|216.66|216.66|2686600.0|58207.88|240.73
600995.SH|15.63|16.45|14.88|16.34|117104120.0|184288.89|15.62
002491.SZ|23.61|24.7|22.48|23.2|184185872.0|432761.44|23.93
603618.SH|40.0|40.58|38.44|38.44|76180912.0|296676.75|42.71
002608.SZ|9.96|10.12|9.49|10.12|147142176.0|145366.83|9.2
601918.SH|10.28|11.28|10.11|11.28|146857808.0|158530.14|10.25
