603019.SH|107.59|109.6|100.98|102.45|142474592.0|1498547.25|107.23
002600.SZ|17.34|18.54|17.34|17.8|416136256.0|743652.38|17.34
000100.SZ|5.98|6.26|5.86|6.12|2605923840.0|1578083.75|5.82
000938.SZ|30.34|31.29|29.45|29.93|339206624.0|1031210.81|28.86
002202.SZ|23.9|25.06|23.19|24.66|323098368.0|788673.0|23.9
600378.SH|76.81|82.92|76.81|81.0|136667056.0|1114530.0|75.38
600601.SH|14.5|14.98|13.85|13.97|392433568.0|565834.31|13.84
002273.SZ|39.03|39.03|39.03|39.03|14676147.0|57281.0|35.48
002738.SZ|64.3|64.89|63.8|64.89|19690088.0|127341.27|58.99
600707.SH|16.73|17.75|16.01|17.66|411970720.0|708380.38|16.89
002407.SZ|54.8|55.25|53.76|55.25|70907048.0|389312.34|50.23
603379.SH|81.0|83.48|80.99|83.48|43276424.0|359113.53|75.89
000811.SZ|58.3|58.5|54.32|54.9|48172216.0|269951.44|56.22
000967.SZ|10.6|10.68|9.99|10.26|170055680.0|174606.48|10.53
002472.SZ|42.21|43.68|42.05|42.7|60236712.0|259000.17|41.51
603290.SH|155.0|159.69|149.61|151.89|22207220.0|344366.38|152.94
600641.SH|41.17|43.85|40.59|43.85|126587216.0|547081.19|39.86
605111.SH|104.04|104.43|90.66|92.2|47798564.0|459821.81|99.14
603061.SH|505.0|550.0|488.04|523.0|4313726.0|220717.64|502.22
603005.SH|54.0|54.95|51.35|52.65|116937168.0|622432.31|53.87
002518.SZ|53.8|54.18|51.15|51.47|24148816.0|127217.19|53.59
002747.SZ|39.01|41.06|39.01|41.06|54148116.0|219721.83|37.33
600737.SH|12.74|13.29|12.45|12.89|77197528.0|100483.58|12.33
603067.SH|49.03|50.92|47.77|49.5|68120984.0|340839.78|46.29
603728.SH|60.88|63.8|60.6|63.14|15108178.0|95109.16|60.92
002290.SZ|91.97|96.16|87.35|88.85|11546451.0|103357.22|91.87
603950.SH|88.48|92.87|85.3|87.3|18163172.0|162284.69|84.43
002402.SZ|26.62|27.77|26.51|26.86|93425192.0|253477.3|25.83
603226.SH|55.8|58.48|53.03|53.36|5532000.0|30403.12|53.54
