601869.SH|123.0|128.0|115.6|126.6|25568632.0|312745.0|123.84
000657.SZ|49.51|53.45|49.0|50.49|146378368.0|749275.31|49.47
600489.SH|32.3|35.03|32.29|34.28|181634288.0|614562.0|33.0
601958.SH|21.66|22.52|20.95|21.83|82930440.0|180576.45|21.92
000630.SZ|7.52|8.06|7.21|7.59|1288377088.0|988724.81|7.55
601168.SH|34.08|36.27|34.05|35.26|113163824.0|398977.25|34.9
000426.SZ|63.5|66.88|60.94|62.88|148277024.0|951572.38|63.67
000975.SZ|36.1|39.62|34.61|35.73|88769416.0|323945.25|37.98
600988.SH|41.21|44.45|40.75|42.6|146796464.0|621510.06|42.69
002378.SZ|23.12|24.6|22.75|23.53|122453144.0|290301.31|23.07
601212.SH|11.41|12.55|10.8|12.55|745459200.0|900534.81|11.41
002155.SZ|27.8|27.8|27.8|27.8|3041605.0|8455.66|25.27
000629.SZ|4.24|4.25|3.88|3.99|630404096.0|253771.11|4.24
601615.SH|22.0|25.71|21.78|25.2|332097024.0|786622.75|23.82
601069.SH|36.9|41.08|35.9|40.24|67137216.0|260340.78|37.75
002716.SZ|18.08|19.18|16.27|17.64|664349440.0|1201582.75|18.08
