603986.SH|688.0|707.97|607.18|612.0|88745664.0|5938124.0|663.49
002384.SZ|269.37|274.5|240.0|242.3|118895992.0|3109742.5|261.32
002916.SZ|443.0|459.8|425.0|426.0|13074219.0|582800.75|442.56
002281.SZ|250.96|258.66|233.45|233.45|58693328.0|1455512.75|238.49
600584.SH|108.88|113.87|101.11|101.11|305852832.0|3321319.25|103.52
002156.SZ|74.0|77.67|70.78|70.95|202527664.0|1512258.88|72.17
000977.SZ|92.0|94.38|89.0|89.52|284173536.0|2608277.0|85.99
002851.SZ|167.53|173.83|161.53|161.76|49405856.0|832897.88|159.56
002436.SZ|45.6|45.97|41.05|41.13|137551808.0|603465.69|44.45
000021.SZ|59.88|61.86|57.9|57.91|303101632.0|1836959.75|56.24
600418.SH|24.44|25.79|24.41|24.67|100369992.0|251265.33|24.45
002185.SZ|26.1|26.1|25.1|25.31|494881696.0|1276427.38|23.73
603156.SH|49.59|49.98|45.8|45.8|17478884.0|82803.12|48.71
605358.SH|63.86|68.03|60.87|60.91|84796672.0|552728.19|63.62
002409.SZ|220.0|229.0|207.0|207.17|45595904.0|1002106.19|209.0
002414.SZ|14.64|14.64|14.21|14.64|203991552.0|297936.69|13.31
600909.SH|10.08|10.27|9.3|9.31|391226336.0|385487.19|9.98
600667.SH|26.82|27.95|25.24|25.26|432936192.0|1164439.88|26.27
603688.SH|68.98|71.17|65.5|65.5|26228060.0|180263.44|67.17
000811.SZ|57.0|57.76|53.3|53.47|53938304.0|301415.44|55.11
600206.SH|62.0|64.13|59.67|60.0|161116096.0|1004308.88|59.38
600353.SH|43.96|44.97|42.11|42.2|70241032.0|310079.97|40.88
603061.SH|500.0|509.01|448.75|448.75|3852640.0|184916.17|487.54
002364.SZ|56.62|59.86|56.0|56.05|84083600.0|489439.94|54.42
603005.SH|46.5|49.18|43.97|43.97|103249120.0|485066.91|45.19
000887.SZ|19.57|20.68|19.42|20.68|108474160.0|223400.61|18.8
002552.SZ|68.0|70.99|60.05|60.34|34521328.0|232719.19|64.54
