600183.SH|110.0|123.45|110.0|122.79|89347128.0|1057671.25|112.23
002384.SZ|162.0|193.88|162.0|188.83|135106896.0|2444070.25|179.09
002916.SZ|330.78|356.47|328.0|349.18|14465590.0|498075.44|332.54
002463.SZ|109.65|119.0|109.5|115.6|81661528.0|934871.25|111.77
002938.SZ|88.11|94.2|86.15|91.13|36327700.0|327505.53|89.0
603259.SH|143.96|150.0|141.47|147.5|134475488.0|1974016.0|141.35
002281.SZ|162.24|175.3|159.84|171.55|65962316.0|1105112.25|172.32
002080.SZ|45.16|48.81|44.46|48.81|56482348.0|264922.94|44.37
600673.SH|31.86|33.2|31.66|32.56|58464652.0|189776.94|32.15
600105.SH|33.01|37.2|32.72|36.55|261450256.0|915719.88|34.29
002484.SZ|58.46|65.24|57.62|64.24|57784480.0|363666.59|59.31
601208.SH|35.7|39.33|35.7|39.33|61395816.0|232514.44|35.75
600378.SH|41.7|44.66|41.4|44.07|69065504.0|299414.44|41.47
002428.SZ|82.7|82.71|81.91|82.71|31120500.0|257339.19|75.19
601126.SH|41.71|45.27|41.03|44.58|43860616.0|192435.02|42.13
003031.SZ|98.67|109.83|97.78|108.63|14155231.0|148756.33|100.3
603083.SH|133.88|152.31|133.85|149.56|34641904.0|507424.5|148.69
605589.SH|35.77|39.08|35.7|38.91|54432320.0|205489.58|36.21
603629.SH|109.55|112.65|107.53|112.65|27285586.0|305148.09|102.41
600330.SH|17.7|19.93|17.68|19.68|147672624.0|284164.47|18.12
000811.SZ|35.88|39.47|35.5|39.47|58033784.0|224052.61|35.88
002821.SZ|162.0|171.5|162.0|163.38|14138668.0|234429.42|161.61
603186.SH|109.44|119.31|107.44|119.31|14283121.0|164965.0|108.46
603773.SH|73.53|78.57|73.53|78.57|10238005.0|78866.64|71.43
603306.SH|61.38|67.46|61.38|67.46|15219396.0|99044.84|61.33
001267.SZ|30.97|35.28|30.6|35.28|30567792.0|103113.59|32.07
600353.SH|23.22|25.48|22.8|25.37|54757864.0|134384.48|23.16
000962.SZ|47.1|51.63|47.0|51.63|24797712.0|123573.13|46.94
603061.SH|279.55|292.86|273.89|292.86|1476515.0|42451.0|266.24
002364.SZ|36.93|39.63|36.84|39.01|36164356.0|139611.86|37.57
603115.SH|72.0|77.58|71.2|77.58|7669900.0|58183.39|70.53
002552.SZ|37.54|39.34|36.09|39.34|18792000.0|70594.8|35.76
600186.SH|9.25|9.7|9.15|9.58|331113824.0|313297.72|9.2
002957.SZ|34.05|38.47|34.05|38.47|8881485.0|32991.8|34.97
002536.SZ|35.19|38.18|34.23|38.17|60073532.0|222619.16|34.71
603738.SH|31.02|33.56|30.94|33.15|48728000.0|158731.53|31.81
003036.SZ|45.81|48.38|44.55|47.5|11677997.0|54851.03|45.0
002913.SZ|43.5|49.28|43.34|47.92|11872564.0|55551.35|44.8
603938.SH|37.39|40.28|36.67|39.8|22277254.0|86912.09|37.39
