603986.SH|279.85|291.25|278.13|287.7|46322996.0|1324119.88|279.71
600584.SH|49.06|50.66|47.86|48.73|239101344.0|1174903.5|48.29
002028.SZ|189.28|203.79|188.83|203.79|23738766.0|466084.25|185.2
002156.SZ|47.42|48.57|45.85|48.11|201159488.0|954956.5|46.78
600703.SH|15.93|15.94|15.37|15.66|237230896.0|370534.03|15.79
603929.SH|167.35|167.35|145.46|145.46|6780036.0|103243.8|161.81
603179.SH|70.64|77.22|69.86|73.86|30596734.0|317844.97|71.05
603061.SH|157.59|168.06|154.84|168.06|4471627.0|104782.31|152.75
603667.SH|83.58|89.08|82.75|89.08|61195072.0|527050.63|80.97
002498.SZ|4.76|4.76|4.76|4.76|31391320.0|15067.83|4.32
603638.SH|22.59|22.59|21.65|21.7|28994696.0|64094.79|21.17
