600673.SH|26.85|28.6|26.68|27.55|116935848.0|323612.31|26.85
601179.SH|10.59|10.94|10.25|10.55|534725280.0|570006.25|10.59
002202.SZ|26.0|29.04|25.53|29.04|608126720.0|1675989.13|26.4
600869.SH|10.44|10.92|10.43|10.92|48220440.0|51652.75|9.93
003031.SZ|83.3|84.0|75.23|75.7|23630488.0|182128.25|80.63
603650.SH|55.69|56.73|54.68|56.73|62762744.0|354053.88|51.57
002195.SZ|9.67|10.38|9.41|10.38|1904441856.0|1899299.0|9.44
601611.SH|16.35|16.93|15.98|16.93|172434352.0|289268.84|15.39
600637.SH|11.68|12.11|11.51|12.11|163058528.0|194715.92|11.01
603516.SH|258.71|258.76|228.36|230.1|12055871.0|292766.25|252.62
601399.SH|5.74|6.06|5.63|6.06|262114176.0|154837.41|5.51
601106.SH|4.92|4.92|4.88|4.92|96104208.0|47282.05|4.47
