601857.SH|12.31|13.15|12.3|13.15|917467584.0|1176028.75|11.95
600028.SH|7.15|7.82|7.15|7.82|1502438144.0|1142739.0|7.11
600989.SH|27.04|28.92|26.5|28.51|324512224.0|901095.94|26.32
601872.SH|18.9|19.65|17.92|19.65|379546400.0|728122.06|17.86
605117.SH|121.39|126.45|121.39|121.96|26674536.0|332163.66|114.95
600489.SH|34.01|35.5|33.39|33.66|161811264.0|554181.63|35.02
600498.SH|58.41|60.21|55.0|56.13|243516832.0|1399042.25|56.71
600938.SH|41.79|43.41|41.0|43.41|253280224.0|1083747.75|39.46
600026.SH|24.45|24.9|23.5|24.9|133193472.0|325671.31|22.64
600236.SH|10.01|10.47|9.75|9.86|34520076.0|34359.4|9.78
000960.SZ|45.69|46.98|43.92|43.92|112109472.0|506505.72|48.8
603083.SH|115.0|116.48|110.1|110.41|38661576.0|437955.13|113.74
600988.SH|42.68|45.58|41.82|42.7|135432464.0|588743.94|43.91
603629.SH|61.74|65.66|57.98|58.1|40374924.0|244532.45|64.37
601212.SH|11.2|11.39|10.6|10.62|374039328.0|412163.03|11.77
002155.SZ|40.73|43.67|40.21|40.68|271715008.0|1140998.0|41.47
600968.SH|5.36|5.54|5.29|5.54|261080928.0|142818.88|5.04
600259.SH|108.73|111.44|101.06|101.06|21009748.0|220948.7|112.29
001267.SZ|36.9|36.91|34.36|34.95|107900736.0|386360.84|33.55
601808.SH|19.46|20.42|19.2|20.42|115918080.0|230163.84|18.56
002432.SZ|49.23|52.25|48.29|50.5|62275096.0|312097.59|48.83
600256.SH|6.87|7.12|6.7|7.12|982025856.0|685232.0|6.47
600871.SH|3.88|3.88|3.88|3.88|45837828.0|17785.08|3.53
603115.SH|30.95|31.69|28.65|29.08|15628102.0|46288.04|30.91
002536.SZ|34.99|35.68|33.72|34.2|89197568.0|308889.94|34.65
600583.SH|8.38|8.72|8.3|8.72|389096832.0|334872.44|7.93
601069.SH|39.9|43.12|38.15|40.95|75567424.0|309019.0|39.89
600688.SH|3.77|3.84|3.65|3.84|550902528.0|208304.03|3.49
603950.SH|50.2|53.86|49.5|50.06|28595996.0|146763.78|48.96
002716.SZ|16.31|16.88|15.64|15.67|409624224.0|668327.06|17.37
601975.SH|4.97|4.97|4.8|4.97|341890272.0|169638.58|4.52
002545.SZ|30.26|30.9|29.0|29.5|34043860.0|101331.97|29.96
