600183.SH|141.98|143.48|134.39|138.57|94216176.0|1303773.88|139.98
002281.SZ|190.93|194.72|173.74|178.3|78822656.0|1419646.63|193.04
603228.SH|99.0|99.99|91.22|96.0|105414264.0|1002156.75|94.95
601208.SH|47.21|47.48|43.6|45.38|118220632.0|531053.94|45.94
000831.SZ|57.22|58.58|55.8|58.36|90046600.0|519202.0|57.19
002428.SZ|104.6|105.8|98.68|102.58|135268864.0|1379112.38|100.08
600601.SH|13.03|13.36|12.78|13.22|419992576.0|547831.19|12.87
002821.SZ|180.0|188.0|171.97|176.0|23282184.0|417032.81|172.26
603186.SH|150.0|154.8|141.08|152.0|30342948.0|446827.72|143.0
603773.SH|98.82|99.4|90.26|95.63|34597912.0|328175.31|95.07
600206.SH|50.0|52.99|50.0|52.03|158200928.0|811051.81|48.17
001267.SZ|45.19|45.29|41.83|42.97|65078056.0|279458.19|42.69
600500.SH|5.52|5.53|5.16|5.31|258112560.0|136225.92|5.51
600641.SH|33.4|34.41|33.0|34.41|29015160.0|99053.96|31.28
600110.SH|10.8|10.89|10.12|10.41|244954304.0|254624.53|10.46
002552.SZ|52.36|52.36|50.53|52.36|23785900.0|123461.79|47.6
603127.SH|53.0|55.45|51.21|52.8|94783144.0|503873.34|50.89
002913.SZ|55.43|55.98|54.01|55.33|10133617.0|55828.31|55.42
605289.SH|105.0|107.68|99.7|103.1|5397760.0|55289.27|104.49
601865.SH|11.47|11.7|11.02|11.18|63357716.0|71276.0|11.75
