600584.SH|75.15|78.74|73.97|77.75|228341424.0|1748305.5|75.87
600188.SH|21.3|21.35|20.64|21.33|80976600.0|170893.78|21.27
603228.SH|93.66|94.95|92.8|94.95|34144716.0|322883.22|86.32
002428.SZ|97.0|100.08|95.5|100.08|119307696.0|1174085.38|90.98
600601.SH|11.93|12.87|11.73|12.87|421332000.0|529432.38|11.7
601699.SH|16.0|16.63|15.95|16.26|68863184.0|111751.32|16.24
002407.SZ|36.2|38.6|35.2|36.54|297785792.0|1087755.63|36.09
600330.SH|21.65|23.2|21.09|23.01|186956400.0|413665.78|21.65
600985.SH|16.39|16.61|15.88|16.52|34292084.0|56089.5|16.5
603773.SH|93.06|95.07|91.78|95.07|21890474.0|205833.52|86.43
600206.SH|46.0|48.17|44.8|48.17|91710496.0|428777.84|43.79
001267.SZ|41.01|42.69|39.59|42.69|72100928.0|297237.81|38.81
002552.SZ|47.0|47.6|47.0|47.6|4448200.0|21115.7|43.27
603738.SH|36.47|38.0|34.94|36.63|85789040.0|313354.41|36.47
003036.SZ|54.09|55.34|49.9|53.66|16673736.0|88398.53|52.25
601666.SH|8.92|9.01|8.61|8.94|65203380.0|57814.79|8.92
