601869.SH|198.37|211.48|198.37|211.48|15565859.0|323991.31|192.25
600875.SH|28.89|31.5|28.75|31.17|218187664.0|660943.88|28.77
601360.SH|12.97|13.12|12.71|13.05|424873024.0|553315.81|12.81
600392.SH|27.2|28.4|26.8|28.18|187407328.0|523823.88|26.84
002429.SZ|11.28|11.28|11.28|11.28|45037456.0|51207.59|10.25
603308.SH|58.45|62.14|57.34|61.0|30663124.0|185170.39|57.02
603929.SH|151.35|151.35|141.15|144.37|5620893.0|82129.57|147.62
603629.SH|35.85|37.57|35.43|36.83|44483024.0|229104.03|35.89
002129.SZ|11.68|11.86|11.27|11.3|480404288.0|554814.38|11.68
600330.SH|17.99|18.65|17.15|17.18|210936576.0|373893.91|17.05
603618.SH|13.57|15.3|13.57|14.64|189472512.0|273408.22|15.08
002015.SZ|13.1|13.22|12.55|12.77|168487760.0|217468.44|13.17
600732.SH|14.89|15.01|14.7|14.76|92775080.0|137444.36|15.04
600884.SH|16.0|16.28|15.05|15.12|391052864.0|608447.69|15.81
603301.SH|84.42|88.46|81.71|88.46|6799619.0|59386.76|80.39
002624.SZ|21.22|23.35|21.05|22.14|282900096.0|635468.56|21.2
002716.SZ|14.2|14.7|13.64|14.28|414312576.0|588780.88|14.12
