002202.SZ|31.94|31.94|30.74|31.94|563292928.0|1789312.88|29.04
600869.SH|12.01|12.01|10.2|10.56|365998784.0|403442.03|10.92
600879.SH|27.5|28.69|27.11|28.69|638593536.0|1798345.38|26.08
600372.SH|16.17|16.28|15.23|15.51|328888480.0|519129.75|15.41
603650.SH|56.6|58.66|54.7|57.62|68600088.0|388042.69|56.73
002195.SZ|10.34|11.0|10.0|10.35|2088332032.0|2195889.25|10.38
600845.SH|23.23|24.17|22.85|23.73|92724072.0|217519.44|22.86
601611.SH|17.5|18.62|16.9|18.13|306762272.0|548890.69|16.93
600637.SH|13.32|13.32|13.0|13.32|175544352.0|233033.5|12.11
002025.SZ|67.0|68.97|64.02|65.76|79283712.0|526674.44|62.99
601399.SH|6.6|6.6|5.84|6.21|850954560.0|532134.19|6.06
601106.SH|5.41|5.41|5.06|5.41|501721984.0|268939.5|4.92
601608.SH|8.01|8.02|7.44|7.5|322374208.0|245740.28|7.41
603950.SH|31.17|32.98|30.03|32.61|20495632.0|64747.81|31.05
