002916.SZ|260.0|267.89|257.42|263.76|11453081.0|300875.53|258.5
603256.SH|82.49|84.52|80.11|84.27|39851200.0|328586.28|78.76
600176.SH|28.44|28.58|27.2|27.62|157963248.0|436401.22|28.3
601869.SH|240.0|244.88|218.51|228.55|20346910.0|464075.72|234.73
000988.SZ|85.7|86.9|84.12|86.1|127027376.0|1087868.0|82.42
601872.SH|13.99|14.75|13.8|14.75|210754336.0|308659.28|13.41
601390.SH|6.06|6.47|5.99|6.19|1258048640.0|786800.19|6.05
000636.SZ|25.04|25.74|24.71|25.74|173665152.0|444195.03|23.4
600026.SH|19.47|20.52|19.34|20.15|150881392.0|306306.19|18.65
600096.SH|40.2|43.3|39.95|43.3|173689584.0|737783.88|39.36
600141.SH|42.16|45.49|42.16|43.75|67434864.0|295457.56|41.55
601212.SH|10.65|10.95|10.42|10.72|441563232.0|473471.78|10.42
600330.SH|18.81|18.81|17.31|17.42|154237504.0|272847.59|18.28
002491.SZ|10.18|10.32|9.44|9.53|200627168.0|195186.48|10.19
601808.SH|17.38|17.46|16.94|17.05|64032688.0|109991.98|17.38
001896.SZ|10.5|11.03|9.88|11.03|320486304.0|335941.34|10.03
600871.SH|3.22|3.42|3.16|3.34|711751104.0|235886.19|3.22
603115.SH|28.15|29.02|27.79|28.47|15395605.0|43792.39|27.74
002498.SZ|7.83|8.2|7.45|8.2|263368624.0|207818.72|7.45
003035.SZ|7.19|7.31|7.15|7.24|170404688.0|123291.03|7.17
600550.SH|16.7|17.79|16.36|17.4|219730672.0|378984.31|16.7
002716.SZ|15.39|16.15|14.9|15.87|427154176.0|664017.06|15.05
601975.SH|3.89|4.28|3.89|4.07|704793600.0|293326.69|3.89
603077.SH|2.78|2.88|2.74|2.88|350660768.0|100049.98|2.62
