601698.SH|44.5|45.06|39.89|43.87|327076992.0|1419457.5|43.23
002202.SZ|24.5|26.4|23.81|26.4|680173120.0|1684581.63|24.0
600869.SH|9.31|9.93|9.01|9.93|123190008.0|118252.02|9.03
000960.SZ|31.67|32.88|31.44|32.2|75034592.0|241691.88|31.11
600879.SH|23.5|24.66|22.8|23.71|564557248.0|1340501.75|23.93
000768.SZ|28.58|29.24|28.0|28.22|123870544.0|353904.34|28.48
002920.SZ|139.99|142.79|136.88|137.57|30583470.0|426924.53|137.39
605358.SH|43.7|45.07|40.64|41.5|99219136.0|416131.69|42.13
603929.SH|118.34|122.6|113.06|117.4|12643558.0|149609.94|115.56
600909.SH|7.52|7.75|7.44|7.53|312301088.0|237141.97|7.6
600707.SH|7.04|7.14|6.85|6.96|152297280.0|106054.6|7.05
002195.SZ|9.44|9.44|9.44|9.44|119777800.0|113070.25|8.58
002945.SZ|18.85|19.62|18.65|18.8|155559376.0|299447.31|17.84
002465.SZ|19.98|20.97|19.11|19.45|611881920.0|1215694.88|19.06
000981.SZ|4.5|4.78|4.4|4.56|2248161280.0|1021599.56|4.46
603061.SH|171.0|178.0|165.01|173.42|5544948.0|94210.83|169.88
000629.SZ|3.53|3.57|3.46|3.53|467894880.0|164554.14|3.53
002025.SZ|57.0|62.2|56.8|57.26|73105184.0|428491.53|56.85
601615.SH|16.11|17.09|16.0|16.7|113922032.0|189023.19|16.2
600295.SH|14.61|15.5|14.35|15.33|37991496.0|56549.02|14.3
