002384.SZ|192.0|194.0|183.98|186.66|113144912.0|2138598.75|186.34
002938.SZ|77.43|78.66|74.55|75.42|67874768.0|517764.91|76.18
600487.SH|66.77|70.3|66.03|69.52|273438880.0|1877590.88|65.78
600105.SH|48.1|50.07|47.2|48.5|230849936.0|1119172.38|45.53
600703.SH|15.9|16.06|15.19|15.51|542264192.0|847680.31|14.94
002636.SZ|46.93|47.37|42.01|43.25|60585640.0|267177.88|46.07
600869.SH|17.13|17.23|16.31|16.52|135134112.0|225352.95|17.18
002428.SZ|76.29|82.76|74.7|76.88|166752288.0|1300101.88|75.24
605376.SH|120.43|127.0|112.0|115.2|17321394.0|204092.66|117.66
601061.SH|14.78|14.85|13.72|13.99|57271344.0|80502.18|14.28
600330.SH|26.98|27.53|25.51|25.6|290180352.0|763871.56|25.87
000811.SZ|22.83|22.97|21.67|22.43|75220496.0|167280.81|22.41
603618.SH|28.86|31.41|28.75|31.41|102290288.0|317559.03|28.55
002432.SZ|88.65|94.94|85.7|86.15|41611472.0|372387.75|88.09
000062.SZ|33.1|33.1|30.89|31.22|76647888.0|242834.77|32.64
603606.SH|67.16|67.58|64.4|65.91|34125344.0|225196.59|67.2
600641.SH|26.9|28.86|26.77|27.0|106096656.0|292602.44|27.06
603115.SH|55.22|58.92|54.73|58.55|21096584.0|121881.73|53.56
600396.SH|9.29|9.83|8.05|9.83|404962848.0|363795.5|8.94
600126.SH|10.03|10.61|9.97|10.43|313705504.0|324432.09|10.26
