600726.SH|5.64|6.38|5.22|6.38|572115136.0|338109.09|5.8
002812.SZ|80.24|84.0|80.01|80.85|82430072.0|672718.06|77.18
002407.SZ|33.63|34.89|33.52|34.52|228532320.0|781301.75|33.04
002240.SZ|51.01|53.36|50.93|52.12|63561332.0|332384.91|50.93
000062.SZ|35.37|37.77|34.34|37.77|107511488.0|395283.31|34.34
600499.SH|20.21|20.78|19.98|20.29|68292080.0|138585.48|19.81
600208.SH|4.81|4.84|4.26|4.26|427024672.0|187577.59|4.73
002756.SZ|78.5|82.3|78.21|81.36|22624108.0|182723.19|78.21
603876.SH|27.76|28.44|27.01|28.13|59708696.0|165391.97|26.95
002192.SZ|89.03|94.79|88.39|90.42|41931696.0|381683.53|86.28
002290.SZ|86.19|89.2|82.0|88.07|34314828.0|295769.03|81.35
