603256.SH|256.0|276.0|253.0|258.9|22612972.0|593131.38|251.55
002080.SZ|76.26|82.41|75.76|82.41|82574344.0|669862.0|74.92
600549.SH|80.0|82.89|76.8|80.84|166560928.0|1330674.13|78.41
002008.SZ|139.35|143.0|130.08|135.84|103713752.0|1425989.13|136.62
600105.SH|59.25|64.69|58.99|63.09|183126048.0|1134511.25|58.87
002484.SZ|97.12|104.94|97.01|104.93|61300696.0|625937.69|95.4
600703.SH|16.96|17.43|16.79|17.16|353105056.0|602725.5|16.84
002851.SZ|169.04|179.95|167.97|178.87|62083288.0|1094033.38|163.61
002436.SZ|45.01|48.51|45.01|47.8|258119632.0|1223793.88|44.1
601179.SH|16.37|16.53|15.56|15.74|347512832.0|552805.56|16.25
601208.SH|72.5|76.68|72.01|73.2|110557104.0|818723.25|71.74
603260.SH|50.16|51.93|48.7|50.03|47325848.0|238399.77|51.03
600392.SH|28.73|29.62|27.98|28.48|259012384.0|752770.31|28.73
603663.SH|59.21|61.36|55.15|56.74|29479300.0|234452.05|59.2
600206.SH|38.81|40.78|38.4|39.79|167523616.0|664665.38|39.11
603618.SH|48.0|51.73|48.0|51.73|30998140.0|157547.86|47.03
600500.SH|9.46|9.85|8.74|9.2|588575744.0|547895.38|9.06
603516.SH|138.54|143.4|132.59|135.53|14303701.0|195055.69|134.54
000032.SZ|23.21|23.72|21.8|23.22|160479472.0|364858.69|22.89
603115.SH|115.6|119.34|111.9|119.34|4533300.0|53135.46|108.44
000029.SZ|27.96|28.8|27.09|28.57|13585714.0|38439.26|27.62
600186.SH|13.57|14.66|13.54|14.66|208008768.0|298817.75|13.33
601636.SH|8.67|8.67|8.67|8.67|65025840.0|56377.41|7.88
000034.SZ|26.38|26.95|26.01|26.69|53351148.0|141460.3|26.47
000564.SZ|1.6|1.62|1.51|1.52|515358688.0|79825.56|1.6
601020.SH|25.24|25.45|24.5|24.77|52553092.0|131385.2|25.25
