601857.SH|13.44|13.44|11.59|12.99|1074717312.0|1402084.75|12.9
600028.SH|7.99|8.0|6.93|7.29|1233814528.0|927579.06|7.71
601872.SH|18.55|18.55|17.44|17.46|346669952.0|620393.63|19.4
600938.SH|44.02|44.02|38.59|42.37|262523552.0|1110664.38|42.93
000301.SZ|14.58|14.7|13.47|13.71|86720600.0|120809.37|14.58
600026.SH|24.61|24.61|22.03|23.41|252802208.0|588038.25|24.52
600803.SH|23.59|23.59|20.69|22.04|39199208.0|88195.53|23.09
600968.SH|5.58|5.65|4.85|5.48|495016800.0|269105.25|5.39
002491.SZ|11.01|13.19|11.01|12.65|316980896.0|379570.13|12.23
601808.SH|20.72|21.57|18.1|20.4|169937792.0|346772.03|20.14
600256.SH|7.04|7.19|6.35|6.82|854282176.0|578463.94|7.06
600871.SH|4.27|4.27|3.58|4.27|1250622208.0|511623.72|3.88
600583.SH|8.15|8.32|7.65|7.97|395962016.0|320395.5|8.52
601866.SH|3.15|3.15|2.93|2.94|615158080.0|181718.75|3.25
600688.SH|3.89|3.89|3.46|3.6|420154720.0|151437.42|3.84
601975.SH|5.37|5.37|4.54|5.19|1166070656.0|587513.81|4.94
