603986.SH|238.0|253.33|234.0|250.78|50753552.0|1231063.0|235.68
000792.SZ|32.0|32.75|31.51|32.37|214415616.0|691472.0|30.98
601698.SH|39.98|43.23|39.46|43.23|248430752.0|1040068.69|39.3
600498.SH|35.98|36.87|33.48|35.28|277851808.0|975038.25|35.29
000426.SZ|39.9|40.91|38.9|40.29|95843128.0|382111.25|39.16
605358.SH|39.6|42.13|39.02|42.13|49125760.0|202988.14|38.3
002414.SZ|16.5|16.9|16.16|16.31|242846688.0|399250.06|16.14
603929.SH|108.9|115.56|107.33|115.56|7398326.0|83995.63|105.05
002195.SZ|8.58|8.58|8.58|8.58|71448912.0|61303.17|7.8
002465.SZ|18.32|19.06|17.75|19.06|413085152.0|761600.81|17.33
002131.SZ|6.36|6.82|6.29|6.63|2360677376.0|1556018.75|6.2
603061.SH|162.14|169.88|162.0|169.88|2818306.0|47280.59|154.44
002555.SZ|26.19|27.68|26.18|26.41|228616832.0|613037.94|25.96
603067.SH|34.22|34.86|33.55|34.5|61371144.0|210290.61|31.69
603127.SH|39.8|39.96|37.8|38.45|33855152.0|130845.3|38.51
002716.SZ|7.91|8.19|7.7|8.06|381793312.0|303331.41|7.61
