600111.SH|60.23|60.23|58.7|58.97|186504176.0|1107584.38|60.3
000657.SZ|61.18|64.71|59.84|60.2|138300960.0|855636.38|58.83
601872.SH|14.64|15.79|14.63|15.6|269108288.0|413229.75|14.75
000636.SZ|25.33|26.57|24.71|25.73|237310928.0|604969.5|25.74
600010.SH|3.0|3.0|2.89|2.98|3099828480.0|912696.63|2.93
601208.SH|33.0|34.66|31.35|33.93|137495968.0|452000.56|31.74
002428.SZ|44.38|44.39|43.0|44.39|39781328.0|176096.67|40.35
600096.SH|42.2|43.64|41.31|43.35|163321344.0|711588.06|42.1
002378.SZ|35.55|36.91|35.12|36.91|100297808.0|365513.31|33.55
001203.SZ|42.62|43.82|39.91|41.34|70571400.0|293657.75|39.84
600206.SH|25.43|26.18|24.95|25.19|114673320.0|292568.66|24.86
000962.SZ|53.11|55.9|52.34|55.0|39223404.0|212864.61|51.32
000547.SZ|30.04|31.55|29.13|30.74|365490720.0|1117435.38|30.34
001896.SZ|11.04|12.13|11.04|12.13|103197872.0|121162.89|11.03
000661.SZ|101.84|105.84|98.07|98.34|33191294.0|338505.09|97.1
600884.SH|15.13|15.35|14.82|15.0|192531664.0|288902.34|15.13
002498.SZ|8.11|8.75|7.8|8.34|510134368.0|429422.94|8.16
603077.SH|3.06|3.1|2.85|2.9|1259644032.0|372006.88|2.88
603826.SH|21.1|21.5|20.15|20.58|19976812.0|41130.95|20.57
