002008.SZ|103.4|105.79|99.3|102.26|52675576.0|538371.56|103.4
600726.SH|5.53|5.8|5.43|5.8|498648576.0|285873.88|5.27
002429.SZ|11.7|11.7|11.7|11.7|54681500.0|64469.49|13.01
603308.SH|82.17|84.66|80.0|82.19|30486444.0|250048.41|83.0
003022.SZ|24.85|25.17|24.0|24.58|52913432.0|129311.06|24.7
603618.SH|31.66|33.13|29.98|30.56|143754080.0|455423.44|31.41
001267.SZ|51.76|53.59|48.12|50.24|89821400.0|458463.09|50.86
603198.SH|37.5|39.38|37.15|38.35|25137360.0|100499.48|37.52
600186.SH|9.58|9.8|8.91|9.14|399718816.0|369860.06|9.45
600396.SH|9.65|10.8|9.11|9.2|435597024.0|437729.28|9.83
601016.SH|4.53|4.75|4.46|4.48|1049016576.0|483433.41|4.48
