600989.SH|32.88|34.18|31.78|33.31|251968208.0|843535.63|31.43
605117.SH|95.27|98.69|91.56|95.85|33438408.0|452778.91|92.91
601868.SH|3.52|3.8|3.5|3.8|4784655872.0|1745827.38|3.45
600726.SH|3.63|3.88|3.63|3.88|181877760.0|69039.09|3.53
603629.SH|44.31|46.87|43.67|45.61|48032748.0|305228.44|44.84
002432.SZ|58.54|59.65|56.68|57.23|49647324.0|296735.25|56.87
000062.SZ|25.7|26.07|25.38|25.78|40439380.0|104157.89|26.1
600299.SH|14.39|14.9|14.01|14.35|51556484.0|74362.46|14.61
600873.SH|12.6|13.07|12.44|12.7|147404064.0|187117.56|12.62
002831.SZ|24.86|25.85|23.12|23.79|30883856.0|107390.85|23.72
601016.SH|4.23|4.43|4.15|4.43|792429824.0|347042.31|4.03
