002384.SZ|132.3|145.09|132.27|143.55|144944464.0|2009369.75|131.9
002281.SZ|111.72|112.1|106.06|107.82|99852992.0|1087038.0|108.09
601869.SH|392.0|396.53|370.0|384.38|24883268.0|950027.88|398.31
002636.SZ|37.99|38.76|35.35|35.81|77724776.0|284685.75|37.07
603929.SH|202.35|211.24|198.84|208.85|8741100.0|180616.16|197.34
600707.SH|6.95|6.95|6.81|6.95|92414136.0|64708.72|6.31
600330.SH|20.6|20.79|18.66|19.0|219937712.0|426268.72|19.7
603306.SH|97.92|103.71|96.11|101.72|28239900.0|282943.34|96.98
002364.SZ|35.02|35.02|35.02|35.02|3389150.0|11902.69|31.83
002025.SZ|76.53|77.16|74.07|76.1|40600840.0|307970.97|78.09
002536.SZ|34.06|35.5|33.7|34.01|79201624.0|275663.22|33.26
603950.SH|49.24|49.24|49.24|49.24|6489246.0|32037.41|44.75
