603256.SH|45.13|47.43|44.51|47.43|46374224.0|212915.66|43.12
000657.SZ|43.04|44.39|41.7|42.51|111529144.0|478299.53|41.68
002156.SZ|57.95|59.2|54.86|56.0|288494272.0|1624704.5|56.11
002851.SZ|115.56|118.42|113.0|114.06|19511044.0|223823.95|113.85
002185.SZ|14.95|14.95|13.7|13.85|582559104.0|825959.44|14.18
000066.SZ|19.6|19.6|18.61|19.5|719230208.0|1374440.63|17.82
000688.SZ|27.99|28.8|27.32|27.44|33177064.0|92420.36|27.92
601212.SH|8.25|9.43|8.2|9.43|616801792.0|555527.75|8.57
001203.SZ|31.91|33.26|29.8|30.14|59894372.0|184678.39|30.66
002240.SZ|37.49|39.8|37.23|39.13|102507616.0|397746.25|37.33
600246.SH|14.38|14.9|13.91|14.03|185925360.0|265214.0|13.71
001389.SZ|101.24|105.06|99.0|105.06|30637008.0|314828.78|95.51
601069.SH|33.5|34.96|32.89|33.9|50199844.0|169710.86|35.31
002290.SZ|67.09|68.62|63.0|64.13|19099692.0|125772.63|64.02
002716.SZ|12.93|15.0|12.93|15.0|750349440.0|1063068.63|13.64
