601868.SH|2.95|3.05|2.9|2.94|3310055936.0|981207.13|2.89
600482.SH|38.47|38.68|36.68|37.66|69916712.0|263858.16|39.26
002648.SZ|29.3|29.6|27.57|27.7|199125920.0|571366.13|26.91
002261.SZ|39.49|42.96|37.91|42.96|340835680.0|1379803.75|39.05
001896.SZ|15.0|16.77|15.0|15.95|264301344.0|420278.91|15.88
002015.SZ|17.18|17.18|16.38|17.18|114771200.0|196153.53|15.62
002498.SZ|9.84|10.49|9.71|9.96|586734336.0|591725.13|9.83
603063.SH|31.6|31.89|31.01|31.8|38376320.0|120891.02|31.9
600396.SH|3.51|3.77|3.48|3.63|184783328.0|67361.8|3.66
601567.SH|30.58|32.35|30.4|32.35|77080256.0|245098.67|29.41
