002916.SZ|281.6|285.8|274.41|283.06|12240844.0|345698.97|287.74
002463.SZ|84.86|85.3|82.0|83.1|117552776.0|985254.19|84.86
600487.SH|41.97|47.33|41.97|47.23|187329456.0|844778.94|44.06
600522.SH|27.32|29.32|26.74|28.88|278412416.0|796464.13|27.33
002008.SZ|69.52|73.01|68.52|72.1|83346616.0|593094.06|69.52
600498.SH|45.45|51.45|45.45|51.45|157100448.0|767111.63|46.76
600875.SH|37.52|37.67|35.57|36.54|148155264.0|547491.25|36.82
002428.SZ|44.65|48.82|44.39|48.25|167995904.0|795919.06|44.38
603308.SH|73.24|76.78|69.0|69.84|56501216.0|409915.41|72.9
002378.SZ|38.42|40.48|38.4|40.48|39952032.0|159018.63|36.79
002491.SZ|10.12|10.98|10.08|10.59|246958368.0|260452.42|10.48
001389.SZ|118.58|119.66|114.35|119.09|14365425.0|169766.89|117.02
001896.SZ|12.76|13.34|12.54|13.34|128005864.0|168374.97|12.13
603530.SH|57.1|59.82|56.79|59.82|11119433.0|66039.35|54.35
603950.SH|41.87|44.38|41.87|44.38|4992592.0|22065.72|40.33
