600183.SH|147.0|154.5|144.64|146.9|95919448.0|1426226.0|147.47
600487.SH|106.0|109.99|104.42|106.88|212989152.0|2267439.0|105.02
603256.SH|201.21|203.33|188.0|197.85|21733070.0|423986.84|207.34
600176.SH|40.0|40.72|38.9|39.37|209086624.0|832836.38|39.12
600522.SH|52.5|53.79|49.18|50.2|383672448.0|1956162.38|54.48
601869.SH|482.0|495.0|445.0|452.69|17984512.0|837131.06|484.33
002080.SZ|64.68|65.55|61.87|62.8|54513168.0|346613.66|64.68
600673.SH|33.99|34.06|32.78|33.3|64556616.0|215178.94|34.71
002484.SZ|90.93|92.8|85.5|87.6|54996080.0|488439.28|91.98
000636.SZ|62.91|63.99|58.61|59.81|172618640.0|1049504.5|61.08
002837.SZ|70.88|72.69|68.25|68.9|71581608.0|505996.03|69.72
002636.SZ|76.0|77.42|74.46|77.42|38421040.0|295309.09|70.38
601208.SH|62.57|64.34|61.1|62.35|148350272.0|930510.75|59.62
605376.SH|192.7|196.6|185.1|194.0|16744335.0|320542.53|190.3
605589.SH|59.45|59.45|59.45|59.45|17861752.0|107349.13|53.99
603260.SH|38.98|40.65|38.8|39.85|17719508.0|70872.57|39.33
002138.SZ|58.5|61.69|57.16|58.3|73700544.0|435089.34|61.23
605358.SH|74.0|75.69|70.2|73.5|106485920.0|782773.69|71.17
603929.SH|205.0|226.39|205.0|222.06|17917852.0|398118.22|205.81
603688.SH|74.98|75.71|71.71|73.22|38255236.0|281737.06|74.63
002240.SZ|47.7|49.08|47.1|47.7|91641040.0|440802.63|46.88
002129.SZ|10.0|10.3|9.81|10.13|477023968.0|481918.88|9.81
600330.SH|29.3|30.15|28.38|29.08|130945544.0|382718.53|29.46
002859.SZ|86.66|86.7|81.29|82.58|29276852.0|243535.08|88.33
000811.SZ|32.12|32.68|31.27|31.43|29980200.0|95149.89|32.14
603663.SH|71.2|75.09|70.2|74.79|35654752.0|259722.02|69.8
600500.SH|6.55|6.55|6.55|6.55|31438840.0|20592.44|5.95
600641.SH|26.9|28.9|26.7|27.53|63412424.0|176377.52|27.03
605111.SH|60.7|61.63|57.4|58.69|22350446.0|132228.11|61.8
001896.SZ|21.01|22.35|20.36|21.17|246778480.0|528387.0|21.56
002747.SZ|39.66|39.9|35.31|35.8|194005824.0|724866.19|37.53
000029.SZ|25.73|26.96|25.33|26.96|4918899.0|13129.57|24.51
600186.SH|11.15|11.8|10.88|11.62|336392640.0|382253.75|11.54
600396.SH|20.85|21.2|19.11|19.11|281982528.0|564959.75|21.23
000158.SZ|15.36|16.23|15.18|15.45|86102112.0|135650.31|15.3
