603986.SH|346.25|356.61|338.25|349.41|52387880.0|1817455.0|343.54
603256.SH|134.93|144.04|134.93|144.04|22106044.0|311021.47|130.94
000338.SZ|35.71|35.85|34.24|35.0|180351376.0|628623.88|34.32
002080.SZ|62.52|63.42|60.09|62.75|59176568.0|366928.16|60.26
001309.SZ|603.0|633.0|597.0|616.51|25291332.0|1558130.5|577.29
600673.SH|42.83|42.83|42.83|42.83|18588030.0|79612.53|38.94
002156.SZ|60.72|60.72|57.52|59.0|251739664.0|1484128.63|56.87
601991.SH|4.98|5.04|4.88|5.04|334044704.0|166533.39|4.58
002428.SZ|77.0|81.48|75.2|80.19|105690336.0|828714.75|77.0
603156.SH|41.8|42.6|39.66|40.49|25174188.0|105002.41|40.31
000066.SZ|23.29|23.98|22.98|23.98|509688224.0|1199715.13|21.8
002203.SZ|19.57|20.88|18.73|20.76|113651960.0|225096.73|19.66
603629.SH|114.16|118.7|111.89|112.79|40009976.0|646158.13|113.2
000783.SZ|8.54|8.54|7.89|8.04|400330560.0|334971.25|8.49
603618.SH|32.62|34.2|32.45|34.2|44010708.0|148743.89|31.09
000060.SZ|7.66|8.12|7.54|8.03|723581440.0|569822.75|7.38
000967.SZ|15.1|16.29|14.61|16.29|288277504.0|446752.66|14.8
002245.SZ|15.41|15.44|15.02|15.21|91604656.0|206728.67|15.29
001389.SZ|182.52|183.34|174.55|179.67|13193737.0|236736.39|178.93
002015.SZ|20.29|20.81|20.0|20.49|242570256.0|497830.03|19.43
002364.SZ|44.98|46.65|44.37|46.2|81033032.0|368880.66|44.77
002149.SZ|70.9|74.5|70.08|73.37|114457272.0|828519.81|69.76
603115.SH|63.25|64.84|60.96|63.13|9733800.0|61956.67|61.98
603063.SH|49.44|50.86|48.68|50.62|44455416.0|222732.47|48.14
600396.SH|10.91|12.0|10.91|12.0|168280992.0|197135.95|10.91
601016.SH|4.82|5.08|4.75|4.99|971242368.0|478949.84|4.69
001287.SZ|28.44|28.96|27.99|28.96|64867096.0|186376.75|28.99
002290.SZ|91.79|94.29|88.79|93.25|24388502.0|225146.06|89.2
002044.SZ|6.16|6.27|5.88|6.19|532832224.0|326484.38|5.96
