601100.SH|123.2|124.0|116.51|117.5|14592502.0|173635.5|121.66
002353.SZ|164.88|176.59|161.88|171.11|23710824.0|407270.13|161.46
601689.SH|62.92|63.97|60.1|60.57|81460088.0|506807.56|62.43
600580.SH|38.0|39.49|37.3|37.91|134687840.0|513801.53|37.35
000975.SZ|19.7|21.47|19.38|20.21|139877376.0|289410.38|19.84
600988.SH|31.23|33.59|31.23|31.6|148316640.0|483333.16|31.23
600143.SH|17.4|17.4|16.16|16.16|112712232.0|187623.33|17.01
002850.SZ|230.68|237.77|223.64|223.91|16555217.0|382238.88|226.16
002294.SZ|40.0|44.0|39.0|39.83|79866016.0|330530.91|40.08
002472.SZ|48.55|49.42|46.63|46.75|109165864.0|524112.19|47.01
002747.SZ|45.11|48.3|45.11|46.03|193255072.0|904847.06|44.77
603730.SH|12.74|13.2|12.31|12.31|38048904.0|48358.56|13.0
001270.SZ|177.0|179.65|158.0|159.39|24228448.0|412839.28|163.32
603596.SH|27.57|27.57|26.64|26.7|25274256.0|68352.73|27.65
600801.SH|17.65|18.6|17.65|17.95|41046184.0|73942.67|18.11
002536.SZ|51.82|57.16|51.66|55.0|73758416.0|405660.75|51.96
603338.SH|52.46|54.45|51.0|52.99|17302218.0|92149.57|51.67
601069.SH|25.04|27.85|25.04|25.34|46976544.0|123580.3|25.91
003021.SZ|102.1|103.0|95.2|95.38|10643832.0|104868.91|100.8
