603501.SH|106.95|106.95|103.4|103.89|51166012.0|537508.94|104.63
002484.SZ|38.28|38.57|37.15|37.64|69912320.0|264736.97|37.64
603228.SH|75.34|75.99|71.99|73.32|53736620.0|394283.13|75.35
600418.SH|49.03|49.15|47.67|47.96|50128308.0|242568.73|48.94
600726.SH|6.33|7.02|6.27|7.02|563718656.0|368436.47|6.38
600707.SH|8.91|9.04|8.44|8.66|150399376.0|129802.66|8.88
600246.SH|10.66|10.72|10.15|10.22|118402624.0|123328.2|10.67
000062.SZ|38.28|39.2|35.74|36.2|145183680.0|542951.38|37.77
603486.SH|69.58|69.58|66.71|67.0|18074572.0|122686.55|67.8
600637.SH|11.0|11.0|10.2|10.25|177054288.0|184706.72|10.86
600396.SH|10.13|11.13|10.06|10.8|449694976.0|474840.72|10.12
