002281.SZ|188.0|198.79|183.02|198.79|77031872.0|1476637.63|180.72
601991.SH|6.0|6.09|5.88|6.09|278311776.0|168121.08|5.54
600498.SH|59.9|59.9|55.5|58.51|179435520.0|1035517.88|56.9
605358.SH|51.33|51.37|48.43|49.99|77557232.0|388148.31|49.83
002222.SZ|113.9|113.9|104.22|108.59|66810224.0|728240.94|108.14
002491.SZ|22.73|22.73|22.23|22.73|87318464.0|198192.89|20.66
603618.SH|39.2|40.0|35.5|37.3|130037184.0|481663.09|37.62
001267.SZ|65.64|65.94|60.94|63.74|60004840.0|380183.28|62.32
000547.SZ|28.59|29.97|27.47|28.81|379520960.0|1075337.25|27.59
002536.SZ|44.74|45.21|43.1|44.2|63874236.0|283584.78|43.04
603667.SH|78.08|80.38|75.88|79.06|60844388.0|479677.75|78.05
000582.SZ|13.62|13.62|12.6|12.67|155951264.0|203065.88|13.59
600536.SH|43.45|43.7|41.88|42.28|54985476.0|232798.92|43.45
002624.SZ|17.67|17.67|16.4|16.49|157149696.0|267470.72|17.22
