601869.SH|246.0|256.64|243.0|256.64|21614004.0|546244.44|233.31
002636.SZ|31.14|32.87|30.59|31.28|48276420.0|153662.58|30.87
600026.SH|26.32|26.79|24.3|24.95|144301248.0|374467.88|25.49
002428.SZ|47.99|49.12|46.8|48.42|128135336.0|617133.5|44.65
002222.SZ|69.84|70.0|65.8|67.25|42671544.0|290749.28|64.69
603929.SH|203.35|208.65|195.79|198.33|10072661.0|205305.25|189.53
000688.SZ|36.7|37.82|36.15|37.57|39216016.0|145573.7|35.73
001203.SZ|40.25|41.27|39.82|40.65|42209136.0|172099.63|40.06
000811.SZ|18.35|19.03|18.21|18.62|33070344.0|62267.09|18.01
002491.SZ|11.08|11.4|10.96|11.4|41281084.0|46516.29|10.36
603115.SH|35.9|37.11|35.0|35.73|11945503.0|43689.76|34.61
600186.SH|6.9|7.24|6.9|7.03|289609152.0|204978.97|6.77
002498.SZ|9.17|9.34|8.86|8.98|387842240.0|355646.03|8.76
600396.SH|8.01|8.34|8.01|8.34|99893232.0|82388.2|7.58
000415.SZ|4.4|4.43|4.33|4.39|118102200.0|51701.33|4.29
601016.SH|4.98|5.4|4.91|5.4|733069696.0|381480.69|4.91
002192.SZ|62.78|64.24|62.38|64.24|38163312.0|244753.09|58.38
601606.SH|40.2|43.27|39.01|43.27|62423368.0|257948.36|39.34
601975.SH|4.85|4.91|4.52|4.61|555759360.0|264307.13|4.8
