600549.SH|49.6|49.9|46.85|48.62|74633056.0|362082.59|47.79
601698.SH|50.96|53.85|49.97|53.85|262946096.0|1382314.88|48.95
601958.SH|18.88|18.88|17.78|18.2|75763784.0|137688.91|18.38
002202.SZ|33.99|35.13|33.55|35.13|379619360.0|1318951.38|31.94
002625.SZ|57.95|57.95|55.97|57.54|91657784.0|524011.97|55.38
600879.SH|30.5|31.56|30.0|31.56|403764928.0|1256751.25|28.69
002428.SZ|40.51|42.1|38.23|40.99|147209856.0|592452.94|38.91
002203.SZ|14.37|14.66|13.88|14.28|108794448.0|155341.56|13.92
600143.SH|21.51|21.8|20.95|21.31|367031840.0|792210.69|20.72
603179.SH|63.61|63.84|59.39|59.96|22205068.0|189290.66|61.09
000987.SZ|10.57|11.01|10.27|10.71|320818368.0|346472.44|10.0
002046.SZ|48.79|50.83|47.8|50.83|40744288.0|205453.73|46.19
002131.SZ|8.18|8.18|8.18|8.18|30521192.0|25057.9|7.43
600637.SH|14.65|14.65|14.5|14.65|97723576.0|143130.81|13.32
603067.SH|37.0|37.8|35.94|37.1|50481072.0|185369.39|35.1
000969.SZ|26.8|27.51|26.57|27.51|73501064.0|201338.13|24.99
601106.SH|5.7|5.95|5.55|5.95|382079904.0|223811.36|5.41
002044.SZ|6.74|6.74|6.74|6.74|37432172.0|25229.28|6.13
