600183.SH|97.85|101.87|94.02|100.78|81149016.0|798298.56|98.95
000988.SZ|151.06|159.69|147.28|158.4|142273312.0|2180629.5|147.38
000021.SZ|37.03|38.38|35.95|37.67|301378112.0|1122439.38|37.03
601126.SH|83.32|87.4|80.89|81.58|33365596.0|276346.44|84.16
603156.SH|52.02|52.38|46.31|48.36|29135680.0|140479.05|51.46
600578.SH|7.71|8.48|6.98|8.27|520299424.0|415040.44|7.71
600909.SH|6.28|6.36|6.12|6.26|289149856.0|180098.0|6.28
000962.SZ|57.59|58.48|54.11|55.5|35004968.0|193997.38|56.36
600500.SH|6.3|6.45|5.95|6.13|208723312.0|128127.86|6.23
603115.SH|86.24|91.6|81.66|91.6|8757580.0|75467.01|83.27
