601991.SH|7.14|7.37|7.08|7.37|243588528.0|177108.66|6.7
600869.SH|23.0|23.49|22.43|23.06|179519872.0|412040.91|22.89
002428.SZ|99.99|105.09|97.09|101.5|107857872.0|1091052.0|101.41
600667.SH|11.77|13.4|11.66|13.2|404335712.0|519322.25|12.21
603688.SH|73.21|76.35|70.99|76.1|51084640.0|379172.19|73.17
002491.SZ|25.01|27.45|25.01|26.95|285099776.0|751903.56|25.0
603061.SH|313.22|330.3|306.01|323.0|4368744.0|138260.61|313.49
000029.SZ|26.99|27.51|26.13|26.67|25993104.0|69857.95|26.46
002498.SZ|10.48|10.97|10.34|10.97|211348528.0|227490.84|9.97
600396.SH|15.05|16.56|15.05|16.56|158463648.0|257075.16|15.05
