603986.SH|510.0|538.02|491.2|526.22|64338392.0|3301765.75|515.6
002938.SZ|116.0|122.97|111.92|116.0|100340312.0|1167432.75|114.32
603256.SH|175.31|190.87|171.5|183.9|23787788.0|434029.06|175.31
000988.SZ|171.94|175.8|165.96|170.32|111606176.0|1901815.75|171.94
600584.SH|83.0|88.19|81.15|88.19|339836672.0|2878465.0|80.17
002156.SZ|73.02|76.76|69.93|75.39|339104128.0|2482094.5|69.78
000636.SZ|42.12|43.5|40.18|41.7|264557344.0|1106508.88|41.38
002851.SZ|134.0|139.39|132.65|137.99|37530008.0|510350.03|132.36
002185.SZ|18.67|18.67|18.16|18.67|603930944.0|1124329.0|16.97
603083.SH|213.0|219.49|202.0|204.94|31443990.0|657573.63|209.0
600726.SH|7.27|7.61|7.17|7.61|203075856.0|151928.75|6.92
600578.SH|9.49|9.89|9.15|9.17|503383104.0|478687.66|9.04
002409.SZ|125.54|126.19|119.6|123.21|39623448.0|485630.97|128.15
002056.SZ|22.8|24.15|22.8|23.45|128321248.0|300179.72|22.41
603663.SH|55.54|60.26|55.54|58.3|35840720.0|208712.47|55.54
600863.SH|5.92|6.3|5.7|6.1|459372288.0|279805.38|5.93
002432.SZ|92.28|92.99|87.13|91.58|47683568.0|431205.75|87.86
605111.SH|65.37|65.37|60.05|64.35|60467436.0|378445.47|63.22
600637.SH|11.0|11.09|10.3|10.31|211609184.0|222911.33|11.44
603005.SH|46.06|47.33|42.49|45.1|202564480.0|897237.0|43.05
603730.SH|13.45|14.08|12.92|13.87|62263768.0|85196.73|13.19
600186.SH|12.99|13.7|12.81|13.19|398784800.0|523704.13|12.93
600396.SH|16.02|17.6|15.51|16.88|308191872.0|516969.63|16.02
601608.SH|6.24|6.28|6.05|6.09|131165224.0|80360.69|6.24
000564.SZ|1.83|1.89|1.77|1.78|751063424.0|136620.7|1.8
