002384.SZ|219.6|232.02|219.0|223.99|117506872.0|2655362.5|210.93
600487.SH|89.73|91.16|87.85|91.16|69916280.0|633326.56|82.85
601869.SH|423.0|449.61|420.99|444.99|21177244.0|938379.19|408.74
600362.SH|48.5|49.48|47.43|48.02|101473416.0|493040.44|47.48
600105.SH|50.99|54.57|50.76|51.91|228795456.0|1212176.5|49.61
002851.SZ|148.0|162.75|145.5|157.98|67813856.0|1058644.63|147.95
600869.SH|25.9|27.81|25.48|26.9|190718208.0|511460.97|25.28
000960.SZ|43.83|44.96|42.93|43.75|147566064.0|650012.44|43.19
605589.SH|52.68|56.3|52.55|54.0|84973512.0|466389.88|53.47
600667.SH|14.94|15.54|14.58|14.81|371868032.0|561674.94|14.88
000062.SZ|35.63|36.6|32.72|32.84|133721048.0|467919.22|33.52
600500.SH|6.37|6.37|5.81|5.97|168773120.0|101664.45|6.27
600114.SH|38.79|40.99|38.58|39.22|47293144.0|188149.14|38.79
