600089.SH|30.9|32.99|29.11|30.78|851523776.0|2628502.5|30.5
002028.SZ|202.45|202.45|191.15|196.82|22455816.0|440982.13|204.49
600893.SH|45.98|48.5|45.08|45.43|124505048.0|574996.81|44.63
601179.SH|15.0|15.8|14.8|15.63|715355328.0|1102579.25|14.36
002636.SZ|20.86|22.29|20.12|20.4|94262384.0|200097.86|20.25
600378.SH|37.79|38.49|36.82|37.46|16616431.0|63017.05|37.79
601126.SH|39.07|39.88|36.78|39.11|50693880.0|198189.91|38.44
605376.SH|73.71|76.23|71.59|73.99|28341696.0|210325.59|69.3
600372.SH|15.91|16.21|15.37|15.65|214307776.0|338490.13|15.76
002558.SZ|51.61|53.16|50.21|50.95|69033616.0|356123.41|49.75
000987.SZ|11.0|11.01|10.01|10.52|315609056.0|328353.78|10.34
603061.SH|160.81|182.5|160.36|179.83|4625344.0|114909.57|168.06
603115.SH|24.0|24.93|23.02|23.56|17956750.0|42741.8|24.24
600114.SH|34.4|35.3|33.72|34.02|41517176.0|144158.33|34.65
600312.SH|22.94|24.09|22.5|23.51|141186816.0|328204.28|22.76
603667.SH|88.88|91.75|83.39|85.38|63830112.0|552275.13|89.08
002498.SZ|5.24|5.24|5.24|5.24|18150962.0|9583.71|4.76
000738.SZ|24.0|25.48|23.8|24.52|120688648.0|294939.66|23.54
000400.SZ|32.34|34.63|31.75|32.89|153987984.0|503981.47|32.4
600550.SH|15.54|17.25|15.29|16.25|399375648.0|651946.63|15.69
