20250103|-1.8686|-1.8686|-1.8686
20250106|0.2129|-0.8278|-0.8278
20250107|1.2452|-0.1368|-0.1368
20250108|-0.3189|-0.1823|-0.1823
20250109|0.1541|-0.1151|-0.1151
20250110|-1.5526|-0.0519|-0.3546
20250113|0.0057|-0.0933|-0.3032
20250114|3.3307|0.3238|0.1511
20250115|-0.6273|0.2621|0.0646
20250116|0.5582|0.3430|0.1140
20250117|0.5484|0.7632|0.3556
20250120|0.3987|0.8417|0.3742
20250121|0.0763|0.1909|0.2573
20250122|-0.5855|0.1992|0.2307
20250123|-0.1202|0.0635|0.2032
20250124|1.1321|0.1803|0.4717
20250127|-0.6644|-0.0323|0.4047
20250205|-0.2524|-0.0981|0.0464
20250206|1.7249|0.3640|0.2816
20250207|1.4573|0.6795|0.3715
20250210|0.5837|0.5698|0.3750
20250211|-0.2033|0.6620|0.3149
20250212|1.0354|0.9196|0.4108
20250213|-0.6701|0.4406|0.4023
20250214|0.4500|0.2392|0.4593
20250217|0.3291|0.1882|0.3790
20250218|-1.2772|-0.0266|0.3177
20250219|1.3354|0.0335|0.4765
20250220|0.2516|0.2178|0.3292
20250221|1.0782|0.3434|0.2913
20250224|0.2461|0.3268|0.2575
20250225|-1.0178|0.3787|0.1761
20250226|1.2375|0.3591|0.1963
20250227|-0.2442|0.2600|0.2389
20250228|-2.2396|-0.4036|-0.0301
20250303|0.2979|-0.3932|-0.0332
20250304|0.5482|-0.0800|0.1493
20250305|0.4009|-0.2474|0.0559
20250306|1.2355|0.0486|0.1543
20250307|-0.0896|0.4786|0.0375
20250310|0.1842|0.4558|0.0313
20250311|0.5487|0.4559|0.1879
20250312|0.0789|0.3915|0.0721
20250313|-0.4876|0.0469|0.0477
20250314|1.6338|0.3916|0.4351
20250317|0.1015|0.3750|0.4154
20250318|0.3265|0.3306|0.3933
20250319|-0.3984|0.2351|0.3133
20250320|-0.4563|0.2414|0.1442
20250321|-1.2694|-0.3392|0.0262
20250324|0.0697|-0.3456|0.0147
20250325|0.0070|-0.4095|-0.0394
20250326|0.0087|-0.3281|-0.0465
20250327|-0.1253|-0.2619|-0.0102
20250328|-0.6747|-0.1429|-0.2411
20250331|-0.8547|-0.3278|-0.3367
20250401|0.6968|-0.1899|-0.2997
20250402|-0.0006|-0.1917|-0.2599
20250403|-0.8245|-0.3316|-0.2967
20250407|-8.4069|-1.8780|-1.0105
20250408|-0.0266|-1.7124|-1.0201
20250409|1.5815|-1.5354|-0.8626
20250410|1.8939|-1.1565|-0.6741
20250411|0.5422|-0.8832|-0.6074
20250414|1.0369|1.0056|-0.4362
20250415|-0.4204|0.9268|-0.3928
20250416|-0.6403|0.4825|-0.5265
20250417|-0.0138|0.1009|-0.5278
20250418|0.1930|0.0311|-0.4261
20250421|1.3191|0.0875|0.5465
20250422|-0.0803|0.1555|0.5412
20250423|0.3371|0.3510|0.4167
20250424|-0.3850|0.2768|0.1888
20250425|0.4092|0.3200|0.1755
20250428|-0.4908|-0.0420|0.0228
20250429|0.1059|-0.0047|0.0754
20250430|0.2818|-0.0158|0.1676
20250506|2.0302|0.4673|0.3720
20250507|0.4904|0.4835|0.4018
20250508|0.4514|0.6719|0.3150
20250509|-0.5492|0.5409|0.2681
20250512|1.3322|0.7510|0.3676
20250513|-0.0030|0.3444|0.4058
20250514|0.5898|0.3642|0.4239
20250515|-1.2672|0.0205|0.3462
20250516|0.0759|0.1455|0.3432
20250519|0.1720|-0.0865|0.3322
20250520|0.3993|-0.0060|0.1692
20250521|0.2669|-0.0706|0.1468
20250522|-0.7186|0.0391|0.0298
20250523|-0.8376|-0.1436|0.0010
20250526|0.2117|-0.1356|-0.1111
20250527|-0.5681|-0.3291|-0.1676
20250528|-0.0782|-0.3982|-0.2344
20250529|1.1060|-0.0332|0.0029
20250530|-0.7655|-0.0188|-0.0812
20250603|0.3371|0.0063|-0.0647
20250604|0.8966|0.2992|-0.0150
20250605|0.4911|0.4131|0.0074
20250606|0.0140|0.1947|0.0807
20250609|0.6460|0.4770|0.2291
20250610|-0.6258|0.2844|0.1453
20250611|0.7354|0.2521|0.2757
20250612|0.0614|0.1662|0.2896
20250613|-0.7099|0.0214|0.1080
20250616|0.3716|-0.0335|0.2218
20250617|-0.0417|0.0834|0.1839
20250618|0.0492|-0.0539|0.0991
20250619|-1.1652|-0.2992|-0.0665
20250620|-0.3200|-0.2212|-0.0999
20250623|0.6137|-0.1728|-0.1031
20250624|1.3616|0.1079|0.0956
20250625|1.2701|0.3521|0.1491
20250626|-0.3195|0.5212|0.1110
20250627|0.4506|0.6753|0.2270
20250630|0.8010|0.7127|0.2700
20250701|0.5435|0.5491|0.3285
20250702|-0.1103|0.2731|0.3126
20250703|0.5719|0.4513|0.4863
20250704|-0.0590|0.3494|0.5124
20250707|0.0656|0.2023|0.4575
20250708|1.2354|0.3407|0.4449
20250709|-0.2903|0.3047|0.2889
20250710|0.5487|0.3001|0.3757
20250711|0.4277|0.3974|0.3734
20250714|0.3490|0.4541|0.3282
20250715|-0.2817|0.1507|0.2457
20250716|-0.0562|0.1975|0.2511
20250717|0.9919|0.2862|0.2931
20250718|0.5667|0.3139|0.3557
20250721|1.3806|0.5203|0.4872
20250722|1.1204|0.8007|0.4757
20250723|-0.3908|0.7337|0.4656
20250724|1.2947|0.7943|0.5402
20250725|-0.1890|0.6432|0.4786
20250728|0.1122|0.3895|0.4549
20250729|0.4224|0.2499|0.5253
20250730|-0.3366|0.2607|0.4972
20250731|-1.5686|-0.3119|0.2412
20250801|-0.1691|-0.3080|0.1676
20250804|0.7024|-0.1899|0.0998
20250805|0.8511|-0.1042|0.0729
20250806|0.7036|0.1039|0.1823
20250807|0.0098|0.4196|0.0538
20250808|0.1832|0.4900|0.0910
20250811|0.8178|0.5131|0.1616
20250812|0.2358|0.3900|0.1429
20250813|1.0707|0.4635|0.2837
20250814|-0.9104|0.2794|0.3495
20250815|1.7739|0.5976|0.5438
20250818|1.0447|0.6429|0.5780
20250819|0.0644|0.6087|0.4993
20250820|1.1384|0.6222|0.5428
20250821|-0.1109|0.7821|0.5308
20250822|1.2140|0.6701|0.6338
20250825|1.8767|0.8365|0.7397
20250826|0.3198|0.8876|0.7481
20250827|-1.8405|0.2918|0.4570
20250828|1.3938|0.5927|0.6874
20250829|0.4856|0.4471|0.5586
20250901|0.6964|0.2110|0.5238
20250902|-1.3302|-0.1190|0.3843
20250903|-1.4107|-0.0330|0.1294
20250904|-1.6418|-0.6401|-0.0237
20250905|2.4151|-0.2542|0.0964
20250908|1.1574|-0.1620|0.0245
20250909|-0.3076|0.0425|-0.0382
20250910|-0.1934|0.2859|0.1265
20250911|2.0538|1.0251|0.1925
20250912|0.2331|0.5887|0.1672
20250915|-0.1364|0.3299|0.0839
20250916|0.3783|0.4671|0.2548
20250917|0.9208|0.6899|0.4879
20250918|-1.1844|0.0423|0.5337
20250919|0.0766|0.0110|0.2998
20250922|0.2363|0.0855|0.2077
20250923|-0.5348|-0.0971|0.1850
20250924|1.2611|-0.0290|0.3304
20250925|0.0595|0.2197|0.1310
20250926|-0.7209|0.0602|0.0356
20250929|1.4728|0.3075|0.1965
20250930|0.8268|0.5798|0.2414
20251009|2.0056|0.7287|0.3499
20251010|-0.7016|0.5765|0.3981
20251013|-0.1756|0.6856|0.3729
20251014|-1.1585|0.1593|0.2334
20251015|1.2263|0.2392|0.4095
20251016|-0.5832|-0.2785|0.2251
20251017|-2.4550|-0.6292|-0.0263
20251020|0.6431|-0.4655|0.1101
20251021|1.2454|0.0153|0.0873
20251022|-0.5173|-0.3334|-0.0471
20251023|0.2701|-0.1627|-0.2206
20251024|0.8761|0.5035|-0.0629
20251027|1.3727|0.6494|0.0920
20251028|-0.2889|0.3425|0.1789
20251029|1.7057|0.7871|0.2269
20251030|-0.7694|0.5792|0.2083
20251031|-0.5398|0.2961|0.3998
20251103|0.3023|0.0820|0.3657
20251104|-1.1498|-0.0902|0.1262
20251105|0.5078|-0.3298|0.2287
20251106|1.5354|0.1312|0.3552
20251107|0.0362|0.2464|0.2712
20251110|0.5419|0.2943|0.1881
20251111|-0.4281|0.4386|0.1742
20251112|-0.6553|0.2060|-0.0619
20251113|1.2725|0.1534|0.1423
20251114|-1.2108|-0.0960|0.0752
20251117|-0.2234|-0.2490|0.0226
20251118|-1.1277|-0.3889|0.0248
20251119|-0.0465|-0.2672|-0.0306
20251120|-0.5564|-0.6330|-0.2398
20251121|-3.1303|-1.0169|-0.5564
20251124|0.4254|-0.8871|-0.5681
20251125|1.1204|-0.4375|-0.4132
20251126|-0.1007|-0.4483|-0.3577
20251127|0.0293|-0.3312|-0.4821
20251128|0.8486|0.4646|-0.2761
20251201|1.1217|0.6039|-0.1416
20251202|-0.6884|0.2421|-0.0977
20251203|-0.2723|0.2078|-0.1203
20251204|-0.0752|0.1869|-0.0721
20251205|1.1883|0.2548|0.3597
20251208|0.6447|0.1594|0.3817
20251209|-0.8108|0.1350|0.1885
20251210|0.5104|0.2915|0.2496
20251211|-0.8370|0.1391|0.1630
20251212|0.8831|0.0781|0.1665
20251215|-0.3106|-0.1130|0.0232
20251216|-1.4144|-0.2337|-0.0494
20251217|1.6942|0.0031|0.1473
20251218|-0.2769|0.1151|0.1271
20251219|0.9063|0.1197|0.0989
20251222|1.1300|0.4078|0.1474
20251223|0.0181|0.6943|0.2303
20251224|1.0026|0.5560|0.2795
20251225|0.4289|0.6972|0.4061
20251226|0.6086|0.6376|0.3787
20251229|-0.3238|0.3469|0.3773
20251230|0.1162|0.3665|0.5304
20251231|-0.0196|0.1620|0.3590
20260105|1.6094|0.3981|0.5477
20260106|1.8570|0.6478|0.6427
20260107|0.3852|0.7896|0.5682
20260108|0.0630|0.7790|0.5727
20260109|1.2585|1.0346|0.5983
20260112|1.2099|0.9547|0.6764
20260113|-0.8181|0.4197|0.5338
20260114|0.0701|0.3567|0.5732
20260115|0.2106|0.3862|0.5826
20260116|-0.0661|0.1213|0.5779
20260119|1.2067|0.1206|0.5377
20260120|0.1100|0.3063|0.3630
20260121|0.7386|0.4400|0.3983
20260122|0.5698|0.5118|0.4490
20260123|1.0599|0.7370|0.4291
20260126|-0.2595|0.4437|0.2822
20260127|-0.2674|0.3683|0.3373
20260128|0.8981|0.4002|0.4201
20260129|-0.0983|0.2666|0.3892
20260130|-1.4025|-0.2259|0.2555
20260202|-3.0011|-0.7742|-0.1652
20260203|2.3697|-0.2468|0.0607
20260204|1.0544|-0.2156|0.0923
20260205|-1.3000|-0.4559|-0.0947
20260206|0.0729|-0.1608|-0.1934
20260209|1.7037|0.7801|0.0029
20260210|0.1184|0.3299|0.0415
20260211|0.5061|0.2202|0.0023
20260212|0.6515|0.6105|0.0773
20260213|-1.3473|0.3265|0.0828
20260224|1.8178|0.3493|0.5647
20260225|1.3467|0.5950|0.4624
20260226|0.4808|0.5899|0.4051
20260227|0.9841|0.6564|0.6335
20260302|0.5838|1.0426|0.6846
20260303|-2.6844|0.1422|0.2458
20260304|-0.6965|-0.2664|0.1643
20260305|0.8795|-0.1867|0.2016
20260306|0.6326|-0.2570|0.1997
20260309|-0.9529|-0.5643|0.2392
20260310|1.2806|0.2287|0.1854
20260311|0.6140|0.4908|0.1122
20260312|-0.1273|0.2894|0.0514
20260313|-1.1246|-0.0621|-0.1595
20260316|-0.7187|-0.0152|-0.2898
20260317|-1.5181|-0.5749|-0.1731
20260318|0.4748|-0.6028|-0.0560
20260319|-2.3296|-1.0432|-0.3769
20260320|-1.2432|-1.0669|-0.5645
20260323|-3.7652|-1.6762|-0.8457
20260324|2.3051|-0.9116|-0.7433
20260325|1.9321|-0.6202|-0.6115
20260326|-1.2941|-0.4131|-0.7281
20260327|0.9939|0.0343|-0.5163
20260330|0.2567|0.8387|-0.4188
20260331|-1.4309|0.0915|-0.4100
20260401|1.5600|0.0171|-0.3015
20260402|-1.2361|0.0287|-0.1922
20260403|-1.0274|-0.3755|-0.1706
20260407|0.5744|-0.3120|0.2634
20260408|3.7572|0.7257|0.4086
20260409|-0.4362|0.3264|0.1718
20260410|0.8275|0.7391|0.3839
20260413|0.2661|0.9978|0.3111
20260414|0.9043|1.0638|0.3759
20260415|-0.2443|0.2635|0.4946
20260416|1.1124|0.5732|0.4498
20260417|0.2367|0.4550|0.5971
20260420|0.8210|0.5660|0.7819
20260421|0.2068|0.4265|0.7452
20260422|0.9202|0.6594|0.4614
20260423|-0.4935|0.3382|0.4557
20260424|-0.4127|0.2084|0.3317
20260427|0.2073|0.0856|0.3258
20260428|-0.4051|-0.0367|0.1949
20260429|1.4074|0.0607|0.3600
20260430|-0.1800|0.1234|0.2308
20260506|1.8899|0.5839|0.3961
20260507|0.8901|0.7205|0.4031
20260508|0.2624|0.8540|0.4086
20260511|1.1405|0.8006|0.4306
20260512|-0.2537|0.7858|0.4546
20260513|0.9790|0.6037|0.5938
20260514|-2.0002|0.0256|0.3730
20260515|-1.5081|-0.3285|0.2627
20260518|-0.2578|-0.6082|0.0962
20260519|0.8523|-0.3870|0.1994
20260520|-0.3347|-0.6497|-0.0230
20260521|-1.8052|-0.6107|-0.2926
20260522|1.3392|-0.0412|-0.1849
20260525|0.9904|0.2084|-0.1999
20260526|0.1163|0.0612|-0.1629
20260527|-1.1939|-0.1106|-0.3802
20260528|0.0790|0.2662|-0.1723
20260529|-0.8375|-0.1692|-0.1052
20260601|0.0337|-0.3605|-0.0760
20260602|0.3237|-0.3190|-0.1289
20260603|0.1474|-0.0507|-0.0807
20260604|-0.5176|-0.1701|0.0481
20260605|-0.7670|-0.1560|-0.1626
20260608|-2.6867|-0.7000|-0.5303
20260609|1.7845|-0.4079|-0.3634
20260610|-0.7848|-0.5943|-0.3225
20260611|-0.3306|-0.5569|-0.3635
20260612|1.5350|-0.0965|-0.1262
20260615|2.5212|0.9451|0.1225
20260616|0.2882|0.6458|0.1190
20260617|0.3199|0.8667|0.1362
20260618|-0.7745|0.7779|0.1105
20260622|2.2644|0.9238|0.4137
20260623|-2.1163|-0.0037|0.4707
20260624|0.3037|-0.0005|0.3226
20260625|0.3194|-0.0006|0.4330
20260626|-2.7472|-0.3952|0.1914
20260629|0.3856|-0.7709|0.0764
20260630|0.4910|-0.2495|-0.1266
20260701|1.0994|-0.0904|-0.0455
20260702|-1.3525|-0.4248|-0.2127
20260703|0.7876|0.2822|-0.0565
20260706|-0.3326|0.1386|-0.3162
20260707|-2.0685|-0.3733|-0.3114
20260708|-1.7224|-0.9377|-0.5140
20260709|0.8841|-0.4904|-0.4576
20260710|-0.1234|-0.6726|-0.1952
20260713|-2.9637|-1.1988|-0.5301
20260714|1.8627|-0.4125|-0.3929
20260715|-0.0613|-0.0803|-0.5090
20260716|-1.4956|-0.5563|-0.5233
20260717|-3.3579|-1.2032|-0.9379
20260720|-0.0913|-0.6287|-0.9137
20260721|2.2611|-0.5490|-0.4808
20260722|0.2288|-0.4910|-0.2856
20260723|1.1558|0.0393|-0.2585
20260724|-2.8737|0.1361|-0.5335
20260727|2.1262|0.5796|-0.0245
20260728|-1.7939|-0.2314|-0.3902
20260729|1.2247|-0.0322|-0.2616
