20250103|-297|41462626
20250106|121|36245032
20250107|201|36272256
20250108|110|41864870
20250109|179|37396662
20250110|-147|38377078
20250113|308|34798637
20250114|294|45575555
20250115|40|37684383
20250116|-141|40332397
20250117|307|35314184
20250120|-207|38734330
20250121|-274|39132906
20250122|64|38469572
20250123|-327|46090877
20250124|378|40154918
20250127|-107|36965536
20250205|-243|43219946
20250206|359|50352269
20250207|329|65706923
20250210|27|55491139
20250211|-43|51621801
20250212|333|53209900
20250213|-12|59560964
20250214|167|54500632
20250217|-19|62646410
20250218|-48|58271430
20250219|305|55811333
20250220|83|54624850
20250221|65|71996982
20250224|83|70621156
20250225|81|61347581
20250226|176|58581575
20250227|-12|63230797
20250228|-16|59069528
20250303|-35|50936346
20250304|319|42883897
20250305|80|44975926
20250306|20|57907567
20250307|162|54679057
20250310|33|46239026
20250311|411|46151819
20250312|-101|49862279
20250313|19|48430336
20250314|279|61544456
20250317|-133|48377098
20250318|-126|45372076
20250319|115|42978997
20250320|5|41007603
20250321|31|46646361
20250324|64|42021866
20250325|77|37483306
20250326|98|34859740
20250327|209|34617156
20250328|-42|33009806
20250331|51|39644791
20250401|53|35249420
20250402|129|29217545
20250403|216|36265940
20250407|3|57770702
20250408|163|60588591
20250409|447|61343167
20250410|-17|55717872
20250411|225|44193755
20250414|-48|42542851
20250415|-11|33279466
20250416|106|36367378
20250417|202|30408238
20250418|221|26808757
20250421|271|31126539
20250422|95|31902318
20250423|-140|35604986
20250424|-21|30423060
20250425|10|31951151
20250428|-36|31586928
20250429|140|30033857
20250430|30|36962367
20250506|-8|42110130
20250507|-216|43248510
20250508|298|35883025
20250509|-36|33116991
20250512|10|40764785
20250513|-293|38234836
20250514|202|41972277
20250515|-24|34569650
20250516|147|30428219
20250519|103|28757360
20250520|115|29847890
20250521|97|32511741
20250522|53|28787634
20250523|-69|32521242
20250526|142|29315659
20250527|17|26599661
20250528|-23|24800904
20250529|252|30081873
20250530|37|28808410
20250603|233|32199612
20250604|166|29960633
20250605|29|34112549
20250606|-20|30254433
20250609|72|36235977
20250610|-121|36291091
20250611|165|35115924
20250612|101|34891881
20250613|23|42923266
20250616|220|35130967
20250617|41|31776286
20250618|91|32317631
20250619|-28|34494593
20250620|44|29955902
20250623|344|32115994
20250624|158|40240606
20250625|215|45977705
20250626|-53|44339267
20250627|39|47745581
20250630|33|41688088
20250701|68|39063677
20250702|73|39151185
20250703|87|37910441
20250704|44|41978735
20250707|107|33747680
20250708|287|42861757
20250709|-73|44257166
20250710|212|47043046
20250711|62|59065546
20250714|16|47548086
20250715|-40|50827972
20250716|14|41543865
20250717|203|47233920
20250718|31|51842464
20250721|143|56626340
20250722|184|66256665
20250723|-141|67215573
20250724|285|67554544
20250725|-70|62991406
20250728|-9|61309793
20250729|194|59415562
20250730|45|62408632
20250731|-3|66668613
20250801|74|50778278
20250804|349|44309664
20250805|95|46707595
20250806|199|48622140
20250807|5|53335536
20250808|152|48952756
20250811|91|54340869
20250812|90|55368540
20250813|31|68014669
20250814|-188|71755601
20250815|416|74463217
20250818|-45|91282554
20250819|-22|85189967
20250820|416|82066287
20250821|-11|82024149
20250822|236|87338420
20250825|53|108460013
20250826|145|92501031
20250827|-163|107498727
20250828|289|99747632
20250829|-15|106523962
20250901|-94|105066020
20250902|-82|105254249
20250903|-306|87009412
20250904|-44|94143488
20250905|292|82214252
20250908|115|86481342
20250909|83|76978892
20250910|32|69143737
20250911|392|86960217
20250912|-17|92893276
20250915|-46|82225889
20250916|-25|83336442
20250917|202|83533792
20250918|-68|114067933
20250919|108|85052591
20250922|-14|77251175
20250923|9|91947353
20250924|418|84643158
20250925|35|91335764
20250926|129|83683377
20250929|198|87178375
20250930|58|86880202
20251009|101|109957798
20251010|188|104384343
20251013|205|96752856
20251014|-230|108605714
20251015|157|85595002
20251016|74|76983230
20251017|-132|76368559
20251020|-136|66619498
20251021|135|71109159
20251022|141|59418407
20251023|260|58861160
20251024|39|70186840
20251027|14|90106733
20251028|19|80194638
20251029|250|85911881
20251030|9|94512842
20251031|-30|88342261
20251103|79|77143294
20251104|-20|69048521
20251105|334|64480299
20251106|204|74183286
20251107|146|71795292
20251110|57|80113599
20251111|-112|67661346
20251112|29|67789440
20251113|269|70760203
20251114|73|64668808
20251117|34|63083735
20251118|17|62345291
20251119|87|56347048
20251120|-219|58876943
20251121|10|65246191
20251124|-145|57913591
20251125|-45|58596967
20251126|-4|55750384
20251127|3|53030006
20251128|260|47979233
20251201|143|63610696
20251202|25|50038215
20251203|-14|51578807
20251204|31|48798578
20251205|280|56783690
20251208|-43|67453570
20251209|19|63213049
20251210|248|56354119
20251211|-227|60033248
20251212|157|72879321
20251215|168|60016384
20251216|-24|57228149
20251217|304|61974733
20251218|168|56119859
20251219|133|58883002
20251222|3|65816939
20251223|1|66918269
20251224|228|65463596
20251225|183|62348943
20251226|119|73362558
20251229|-43|75414008
20251230|180|73527232
20251231|-45|70126743
20260105|85|90776867
20260106|259|105092508
20260107|-10|104698643
20260108|132|97825432
20260109|237|105110377
20260112|74|115737794
20260113|-74|121873523
20260114|-10|134017021
20260115|191|99158823
20260116|-257|112556806
20260119|237|102784030
20260120|76|107674109
20260121|200|97506079
20260122|27|102107587
20260123|-3|113442855
20260126|-6|122128319
20260127|61|107541862
20260128|61|117834883
20260129|111|132361371
20260130|54|109001783
20260202|-70|98969369
20260203|-19|96539934
20260204|233|90127254
20260205|88|79983168
20260206|180|75858116
20260209|-20|75455255
20260210|6|68858216
20260211|133|67869405
20260212|34|75694733
20260213|-45|70613855
20260224|-132|80344844
20260225|81|96450724
20260226|-28|94611867
20260227|279|93058131
20260302|178|121731393
20260303|-149|127307607
20260304|175|97847640
20260305|-152|91575650
20260306|339|85020858
20260309|80|105430656
20260310|-7|88346684
20260311|83|94754096
20260312|100|95711945
20260313|45|93967955
20260316|19|92114930
20260317|-217|84358288
20260318|-1|75825735
20260319|21|79540043
20260320|-255|80490683
20260323|13|91908730
20260324|-21|78273001
20260325|113|82236905
20260326|-41|71145666
20260327|433|67704657
20260330|252|70842209
20260331|-90|76186028
20260401|-77|72886072
20260402|38|66287426
20260403|-245|56245927
20260407|-4|57761971
20260408|30|91185832
20260409|131|78231594
20260410|-112|87487224
20260413|216|81740152
20260414|-38|88337306
20260415|-175|89883970
20260416|86|82073282
20260417|106|85743828
20260420|107|95913981
20260421|87|87797544
20260422|238|94666239
20260423|-45|108556343
20260424|89|96084894
20260427|46|97323569
20260428|130|94710814
20260429|330|99017755
20260430|22|108416658
20260506|45|119427438
20260507|-35|117888796
20260508|146|114683247
20260511|70|132714282
20260512|-47|123331980
20260513|206|121571512
20260514|-212|126232567
20260515|-98|123801437
20260518|127|106014424
20260519|199|104778728
20260520|134|106476946
20260521|-261|128146798
20260522|-96|107273823
20260525|-30|115777237
20260526|212|127054870
20260527|26|127735459
20260528|84|115805316
20260529|-21|133827817
20260601|143|116528365
20260602|29|114622148
20260603|104|127789309
20260604|122|113192045
20260605|34|124230997
20260608|88|113221347
20260609|-2|103644639
20260610|202|105268951
20260611|128|102692263
20260612|4|132347914
20260615|32|126590213
20260616|65|124673301
20260617|102|124563791
20260618|77|137623828
20260622|281|154514413
20260623|-4|147190034
20260624|78|136555538
20260625|117|147846196
20260626|-87|150425292
20260629|167|143426371
20260630|153|130506094
20260701|220|144061164
20260702|59|136812706
20260703|43|129806539
20260706|29|126577267
20260707|-66|105124796
20260708|-37|101954553
20260709|98|119386064
20260710|112|139000547
20260713|54|112710374
20260714|301|114388873
20260715|148|110918802
20260716|129|99096245
20260717|-27|104204289
20260720|16|110523604
20260721|136|122452702
20260722|244|114638512
20260723|248|96241820
20260724|-30|83016700
20260727|315|79666548
20260728|136|77643770
20260729|259|91904924
20260730|208|93072881
20260731|105|99636460
20260803|202|79185387
20260804|-56|84993323
20260805|229|105335860
20260806|86|101042489
20260807|157|103128725
20260810|120|99057774
20260811|3|91492069
20260812|194|81056176
20260813|-128|97615329
