20250108|99.66|101.17|97.06|99.76|53951781.5|61309.67
20250109|99.37|101.48|98.32|99.82|44142994.04|54859.55
20250110|99.75|101.29|97.74|98.35|45567097.3|56153.36
20250113|97.49|99.8|96.31|98.36|43386606.3|50848.05
20250114|98.52|102.02|97.72|101.58|53784379.13|66586.74
20250115|101.42|102.77|99.86|100.95|43430132.24|55455.59
20250116|101.36|103.3|100.08|101.46|49003029.88|59208.68
20250117|101.12|103.21|100.14|101.99|40878897.58|51711.9
20250120|102.55|104.21|101.28|102.38|43088449.11|56382.61
20250121|102.84|103.98|100.91|102.48|42656085.72|56898.61
20250122|102.13|103.32|100.56|101.87|40383695.52|56142.55
20250123|102.74|104.51|101.1|101.73|53127360.36|67219.17
20250124|101.49|103.76|100.76|102.92|44394100.83|58726.05
20250127|103.03|104.64|101.41|102.3|42844912.85|54157.62
20250205|102.9|104.12|100.68|102.08|47241434.57|63208.22
20250206|101.95|104.5|100.9|103.79|53800922.16|73457.15
20250207|103.79|106.63|102.84|105.3|69743584.36|95962.97
20250210|105.56|107.22|104.27|105.95|62056199.44|81530.11
20250211|106.0|107.43|104.34|105.68|56036732.29|75244.36
20250212|105.41|107.56|104.43|106.77|55846900.74|77881.0
20250213|106.69|108.31|105.11|106.07|63073437.74|86530.35
20250214|105.96|107.93|104.8|106.6|58011689.49|79545.56
20250217|106.93|108.55|105.21|106.93|63807210.5|91401.26
20250218|106.84|108.44|104.62|105.59|62579484.9|85630.25
20250219|105.48|107.81|104.57|106.92|57330032.98|82058.0
20250220|106.83|108.59|105.48|107.13|55784374.16|79610.56
20250221|107.38|109.63|106.01|108.29|70720758.06|105169.51
20250224|108.34|110.47|106.69|108.52|69804495.07|101922.38
20250225|107.42|109.55|106.08|107.45|59796302.38|90008.9
20250226|107.62|110.0|106.59|108.76|60538578.9|86009.7
20250227|108.76|110.37|106.48|108.49|65096401.04|92622.51
20250228|107.99|109.51|105.38|106.09|60650308.05|86227.8
20250303|106.33|108.6|104.89|106.37|53974221.57|74122.62
20250304|105.75|108.0|104.89|107.01|45287522.73|62831.97
20250305|107.03|108.73|105.55|107.46|49259358.69|66348.87
20250306|107.88|109.88|106.88|108.83|58967071.01|84924.77
20250307|108.52|110.59|107.2|108.76|57164482.85|80456.63
20250310|108.89|110.42|107.35|108.91|48917162.29|67795.36
20250311|107.75|110.21|106.89|109.5|48049904.82|67662.22
20250312|109.81|111.49|108.42|109.58|51231063.21|72963.14
20250313|109.54|110.94|107.56|109.02|53027258.18|71068.01
20250314|109.16|111.8|108.16|110.78|61751679.23|89476.02
20250317|111.08|112.56|109.76|110.89|51965742.49|70460.41
20250318|111.17|112.75|109.89|111.25|46992299.33|66038.17
20250319|110.99|112.34|109.58|110.85|44973212.22|62933.41
20250320|110.74|112.22|109.44|110.38|42908325.19|60142.58
20250321|110.07|111.68|108.13|109.04|51941756.31|68028.17
20250324|109.06|110.58|107.01|109.07|48816833.17|61322.14
20250325|109.04|110.83|107.52|109.04|43957242.29|54195.09
20250326|108.89|110.57|107.89|109.05|40819973.24|50576.59
20250327|108.73|110.39|107.37|108.89|39378105.51|50500.51
20250328|108.84|110.13|107.25|108.19|39219998.04|48075.3
20250331|107.75|109.28|105.7|107.27|47410750.34|57686.47
20250401|107.53|109.43|106.4|107.92|40716564.78|51441.23
20250402|107.79|109.32|106.81|107.94|33451948.38|42433.52
20250403|106.89|108.9|105.63|107.12|40774487.78|52574.46
20250407|101.29|103.33|97.02|98.23|73037276.8|83855.14
20250408|97.5|100.4|95.21|98.29|72484069.8|87835.35
20250409|96.84|100.9|93.95|99.89|74539170.34|89182.25
20250410|101.71|103.67|100.19|101.78|64484103.7|81100.83
20250411|101.29|103.72|100.19|102.27|48704949.56|64401.05
20250414|103.17|104.87|101.98|103.33|48797585.28|62348.89
20250415|103.34|104.34|101.66|102.95|38542090.09|48764.74
20250416|102.79|103.82|100.56|102.29|42625898.54|53070.54
20250417|101.8|103.65|101.04|102.25|34657952.46|44705.26
20250418|102.06|103.42|101.04|102.37|31692750.28|39104.14
20250421|102.29|104.54|101.46|103.75|36365309.41|45549.63
20250422|103.7|105.11|102.66|103.68|38217499.29|46754.47
20250423|104.06|105.46|102.91|103.97|39059851.21|51920.33
20250424|104.0|105.29|102.62|103.63|36056257.48|44602.32
20250425|103.78|105.47|102.77|104.04|38501786.84|47055.42
20250428|104.04|105.27|102.44|103.55|38347515.72|46490.23
20250429|103.34|104.91|102.19|103.57|36016442.54|43980.65
20250430|103.62|105.42|102.51|103.89|43490826.41|54177.61
20250506|104.59|106.6|103.7|105.91|49542035.19|61581.94
20250507|107.12|108.3|105.17|106.42|49809835.86|63292.32
20250508|106.12|107.9|105.36|106.88|40704616.89|53258.94
20250509|106.85|107.87|105.24|106.24|39375044.04|48906.65
20250512|106.8|108.48|105.83|107.62|43195452.05|59787.05
20250513|108.37|109.37|106.65|107.63|42646631.71|56159.15
20250514|107.53|109.38|106.46|108.22|48462104.23|61299.83
20250515|108.0|108.88|106.26|106.83|41638505.21|50495.37
20250516|106.6|108.23|105.7|106.87|36703820.22|44343.67
20250519|106.95|108.13|105.61|107.11|33776702.9|42137.1
20250520|107.17|108.53|106.2|107.52|34665326.55|44091.76
20250521|107.49|108.98|106.6|107.81|36294758.8|47683.37
20250522|107.55|108.73|106.32|107.05|33513791.47|42538.18
20250523|106.94|108.41|105.63|106.1|35598170.97|47586.35
20250526|106.08|107.52|105.1|106.35|32376372.06|42668.42
20250527|106.29|107.21|104.84|105.81|30203962.63|38834.79
20250528|105.82|107.07|104.81|105.73|29933304.57|36254.18
20250529|105.7|107.66|105.14|106.88|35009073.19|43915.1
20250530|106.7|107.64|105.27|106.08|33770706.94|41926.58
20250603|105.82|107.55|104.88|106.45|36524744.13|47194.72
20250604|106.51|108.31|105.87|107.36|33680062.89|43843.53
20250605|107.48|109.07|106.38|107.9|36712793.8|49896.56
20250606|108.01|109.28|106.93|107.93|34155828.24|44248.4
20250609|108.11|109.63|107.23|108.61|40540943.23|52866.52
20250610|108.67|109.78|106.78|107.93|42670528.37|52934.57
20250611|108.0|109.84|107.4|108.66|39240792.71|50584.74
20250612|108.52|109.92|107.48|108.73|37794048.43|50357.99
20250613|108.63|109.84|106.99|107.99|49535714.34|62545.44
20250616|107.75|109.52|106.83|108.37|38732400.07|51031.76
20250617|108.44|109.69|107.25|108.34|36340522.17|46235.88
20250618|108.32|109.65|107.05|108.36|36968890.28|47244.4
20250619|108.19|109.37|106.29|107.09|39857428.94|50131.92
20250620|107.0|108.34|105.86|106.69|33635983.4|43594.03
20250623|106.28|108.25|105.37|107.31|37602552.69|46413.29
20250624|107.37|109.55|106.76|108.76|45479961.83|58671.88
20250625|108.88|110.84|108.06|110.21|52041278.15|67413.72
20250626|110.28|111.66|109.08|109.92|49671575.24|64984.36
20250627|110.17|112.21|109.11|110.43|58096502.14|70148.67
20250630|110.66|112.31|109.68|111.3|46787158.9|61479.01
20250701|111.36|112.9|110.15|111.85|44735790.78|57920.25
20250702|111.81|113.24|110.4|111.75|48220570.13|57400.97
20250703|111.8|113.36|110.81|112.27|41871022.58|54749.83
20250704|112.23|113.83|111.05|112.22|48738253.15|61363.44
20250707|112.12|113.56|111.0|112.32|41347174.72|49722.48
20250708|112.35|114.52|111.52|113.67|48981622.43|62713.2
20250709|113.85|115.42|112.55|113.46|52881938.4|65340.6
20250710|113.45|115.33|112.48|114.1|58934577.93|69794.48
20250711|114.23|116.24|113.08|114.59|71557219.7|87104.09
20250714|114.83|116.56|113.71|114.94|58861292.1|70109.07
20250715|114.86|116.44|113.12|114.59|58436954.6|74721.24
20250716|114.63|116.03|113.39|114.53|46487644.05|60846.67
20250717|114.58|116.58|113.73|115.64|48176747.71|69284.36
20250718|115.85|117.61|114.82|116.32|52710759.87|75759.61
20250721|116.74|118.86|115.69|117.88|66058605.99|82741.33
20250722|118.05|120.51|116.7|119.2|75790681.52|97334.66
20250723|119.53|121.35|117.65|118.73|81890944.22|98221.71
20250724|118.56|121.25|117.5|120.24|84797707.3|98752.41
20250725|120.31|122.08|118.72|120.06|76176506.5|92524.13
20250728|119.98|121.77|118.37|120.15|64914884.97|90151.33
20250729|119.94|121.73|118.38|120.58|63008761.92|87003.38
20250730|120.53|122.42|118.67|120.12|66424390.62|91404.35
20250731|119.67|121.24|117.19|118.24|71724390.79|97046.95
20250801|118.16|119.9|116.79|118.04|53082333.91|74097.98
20250804|117.57|119.64|116.65|118.87|46092780.38|65152.61
20250805|119.17|120.94|118.25|119.88|49948814.96|68810.62
20250806|119.87|121.78|118.86|120.77|49915479.32|72063.9
20250807|120.91|122.42|119.27|120.86|53735592.38|78951.2
20250808|120.67|122.54|119.54|121.0|50661921.98|72045.04
20250811|121.33|123.19|120.13|121.95|54574750.36|80083.43
20250812|121.96|123.62|120.65|122.22|51779238.68|81958.44
20250813|122.34|124.7|121.36|123.5|65427217.52|100261.93
20250814|123.66|125.35|121.48|122.42|68164938.37|105493.57
20250815|122.18|125.59|121.37|124.49|75232619.67|109359.79
20250818|125.24|127.54|123.64|125.82|88256160.42|133060.06
20250819|125.9|128.12|124.19|125.9|78563348.2|124902.64
20250820|125.56|128.37|124.14|127.32|77760864.44|120068.62
20250821|127.5|129.61|125.69|127.22|77667329.83|120001.34
20250822|127.14|129.79|125.99|128.78|79875033.98|127895.7
20250825|129.75|132.86|128.23|131.18|101617739.1|159100.01
20250826|131.0|133.67|129.35|131.55|87023918.12|135521.97
20250827|131.57|134.08|128.53|129.2|102309985.96|158219.5
20250828|129.05|132.03|126.78|130.9|93168490.56|146238.95
20250829|131.24|134.06|129.25|131.53|95027786.82|155658.5
20250901|132.17|134.61|129.67|132.36|92811711.15|152878.73
20250902|132.46|134.38|128.7|130.73|94070560.62|153654.78
20250903|131.21|132.88|127.42|128.83|81985897.2|127611.91
20250904|128.79|130.75|124.56|126.71|90821295.87|137060.62
20250905|126.66|130.37|125.36|129.67|76451439.26|119953.42
20250908|130.1|133.01|128.38|131.21|78572537.66|126168.38
20250909|130.96|133.39|129.02|130.8|71361921.53|112475.22
20250910|130.33|132.52|128.77|130.55|63455247.58|100779.99
20250911|130.42|133.87|129.05|133.18|76631422.92|126584.98
20250912|133.33|135.94|131.57|133.46|84968814.38|135339.96
20250915|133.58|135.81|131.67|133.34|74212022.56|120205.81
20250916|133.61|135.82|131.27|133.89|81408037.63|122414.6
20250917|133.82|136.64|132.32|135.09|79148936.5|122709.98
20250918|134.9|137.49|131.47|133.45|103314325.43|167236.43
20250919|133.43|135.94|131.54|133.52|80042118.29|124411.78
20250922|133.73|135.72|131.39|133.82|66910025.81|112458.4
20250923|133.92|135.79|130.0|133.05|83552144.41|133324.96
20250924|132.39|135.92|131.07|134.71|71267070.42|122323.56
20250925|134.83|137.17|132.94|134.81|72562526.4|131966.79
20250926|134.36|137.07|132.44|133.88|66492738.1|121070.76
20250929|134.12|137.2|132.25|135.79|74270871.29|126091.07
20250930|136.05|138.72|134.5|136.88|71954421.16|125839.08
20251009|137.77|141.12|135.61|139.47|93950479.52|158476.73
20251010|138.91|141.83|136.35|138.51|90028987.58|150296.34
20251013|134.2|139.63|133.19|138.19|87892998.77|139614.99
20251014|139.24|142.03|134.98|136.6|96961995.41|156605.83
20251015|136.8|139.67|134.54|138.24|78747833.16|122948.96
20251016|137.87|140.07|135.71|137.41|70235622.62|110735.91
20251017|137.32|138.97|133.41|134.08|71940672.52|109786.99
20251020|135.1|137.09|132.94|134.83|62040576.27|95542.7
20251021|135.1|137.9|133.87|136.48|64598692.44|101851.4
20251022|135.64|137.72|134.03|135.7|55435674.03|85176.0
20251023|135.37|137.32|133.1|136.1|59042711.71|84489.4
20251024|136.49|138.96|135.0|137.22|60935713.38|100912.95
20251027|138.24|140.86|136.56|139.01|74371076.78|129011.05
20251028|138.72|141.03|136.83|138.62|65749160.65|115553.47
20251029|138.75|142.2|137.39|141.01|73185350.47|124015.28
20251030|140.77|143.14|138.39|139.94|80035246.69|136010.53
20251031|139.95|142.44|137.66|139.26|78106526.65|127854.73
20251103|139.4|141.56|136.77|139.82|71672643.59|111875.59
20251104|139.62|141.35|136.78|138.22|65901878.59|99940.52
20251105|136.53|140.27|135.44|138.92|62794321.03|93417.74
20251106|139.15|142.36|138.06|140.91|65983588.04|106889.8
20251107|140.48|143.17|138.97|140.97|62219573.19|103827.77
20251110|141.44|144.1|139.21|141.75|66411847.53|115719.59
20251111|142.01|143.9|139.63|141.15|57882599.25|97697.26
20251112|140.79|142.8|138.26|140.29|61952515.55|98132.77
20251113|140.31|143.4|139.09|142.05|63033967.64|102320.91
20251114|141.09|143.48|139.35|140.4|62607990.92|93700.13
20251117|140.45|142.46|138.2|140.14|60206416.57|92115.65
20251118|139.94|141.71|137.19|138.58|60524207.46|90998.4
20251119|138.49|140.75|136.65|138.56|53665260.89|83338.86
20251120|139.19|141.17|136.72|137.82|55608395.39|86460.82
20251121|136.08|137.92|132.79|133.63|64782381.41|95673.53
20251124|134.16|136.24|131.89|134.22|53153645.92|84897.75
20251125|134.88|137.49|133.69|135.69|50938547.2|85863.64
20251126|135.62|137.93|134.09|135.58|47411923.82|81935.51
20251127|135.59|137.89|134.29|135.53|43859231.79|77522.68
20251128|135.46|137.79|134.24|136.71|43254668.02|70426.33
20251201|137.3|139.69|135.87|138.17|58775802.15|92765.96
20251202|137.86|139.27|135.9|137.29|45965320.3|73445.24
20251203|137.32|139.33|135.43|136.88|50720826.48|75756.18
20251204|137.0|138.75|135.2|136.8|44683290.06|71730.5
20251205|136.68|139.57|135.18|138.48|55702210.57|83256.75
20251208|138.94|141.2|137.22|139.37|60428276.0|98872.31
20251209|139.08|140.99|136.96|138.32|57527291.96|93655.26
20251210|138.2|140.47|136.48|139.11|53053154.92|83599.0
20251211|139.4|141.1|136.99|137.92|56557913.68|88436.21
20251212|138.09|140.74|136.34|139.22|65316110.9|107167.84
20251215|138.5|141.21|136.9|138.81|55268828.4|88949.86
20251216|138.6|140.03|135.31|136.98|56617086.79|85589.56
20251217|137.04|140.34|135.58|139.25|57374321.77|91575.62
20251218|138.7|141.25|137.34|138.9|50204971.1|83140.77
20251219|139.16|141.92|137.88|140.25|56099921.98|87220.95
20251222|140.86|143.43|139.55|141.76|60363165.0|97011.15
20251223|141.87|143.99|139.97|141.65|61189410.15|98564.72
20251224|141.66|144.29|140.23|143.04|54844922.12|95903.55
20251225|142.86|145.2|141.5|143.77|50446647.12|91797.49
20251226|144.0|146.59|142.55|144.79|61913050.2|108912.76
20251229|145.02|147.24|142.68|144.38|65252368.67|112481.39
20251230|143.53|146.71|142.08|144.57|59871305.83|109466.78
20251231|144.76|146.93|142.87|144.63|58798372.84|104712.19
20260105|145.37|148.38|143.73|146.92|73174211.45|134104.4
20260106|147.19|151.18|145.81|149.72|91623438.46|155046.46
20260107|149.81|152.85|147.74|150.17|86067346.34|153599.93
20260108|149.86|152.93|147.79|150.26|81144648.91|143715.6
20260109|150.44|154.09|148.82|152.17|85187837.04|154896.65
20260112|153.09|156.18|150.8|154.21|94222498.99|171009.88
20260113|154.49|157.48|150.94|153.07|99266650.17|179205.77
20260114|153.12|157.2|150.56|153.29|115611189.68|197990.84
20260115|152.7|156.39|150.8|153.54|84493862.61|146875.82
20260116|154.17|157.19|151.15|153.29|93885752.05|166733.36
20260119|152.86|157.0|151.14|154.96|83491783.97|150122.67
20260120|155.21|158.21|151.73|155.06|91150628.53|157590.52
20260121|154.45|158.4|152.69|156.06|78610646.76|142853.75
20260122|156.33|159.79|154.19|157.03|84502826.35|149012.14
20260123|157.57|161.08|155.55|158.9|94503888.01|165896.82
20260126|159.4|162.54|155.91|158.41|103724516.21|178626.6
20260127|157.8|161.12|154.27|158.12|90898432.56|159035.11
20260128|158.4|162.34|155.78|159.47|103150519.4|173084.58
20260129|159.44|163.45|155.94|159.53|112196621.76|194566.47
20260130|158.17|161.34|153.89|157.25|94399445.35|159553.26
20260202|155.62|158.77|151.81|152.7|87042240.26|144824.54
20260203|153.97|157.54|151.71|156.25|80728961.62|142746.44
20260204|156.2|159.72|153.86|157.81|81980151.91|134332.22
20260205|156.59|159.13|153.49|155.79|70856770.5|118508.49
20260206|154.17|158.74|152.36|155.9|65581414.31|112919.26
20260209|157.76|160.24|155.8|158.5|62559861.87|111776.77
20260210|158.61|160.91|156.36|158.64|58828549.23|102850.23
20260211|158.5|161.96|157.08|159.43|58041825.02|102068.3
20260212|159.65|162.59|157.67|160.26|63484906.66|112239.01
20260213|159.44|161.73|156.91|158.09|59463375.09|104511.61
20260224|160.17|163.25|157.86|160.75|67984595.5|119029.73
20260225|161.08|165.29|159.41|162.83|87542720.52|141963.02
20260226|163.25|166.22|160.65|163.46|77553730.92|139385.65
20260227|162.69|166.86|161.25|165.05|84212987.66|139321.77
20260302|164.21|168.63|161.53|165.96|106777181.41|180104.17
20260303|166.15|169.04|159.97|161.57|109863618.27|186371.5
20260304|159.43|164.26|156.97|160.52|90281732.92|144800.74
20260305|162.39|165.14|159.28|161.9|81704373.61|135855.42
20260306|161.07|165.27|159.14|162.96|76999783.1|126270.54
20260309|161.38|164.48|157.16|161.58|95691159.49|156047.03
20260310|162.24|165.72|160.49|163.61|79579579.56|132356.01
20260311|163.78|167.22|161.3|164.51|84675503.31|142053.78
20260312|164.41|167.55|161.35|164.33|91061526.24|141874.23
20260313|163.77|166.9|160.72|162.38|91182945.48|139148.04
20260316|162.28|164.65|157.93|161.14|84397217.19|135160.76
20260317|161.39|164.12|157.72|158.9|77697360.81|124318.05
20260318|159.11|161.52|156.25|159.54|69204998.66|112286.7
20260319|157.67|160.01|154.36|155.98|73468769.3|117950.55
20260320|156.39|159.16|152.86|154.04|72667424.1|119131.5
20260323|151.51|154.43|146.49|148.26|89916864.39|135510.08
20260324|150.33|152.9|146.62|151.68|75593652.03|116087.85
20260325|152.74|156.74|151.28|154.62|77613599.86|122200.19
20260326|154.4|156.7|151.04|152.59|66412022.23|105942.51
20260327|150.75|155.76|149.58|154.04|59161060.84|99721.77
20260330|152.74|156.44|150.43|154.42|63564842.16|105343.6
20260331|154.32|157.03|151.06|152.23|66074625.77|112966.83
20260401|154.56|156.79|152.0|154.48|60945203.51|107096.38
20260402|154.05|156.19|150.75|152.53|57814470.7|97399.05
20260403|152.99|154.61|149.44|150.9|50891143.44|82815.83
20260407|151.23|153.97|149.11|151.64|49423146.56|84189.29
20260408|154.07|158.06|152.79|157.25|74035063.8|133041.59
20260409|156.03|158.94|153.9|156.4|58926402.5|113422.78
20260410|157.42|160.49|155.62|157.57|62101952.85|126577.36
20260413|156.78|160.12|154.83|157.92|60618299.95|118443.66
20260414|158.91|161.32|156.31|159.32|64006710.37|128791.27
20260415|160.12|162.5|157.13|158.9|64332062.27|130947.96
20260416|159.23|162.36|157.55|160.74|59677577.24|120747.58
20260417|160.54|163.41|158.48|161.08|60239309.15|126188.06
20260420|161.35|164.6|159.42|162.38|68424535.06|140547.34
20260421|162.15|164.98|159.65|162.66|66589198.69|129330.25
20260422|162.06|165.82|160.48|164.08|65644945.64|138680.94
20260423|164.27|167.15|160.63|163.3|76004778.06|158480.02
20260424|162.61|165.6|159.69|162.42|65539503.16|140248.39
20260427|162.17|165.48|159.81|162.63|65762065.08|141628.72
20260428|162.11|165.19|159.1|161.81|69802624.1|137977.27
20260429|161.05|165.77|159.55|164.09|72584028.56|143837.09
20260430|164.12|167.2|161.17|163.88|77783527.05|157779.13
20260506|164.99|169.03|162.97|167.01|83074973.8|173494.73
20260507|167.68|170.87|164.78|168.39|82410571.5|171782.0
20260508|167.77|171.78|165.54|168.82|83855376.88|168236.88
20260511|169.64|173.31|167.07|170.58|91491706.69|192828.8
20260512|170.91|173.82|167.26|170.06|86830142.65|178534.95
20260513|169.41|173.92|167.21|171.59|83448421.85|177398.8
20260514|172.11|174.65|166.82|168.01|90952338.11|183255.52
20260515|167.87|170.93|163.07|165.53|87439697.56|179244.13
20260518|164.75|168.45|161.79|165.15|73514544.44|153752.77
20260519|164.87|168.57|161.69|166.39|73220763.25|151387.8
20260520|165.61|168.87|162.37|165.61|69875307.75|153451.68
20260521|166.21|170.17|161.4|162.64|86948486.1|183954.87
20260522|163.46|166.88|160.54|164.58|78131431.19|153510.67
