20250115|25.59|61.54|38.17|25.59|61.54|74.11|🟢 强偏多
20250116|37.13|51.33|48.08|37.13|51.33|62.57|🟢 偏多
20250117|46.45|35.21|64.35|46.45|35.21|53.25|🟠 偏空
20250120|59.32|18.05|81.66|59.32|18.05|40.53|🔴 强偏空
20250121|38.31|19.23|80.47|38.31|19.23|61.54|🟠 偏空
20250122|38.91|20.12|79.73|38.91|20.12|60.95|🟠 偏空
20250123|40.83|25.44|74.41|40.83|25.44|59.02|🟠 偏空
20250124|44.82|39.79|59.62|44.82|39.79|55.03|🟠 偏空
20250127|41.12|47.63|51.92|41.12|47.63|58.73|🟢 偏多
20250205|49.41|45.27|49.41|54.59|49.70|45.27|🟠 偏空
20250206|54.14|33.88|54.14|65.98|45.56|33.88|🟠 偏空
20250207|65.09|28.85|65.09|71.01|34.47|28.85|🔴 强偏空
20250210|69.82|25.74|69.82|74.11|29.73|25.74|🔴 强偏空
20250211|69.82|23.37|69.82|76.48|29.88|23.37|🔴 强偏空
20250212|74.70|23.96|74.70|75.89|24.85|23.96|🔴 强偏空
20250213|72.04|24.26|75.44|72.04|24.26|27.81|🔴 强偏空
20250214|52.37|28.11|71.45|52.37|28.11|47.49|🟠 偏空
20250217|47.78|34.02|65.68|47.78|34.02|52.07|🟠 偏空
20250218|47.34|39.20|60.36|47.34|39.20|52.51|🟠 偏空
20250219|47.49|51.48|47.49|48.37|52.07|51.48|🟢 偏多
20250220|42.31|57.40|42.31|42.46|57.40|57.40|🟢 强偏多
20250221|41.72|38.46|41.72|61.39|57.99|38.46|🟠 偏空
20250224|44.38|38.46|44.38|61.39|55.47|38.46|🟠 偏空
20250225|46.60|39.35|46.60|60.50|53.25|39.35|🟠 偏空
20250226|50.30|37.43|50.30|62.43|49.56|37.43|🟠 偏空
20250227|54.59|31.95|54.59|67.90|44.97|31.95|🟠 偏空
20250228|48.37|41.42|48.37|58.43|51.18|41.42|🟠 偏空
20250303|41.86|50.44|41.86|49.41|57.99|50.44|🟢 偏多
20250304|38.46|56.21|38.46|43.64|61.09|56.21|🟢 强偏多
20250305|33.88|64.20|35.50|33.88|64.20|65.98|🟢 强偏多
20250306|27.66|66.57|32.99|27.66|66.57|72.19|🟢 强偏多
20250307|27.37|56.80|42.90|27.37|56.80|72.34|🟢 强偏多
20250310|28.25|51.48|47.93|28.25|51.48|71.45|🟢 偏多
20250311|36.54|44.97|54.14|36.54|44.97|63.31|🟢 偏多
20250312|42.90|34.47|64.79|42.90|34.47|56.95|🟠 偏空
20250313|39.79|36.83|62.72|39.79|36.83|60.06|🟠 偏空
20250314|53.99|34.17|65.38|53.99|34.17|45.86|🟠 偏空
20250317|60.21|34.17|65.24|60.21|34.17|39.64|🔴 强偏空
20250318|55.77|31.66|67.75|55.77|31.66|44.08|🔴 强偏空
20250319|52.22|30.62|69.23|52.22|30.62|47.63|🟠 偏空
20250320|50.30|28.70|71.01|50.30|28.70|49.56|🟠 偏空
20250321|34.17|38.17|61.69|34.17|38.17|65.68|🟢 偏多
20250324|30.77|50.44|49.11|30.77|50.44|69.08|🟢 偏多
20250325|31.36|59.32|40.24|31.36|59.32|68.49|🟢 强偏多
20250326|31.21|64.05|35.50|31.21|64.05|68.64|🟢 强偏多
20250327|33.73|65.83|33.73|33.73|65.83|65.98|🟢 强偏多
20250328|31.95|64.64|34.91|31.95|64.64|67.75|🟢 强偏多
20250331|31.95|64.79|31.95|35.06|67.75|64.79|🟢 强偏多
20250401|28.55|67.16|28.55|32.69|71.15|67.16|🟢 强偏多
20250402|28.70|68.20|28.70|31.66|70.71|68.20|🟢 强偏多
20250403|28.40|63.46|28.40|36.39|71.45|63.46|🟢 强偏多
20250407|17.01|42.90|17.01|56.95|82.69|42.90|🟢 偏多
20250408|12.87|30.03|12.87|69.82|86.98|30.03|🟢 偏多
20250409|11.83|21.45|11.83|78.40|88.02|21.45|🟢 偏多
20250410|11.98|15.83|11.98|84.02|87.72|15.83|🟢 偏多
20250411|11.39|13.76|11.39|86.09|88.46|13.76|🟢 偏多
20250414|20.12|27.22|20.12|72.63|79.73|27.22|🟢 偏多
20250415|28.11|55.77|28.11|44.08|71.60|55.77|🟢 强偏多
20250416|19.67|55.62|43.93|19.67|55.62|80.18|🟢 强偏多
20250417|8.73|32.99|66.42|8.73|32.99|91.12|🟢 偏多
20250418|4.88|16.12|83.58|4.88|16.12|94.97|🟢 偏多
20250421|5.33|27.37|72.49|5.33|27.37|94.53|🟢 偏多
20250422|10.21|39.64|60.21|10.21|39.64|89.64|🟢 偏多
20250423|16.27|37.87|61.83|16.27|37.87|83.58|🟢 偏多
20250424|29.44|37.43|62.43|29.44|37.43|70.41|🟢 偏多
20250425|44.97|35.36|63.76|44.97|35.36|54.88|🟠 偏空
20250428|56.66|37.72|61.54|56.66|37.72|43.20|🔴 强偏空
20250429|57.69|40.83|57.69|59.02|42.01|40.83|🔴 强偏空
20250430|51.04|38.46|51.04|61.39|48.67|38.46|🟠 偏空
20250506|53.99|31.36|53.99|68.49|45.71|31.36|🟠 偏空
20250507|58.14|29.88|58.14|69.97|41.42|29.88|🔴 强偏空
20250508|65.68|32.40|67.31|65.68|32.40|34.17|🔴 强偏空
20250509|67.46|26.92|72.63|67.46|26.92|32.40|🔴 强偏空
20250512|65.09|19.08|80.47|65.09|19.08|34.76|🔴 强偏空
20250513|50.30|15.38|84.02|50.30|15.38|49.56|🟠 偏空
20250514|42.75|14.20|85.65|42.75|14.20|57.10|🟠 偏空
20250515|41.27|20.41|79.44|41.27|20.41|58.58|🟠 偏空
20250516|39.20|23.82|75.89|39.20|23.82|60.50|🟠 偏空
20250519|31.21|40.53|59.17|31.21|40.53|68.64|🟢 偏多
20250520|30.62|44.82|55.03|30.62|44.82|69.23|🟢 偏多
20250521|25.59|54.29|44.82|25.59|54.29|74.26|🟢 偏多
20250522|23.82|56.21|43.34|23.82|56.21|76.04|🟢 强偏多
20250523|28.85|59.62|40.24|28.85|59.62|71.01|🟢 强偏多
20250526|31.95|62.28|37.43|31.95|62.28|67.90|🟢 强偏多
20250527|32.69|66.27|32.69|33.58|66.86|66.27|🟢 强偏多
20250528|28.70|66.57|28.70|33.28|70.86|66.57|🟢 强偏多
20250529|26.33|61.69|26.33|38.17|73.37|61.69|🟢 强偏多
20250530|26.63|64.20|26.63|35.65|73.22|64.20|🟢 强偏多
20250603|30.03|57.25|30.03|42.46|69.53|57.25|🟢 强偏多
20250604|42.31|48.67|42.31|51.04|57.54|48.67|🟢 偏多
20250605|56.07|37.13|56.07|62.72|43.64|37.13|🔴 强偏空
20250606|57.99|35.80|57.99|64.05|41.57|35.80|🔴 强偏空
20250609|66.12|32.69|66.12|67.16|33.43|32.69|🔴 强偏空
20250610|66.86|28.40|71.30|66.86|28.40|32.99|🔴 强偏空
20250611|64.79|29.59|70.27|64.79|29.59|35.06|🔴 强偏空
20250612|56.36|33.73|65.83|56.36|33.73|43.49|🔴 强偏空
20250613|63.17|31.66|63.17|68.20|36.69|31.66|🔴 强偏空
20250616|54.29|36.09|54.29|63.76|45.27|36.09|🟠 偏空
20250617|50.15|46.60|50.15|53.25|49.26|46.60|🟠 偏空
20250618|45.86|51.92|45.86|48.08|53.85|51.92|🟢 偏多
20250619|38.46|52.96|38.46|47.04|61.54|52.96|🟢 偏多
20250620|28.85|67.01|32.69|28.85|67.01|71.15|🟢 强偏多
20250623|29.29|69.82|30.18|29.29|69.82|70.71|🟢 强偏多
20250624|30.18|61.09|30.18|38.91|69.82|61.09|🟢 强偏多
20250625|37.72|49.70|37.72|50.30|61.83|49.70|🟢 偏多
20250626|55.03|44.38|55.03|55.62|44.67|44.38|🔴 强偏空
20250627|69.67|30.03|69.67|69.97|30.03|30.03|🔴 强偏空
20250630|76.78|19.38|80.47|76.78|19.38|23.22|🔴 强偏空
20250701|72.34|15.38|84.62|72.34|15.38|27.66|🔴 强偏空
20250702|63.46|15.83|84.17|63.46|15.83|36.54|🔴 强偏空
20250703|55.62|16.42|83.58|55.62|16.42|44.38|🔴 强偏空
20250704|47.04|18.79|81.21|47.04|18.79|52.96|🟠 偏空
20250707|40.09|30.92|68.79|40.09|30.92|59.91|🟠 偏空
20250708|43.20|34.32|65.68|43.20|34.32|56.80|🟠 偏空
20250709|43.05|31.66|68.05|43.05|31.66|56.95|🟠 偏空
20250710|50.30|34.91|64.94|50.30|34.91|49.70|🟠 偏空
20250711|61.98|31.36|68.49|61.98|31.36|38.02|🔴 强偏空
20250714|69.38|28.70|71.15|69.38|28.70|30.62|🔴 强偏空
20250715|69.53|28.99|71.01|69.53|28.99|30.47|🔴 强偏空
20250716|67.16|30.18|69.67|67.16|30.18|32.84|🔴 强偏空
20250717|62.87|32.10|67.60|62.87|32.10|37.13|🔴 强偏空
20250718|48.96|37.43|62.43|48.96|37.43|51.04|🟠 偏空
20250721|50.74|35.95|63.76|50.74|35.95|49.26|🟠 偏空
20250722|55.77|24.11|75.74|55.77|24.11|44.23|🔴 强偏空
20250723|65.68|19.82|80.03|65.68|19.82|34.32|🔴 强偏空
20250724|71.15|16.86|82.99|71.15|16.86|28.85|🔴 强偏空
20250725|74.70|17.16|82.84|74.70|17.16|25.30|🔴 强偏空
20250728|75.30|17.75|82.10|75.30|17.75|24.70|🔴 强偏空
20250729|62.72|22.78|77.07|62.72|22.78|37.28|🔴 强偏空
20250730|51.48|27.96|71.89|51.48|27.96|48.52|🟠 偏空
20250731|41.72|44.82|55.03|41.72|44.82|58.28|🟢 偏多
20250801|34.02|60.50|39.35|34.02|60.50|65.98|🟢 强偏多
20250804|30.62|68.93|30.77|30.62|68.93|69.38|🟢 强偏多
20250805|27.96|70.56|27.96|29.44|71.89|70.56|🟢 强偏多
20250806|25.59|74.11|25.74|25.59|74.11|74.41|🟢 强偏多
20250807|21.75|65.53|34.32|21.75|65.53|78.25|🟢 强偏多
20250808|25.89|52.22|47.19|25.89|52.22|74.11|🟢 偏多
20250811|31.51|35.50|64.05|31.51|35.50|68.34|🟢 偏多
20250812|38.46|25.30|74.26|38.46|25.30|61.39|🟠 偏空
20250813|53.25|21.01|78.99|53.25|21.01|46.75|🟠 偏空
20250814|69.97|24.85|74.56|69.97|24.85|30.03|🔴 强偏空
20250815|69.82|24.85|69.82|75.15|29.73|24.85|🔴 强偏空
20250818|65.53|21.60|65.53|78.40|34.47|21.60|🔴 强偏空
20250819|65.24|19.97|65.24|80.03|34.76|19.97|🔴 强偏空
20250820|66.57|19.97|66.57|80.03|33.28|19.97|🔴 强偏空
20250821|71.75|19.97|71.75|80.03|27.96|19.97|🔴 强偏空
20250822|74.56|23.96|75.89|74.56|23.96|25.44|🔴 强偏空
20250825|69.08|17.16|82.69|69.08|17.16|30.92|🔴 强偏空
20250826|65.24|12.43|87.43|65.24|12.43|34.76|🔴 强偏空
20250827|70.56|13.46|86.54|70.56|13.46|29.44|🔴 强偏空
20250828|74.70|16.86|82.99|74.70|16.86|25.30|🔴 强偏空
20250829|77.22|22.34|77.22|77.66|22.63|22.34|🔴 强偏空
20250901|63.46|33.14|63.46|66.86|36.54|33.14|🔴 强偏空
20250902|48.96|35.95|48.96|64.05|50.74|35.95|🟠 偏空
20250903|44.38|51.33|44.38|48.67|55.47|51.33|🟢 偏多
20250904|35.50|59.62|35.50|40.38|64.35|59.62|🟢 强偏多
20250905|29.88|68.05|29.88|31.95|70.12|68.05|🟢 强偏多
20250908|26.63|68.49|31.51|26.63|68.49|73.37|🟢 强偏多
20250909|21.75|65.53|34.47|21.75|65.53|78.25|🟢 强偏多
20250910|23.82|62.28|37.72|23.82|62.28|76.18|🟢 强偏多
20250911|26.33|48.82|50.89|26.33|48.82|73.67|🟢 偏多
20250912|32.25|39.05|60.80|32.25|39.05|67.75|🟢 偏多
20250915|31.21|32.69|67.16|31.21|32.69|68.79|🟢 偏多
20250916|36.69|28.40|71.30|36.69|28.40|63.31|🟠 偏空
20250917|50.59|29.59|70.41|50.59|29.59|49.41|🟠 偏空
20250918|57.54|39.64|57.54|60.36|42.31|39.64|🔴 强偏空
20250919|49.85|47.19|49.85|52.81|50.15|47.19|🟠 偏空
20250922|46.75|47.34|46.75|52.66|53.25|47.34|🟡 中性
20250923|40.24|46.45|40.24|53.55|59.62|46.45|🟢 偏多
20250924|35.65|53.11|35.65|46.89|64.20|53.11|🟢 偏多
20250925|31.36|63.02|36.98|31.36|63.02|68.64|🟢 强偏多
20250926|32.99|62.13|37.72|32.99|62.13|67.01|🟢 强偏多
20250929|39.35|57.84|42.01|39.35|57.84|60.65|🟢 强偏多
20250930|38.61|47.93|52.07|38.61|47.93|61.39|🟢 偏多
20251009|50.30|38.02|61.98|50.30|38.02|49.70|🟠 偏空
20251010|65.09|34.32|65.68|65.09|34.32|34.91|🔴 强偏空
20251013|69.53|29.59|69.53|70.41|30.33|29.59|🔴 强偏空
20251014|70.12|28.55|70.12|71.45|29.88|28.55|🔴 强偏空
20251015|67.46|27.66|67.46|72.19|32.54|27.66|🔴 强偏空
20251016|57.25|35.21|64.79|57.25|35.21|42.60|🔴 强偏空
20251017|45.41|44.82|55.18|45.41|44.82|54.59|🟡 中性
20251020|30.77|56.36|43.64|30.77|56.36|69.23|🟢 强偏多
20251021|19.38|62.87|36.83|19.38|62.87|80.62|🟢 强偏多
20251022|16.12|69.23|30.77|16.12|69.23|83.88|🟢 强偏多
20251023|18.64|69.08|30.77|18.64|69.08|81.36|🟢 强偏多
20251024|19.53|59.76|40.24|19.53|59.76|80.47|🟢 强偏多
20251027|27.22|43.05|56.95|27.22|43.05|72.78|🟢 偏多
20251028|39.94|40.24|59.47|39.94|40.24|60.06|🟡 中性
20251029|57.84|27.66|72.19|57.84|27.66|42.16|🔴 强偏空
20251030|70.41|26.18|73.67|70.41|26.18|29.59|🔴 强偏空
20251031|70.12|21.30|70.12|78.70|29.44|21.30|🔴 强偏空
20251103|63.17|27.66|63.17|72.34|36.69|27.66|🔴 强偏空
20251104|56.07|35.36|56.07|64.64|43.79|35.36|🔴 强偏空
20251105|45.86|50.15|45.86|49.85|53.99|50.15|🟢 偏多
20251106|39.20|56.07|43.93|39.20|56.07|60.80|🟢 强偏多
20251107|28.85|56.07|43.93|28.85|56.07|71.15|🟢 强偏多
20251110|31.07|52.66|47.04|31.07|52.66|68.93|🟢 偏多
20251111|30.03|45.56|54.44|30.03|45.56|69.97|🟢 偏多
20251112|35.06|39.35|60.65|35.06|39.35|64.94|🟢 偏多
20251113|35.36|37.72|61.69|35.36|37.72|64.64|🟢 偏多
20251114|41.42|40.68|59.32|41.42|40.68|58.58|🟡 中性
20251117|37.57|48.96|50.74|37.57|48.96|62.43|🟢 偏多
20251118|37.13|59.76|40.09|37.13|59.76|62.87|🟢 强偏多
20251119|30.33|67.60|32.25|30.33|67.60|69.67|🟢 强偏多
20251120|22.49|75.15|22.49|24.85|77.37|75.15|🟢 强偏多
20251121|16.86|69.08|16.86|30.92|83.14|69.08|🟢 强偏多
20251124|13.46|65.68|13.46|34.32|86.54|65.68|🟢 强偏多
20251125|14.20|64.64|14.20|35.36|85.80|64.64|🟢 强偏多
20251126|13.17|60.50|13.17|39.50|86.83|60.50|🟢 强偏多
20251127|15.68|59.32|15.68|40.68|84.17|59.32|🟢 强偏多
20251128|26.33|70.41|26.33|29.59|73.52|70.41|🟢 强偏多
20251201|33.28|61.54|38.46|33.28|61.54|66.72|🟢 强偏多
20251202|29.88|52.22|47.04|29.88|52.22|69.82|🟢 偏多
20251203|31.51|39.50|60.21|31.51|39.50|68.20|🟢 偏多
20251204|31.21|30.03|69.82|31.21|30.03|68.49|🟠 偏空
20251205|46.89|31.80|68.05|46.89|31.80|52.81|🟠 偏空
20251208|44.82|38.91|60.95|44.82|38.91|54.88|🟠 偏空
20251209|52.22|41.57|58.28|52.22|41.57|47.49|🟠 偏空
20251210|52.66|45.12|54.73|52.66|45.12|47.04|🟠 偏空
20251211|49.70|40.24|49.70|59.47|50.00|40.24|🟠 偏空
20251212|46.89|35.21|46.89|64.50|52.96|35.21|🟠 偏空
20251215|42.46|40.53|42.46|59.17|57.40|40.53|🟠 偏空
20251216|37.13|47.19|37.13|52.51|62.57|47.19|🟢 偏多
20251217|37.28|45.71|37.28|53.99|62.72|45.71|🟢 偏多
20251218|39.94|48.82|39.94|51.18|59.91|48.82|🟢 偏多
20251219|35.36|56.95|42.75|35.36|56.95|64.64|🟢 强偏多
20251222|40.38|49.70|49.85|40.38|49.70|59.62|🟢 偏多
20251223|43.20|40.24|59.62|43.20|40.24|56.80|🟠 偏空
20251224|39.50|30.47|69.38|39.50|30.47|60.50|🟠 偏空
20251225|43.05|24.56|75.44|43.05|24.56|56.95|🟠 偏空
20251226|50.74|23.08|76.63|50.74|23.08|49.26|🟠 偏空
20251229|54.73|23.37|76.63|54.73|23.37|45.27|🟠 偏空
20251230|58.43|28.99|70.86|58.43|28.99|41.57|🔴 强偏空
20251231|59.02|33.43|66.57|59.02|33.43|40.98|🔴 强偏空
20260105|64.05|30.62|64.05|69.38|35.80|30.62|🔴 强偏空
20260106|66.12|23.82|66.12|76.18|33.88|23.82|🔴 强偏空
20260107|73.37|20.71|73.37|79.29|26.33|20.71|🔴 强偏空
20260108|75.59|21.60|75.59|78.40|23.82|21.60|🔴 强偏空
20260109|79.88|14.79|79.88|85.21|20.12|14.79|🔴 强偏空
20260112|81.80|17.60|81.95|81.80|17.60|18.20|🔴 强偏空
20260113|78.40|21.45|78.40|78.40|21.45|21.60|🔴 强偏空
20260114|72.93|20.12|72.93|79.88|26.78|20.12|🔴 强偏空
20260115|69.38|26.33|69.38|73.67|30.62|26.33|🔴 强偏空
20260116|59.76|30.18|59.76|69.82|40.09|30.18|🔴 强偏空
20260119|50.15|42.01|50.15|57.99|49.85|42.01|🟠 偏空
20260120|51.63|46.89|51.63|53.11|48.22|46.89|🟠 偏空
20260121|39.64|46.60|53.25|39.64|46.60|60.36|🟢 偏多
20260122|39.79|45.86|53.99|39.79|45.86|60.21|🟢 偏多
20260123|39.79|41.27|58.58|39.79|41.27|60.21|🟢 偏多
20260126|48.08|38.91|60.95|48.08|38.91|51.92|🟠 偏空
20260127|49.56|39.20|60.65|49.56|39.20|50.44|🟠 偏空
20260128|60.06|35.50|60.06|64.50|39.64|35.50|🔴 强偏空
20260129|58.14|32.10|58.14|67.90|41.86|32.10|🔴 强偏空
20260130|50.74|34.91|50.74|65.09|49.11|34.91|🟠 偏空
20260202|39.79|41.27|39.79|58.73|60.06|41.27|🟢 偏多
20260203|33.43|43.34|33.43|56.66|66.57|43.34|🟢 偏多
20260204|30.33|54.73|30.33|45.27|69.67|54.73|🟢 偏多
20260205|27.66|71.89|28.11|27.66|71.89|72.34|🟢 强偏多
20260206|21.60|70.27|29.59|21.60|70.27|78.40|🟢 强偏多
20260209|17.90|57.25|42.46|17.90|57.25|82.10|🟢 强偏多
20260210|17.60|49.26|50.44|17.60|49.26|82.40|🟢 偏多
20260211|15.53|44.97|54.59|15.53|44.97|84.47|🟢 偏多
20260212|17.90|33.14|66.86|17.90|33.14|82.10|🟢 偏多
20260213|19.97|26.92|72.78|19.97|26.92|80.03|🟢 偏多
20260224|29.59|38.31|61.54|29.59|38.31|70.41|🟢 偏多
20260225|48.22|39.64|60.21|48.22|39.64|51.78|🟠 偏空
20260226|61.39|36.98|61.39|63.02|38.61|36.98|🔴 强偏空
20260227|63.91|31.36|63.91|68.64|36.09|31.36|🔴 强偏空
20260302|66.57|18.79|66.57|81.21|33.14|18.79|🔴 强偏空
20260303|63.61|12.87|63.61|87.13|36.39|12.87|🔴 强偏空
20260304|56.07|15.68|56.07|84.32|43.93|15.68|🔴 强偏空
20260305|49.41|24.70|49.41|75.30|50.30|24.70|🟠 偏空
20260306|44.23|31.21|44.23|68.64|55.77|31.21|🟠 偏空
20260309|33.28|48.22|33.28|51.78|66.42|48.22|🟢 偏多
20260310|30.47|67.75|32.10|30.47|67.75|69.53|🟢 强偏多
20260311|25.74|62.13|37.72|25.74|62.13|74.26|🟢 强偏多
20260312|27.51|56.36|43.34|27.51|56.36|72.34|🟢 强偏多
20260313|30.33|51.63|48.22|30.33|51.63|69.53|🟢 偏多
20260316|29.44|42.46|57.40|29.44|42.46|70.56|🟢 偏多
20260317|42.31|47.19|52.81|42.31|47.19|57.69|🟢 偏多
20260318|41.57|57.40|42.46|41.57|57.40|58.43|🟢 强偏多
20260319|28.99|61.98|28.99|38.02|70.71|61.98|🟢 强偏多
20260320|21.45|66.57|21.45|33.43|78.55|66.57|🟢 强偏多
20260323|12.43|59.76|12.43|40.24|87.57|59.76|🟢 强偏多
20260324|9.02|60.21|9.02|39.79|90.98|60.21|🟢 强偏多
20260325|8.43|53.85|8.43|46.15|91.57|53.85|🟢 偏多
20260326|11.83|54.88|11.83|45.12|88.17|54.88|🟢 偏多
20260327|14.94|58.14|14.94|41.86|85.06|58.14|🟢 强偏多
20260330|26.78|73.08|26.92|26.78|73.08|73.22|🟢 强偏多
20260331|27.96|62.43|37.57|27.96|62.43|72.04|🟢 强偏多
20260401|23.82|52.81|47.19|23.82|52.81|76.18|🟢 偏多
20260402|25.44|46.75|52.96|25.44|46.75|74.56|🟢 偏多
20260403|24.85|48.37|51.63|24.85|48.37|75.00|🟢 偏多
20260407|29.14|61.83|38.02|29.14|61.83|70.71|🟢 强偏多
20260408|39.64|55.18|44.53|39.64|55.18|60.36|🟢 强偏多
20260409|43.34|53.55|46.45|43.34|53.55|56.51|🟢 偏多
20260410|47.19|46.45|53.40|47.19|46.45|52.66|🟡 中性
20260413|61.09|32.54|67.46|61.09|32.54|38.91|🔴 强偏空
20260414|71.75|23.37|76.33|71.75|23.37|28.25|🔴 强偏空
20260415|59.91|27.81|71.89|59.91|27.81|40.09|🔴 强偏空
20260416|62.13|25.44|74.26|62.13|25.44|37.87|🔴 强偏空
20260417|56.21|26.33|73.52|56.21|26.33|43.79|🔴 强偏空
20260420|55.92|27.81|71.89|55.92|27.81|44.08|🔴 强偏空
20260421|47.34|32.10|67.75|47.34|32.10|52.66|🟠 偏空
20260422|49.11|31.51|68.20|49.11|31.51|50.89|🟠 偏空
20260423|56.51|37.13|62.43|56.51|37.13|43.49|🔴 强偏空
20260424|58.43|40.24|59.62|58.43|40.24|41.57|🔴 强偏空
20260427|53.99|45.41|54.59|53.99|45.41|46.01|🟠 偏空
20260428|49.70|42.60|49.70|57.40|50.15|42.60|🟠 偏空
20260429|45.71|36.98|45.71|63.02|54.14|36.98|🟠 偏空
20260430|45.86|38.61|45.86|61.39|53.99|38.61|🟠 偏空
20260506|51.33|33.14|51.33|66.86|48.52|33.14|🟠 偏空
20260507|57.10|27.96|57.10|72.04|42.90|27.96|🔴 强偏空
20260508|64.20|29.73|64.20|70.27|35.80|29.73|🔴 强偏空
20260511|69.82|26.78|69.82|73.22|30.03|26.78|🔴 强偏空
20260512|70.56|28.70|70.56|71.30|29.44|28.70|🔴 强偏空
20260513|60.06|31.07|68.93|60.06|31.07|39.94|🔴 强偏空
20260514|55.03|37.28|62.57|55.03|37.28|44.97|🔴 强偏空
20260515|50.89|41.86|50.89|58.14|49.11|41.86|🟠 偏空
20260518|38.31|59.32|38.31|40.68|61.69|59.32|🟢 强偏多
20260519|31.21|66.12|31.21|33.88|68.64|66.12|🟢 强偏多
20260520|25.30|67.90|25.30|32.10|74.56|67.90|🟢 强偏多
20260521|22.49|65.83|22.49|34.17|77.37|65.83|🟢 强偏多
20260522|24.41|73.52|24.41|26.48|75.59|73.52|🟢 强偏多
20260525|27.96|69.38|27.96|30.62|72.04|69.38|🟢 强偏多
20260526|29.59|61.98|29.59|38.02|70.41|61.98|🟢 强偏多
20260527|32.25|53.55|32.25|46.45|67.75|53.55|🟢 偏多
20260528|36.09|59.32|36.09|40.68|63.91|59.32|🟢 强偏多
20260529|37.57|44.97|37.57|55.03|62.43|44.97|🟢 偏多
20260601|35.95|42.16|35.95|57.84|64.05|42.16|🟢 偏多
20260602|34.47|49.70|34.47|50.30|65.24|49.70|🟢 偏多
20260603|34.47|52.81|34.47|47.19|64.94|52.81|🟢 偏多
20260604|35.06|49.85|35.06|50.15|64.94|49.85|🟢 偏多
20260605|33.73|61.98|33.73|38.02|66.27|61.98|🟢 强偏多
20260608|29.59|64.50|29.59|35.50|70.41|64.50|🟢 强偏多
20260609|27.66|67.90|27.66|32.10|72.34|67.90|🟢 强偏多
20260610|27.96|66.27|27.96|33.73|71.89|66.27|🟢 强偏多
20260611|27.37|67.60|27.37|32.40|72.63|67.60|🟢 强偏多
20260612|26.92|51.18|26.92|48.82|73.08|51.18|🟢 偏多
20260615|37.57|47.34|37.57|52.66|62.43|47.34|🟢 偏多
20260616|48.52|40.98|48.52|59.02|51.48|40.98|🟠 偏空
20260617|55.77|37.72|55.77|62.28|44.23|37.72|🔴 强偏空
20260618|62.13|28.11|62.13|71.89|37.87|28.11|🔴 强偏空
20260622|62.43|36.54|62.43|63.46|37.57|36.54|🔴 强偏空
20260623|56.36|39.79|56.36|60.21|43.49|39.79|🔴 强偏空
20260624|52.51|42.60|52.51|57.40|47.49|42.60|🟠 偏空
20260625|47.34|39.94|47.34|60.06|52.37|39.94|🟠 偏空
20260626|40.38|46.30|40.38|53.70|59.62|46.30|🟢 偏多
20260629|31.51|54.29|31.51|45.71|68.49|54.29|🟢 偏多
20260630|30.47|57.84|30.47|42.16|69.53|57.84|🟢 强偏多
20260701|30.77|56.21|30.77|43.79|69.08|56.21|🟢 强偏多
20260702|25.30|63.91|25.30|36.09|74.70|63.91|🟢 强偏多
20260703|32.40|63.02|32.40|36.98|67.60|63.02|🟢 强偏多
20260706|36.98|54.44|45.41|36.98|54.44|63.02|🟢 偏多
20260707|40.24|47.04|52.51|40.24|47.04|59.76|🟢 偏多
20260708|30.03|48.67|51.33|30.03|48.67|69.97|🟢 偏多
20260709|27.07|49.85|50.15|27.07|49.85|72.93|🟢 偏多
20260710|26.33|56.80|42.90|26.33|56.80|73.67|🟢 强偏多
20260713|24.85|67.60|32.10|24.85|67.60|75.15|🟢 强偏多
20260714|29.14|68.34|31.66|29.14|68.34|70.86|🟢 强偏多
20260715|35.80|53.70|35.80|46.30|64.20|53.70|🟢 偏多
20260716|39.20|51.78|39.20|48.22|60.50|51.78|🟢 偏多
20260717|39.79|51.48|39.79|48.52|59.91|51.48|🟢 偏多
20260720|47.49|47.49|47.49|52.51|52.51|47.49|🟡 中性
20260721|50.00|43.79|50.00|56.21|49.85|43.79|🟠 偏空
20260722|50.59|44.23|50.59|55.77|49.41|44.23|🟠 偏空
20260723|51.92|41.86|51.92|58.14|47.93|41.86|🟠 偏空
