20250103|109|7|559|675|41462626
20250106|347|23|305|675|36245032
20250107|463|19|193|675|36272256
20250108|216|11|449|676|41864870
20250109|265|17|394|676|37396662
20250110|83|14|579|676|38377078
20250113|349|18|309|676|34798637
20250114|665|3|8|676|45575555
20250115|172|22|482|676|37684383
20250116|405|26|245|676|40332397
20250117|403|43|230|676|35314184
20250120|356|31|289|676|38734330
20250121|276|25|375|676|39132906
20250122|167|20|489|676|38469572
20250123|294|28|354|676|46090877
20250124|525|26|125|676|40154918
20250127|284|18|374|676|36965536
20250205|278|17|381|676|43219946
20250206|520|21|135|676|50352269
20250207|533|11|132|676|65706923
20250210|348|40|288|676|55491139
20250211|239|20|417|676|51621801
20250212|450|33|193|676|53209900
20250213|179|25|472|676|59560964
20250214|353|37|286|676|54500632
20250217|310|23|343|676|62646410
20250218|149|6|521|676|58271430
20250219|469|25|182|676|55811333
20250220|265|30|381|676|54624850
20250221|384|24|268|676|71996982
20250224|315|23|338|676|70621156
20250225|120|19|537|676|61347581
20250226|513|13|150|676|58581575
20250227|261|22|393|676|63230797
20250228|81|9|586|676|59069528
20250303|359|33|284|676|50936346
20250304|419|39|218|676|42883897
20250305|323|30|323|676|44975926
20250306|509|18|149|676|57907567
20250307|267|15|394|676|54679057
20250310|317|22|337|676|46239026
20250311|418|27|231|676|46151819
20250312|286|24|366|676|49862279
20250313|252|18|406|676|48430336
20250314|565|14|97|676|61544456
20250317|304|29|343|676|48377098
20250318|332|35|309|676|45372076
20250319|247|23|406|676|42978997
20250320|195|26|455|676|41007603
20250321|144|19|513|676|46646361
20250324|331|25|320|676|42021866
20250325|359|16|301|676|37483306
20250326|275|35|366|676|34859740
20250327|310|21|345|676|34617156
20250328|174|25|477|676|33009806
20250331|173|16|487|676|39644791
20250401|451|25|200|676|35249420
20250402|308|28|340|676|29217545
20250403|242|23|411|676|36265940
20250407|12|1|663|676|57770702
20250408|406|10|260|676|60588591
20250409|480|21|175|676|61343167
20250410|553|18|105|676|55717872
20250411|325|31|320|676|44193755
20250414|476|24|176|676|42542851
20250415|219|19|438|676|33279466
20250416|251|16|409|676|36367378
20250417|261|49|366|676|30408238
20250418|353|43|280|676|26808757
20250421|479|28|169|676|31126539
20250422|270|38|368|676|31902318
20250423|331|28|317|676|35604986
20250424|259|29|388|676|30423060
20250425|404|22|250|676|31951151
20250428|223|13|440|676|31586928
20250429|324|20|332|676|30033857
20250430|340|24|312|676|36962367
20250506|565|12|99|676|42110130
20250507|424|26|226|676|43248510
20250508|379|38|259|676|35883025
20250509|213|14|449|676|33116991
20250512|531|22|123|676|40764785
20250513|298|30|348|676|38234836
20250514|411|32|233|676|41972277
20250515|112|18|546|676|34569650
20250516|268|26|382|676|30428219
20250519|348|32|296|676|28757360
20250520|398|52|226|676|29847890
20250521|339|47|290|676|32511741
20250522|152|10|514|676|28787634
20250523|116|14|546|676|32521242
20250526|361|30|285|676|29315659
20250527|210|42|424|676|26599661
20250528|257|26|393|676|24800904
20250529|518|24|134|676|30081873
20250530|174|22|480|676|28808410
20250603|365|34|277|676|32199612
20250604|477|38|161|676|29960633
20250605|350|30|296|676|34112549
20250606|322|30|325|677|30254433
20250609|444|35|198|677|36235977
20250610|164|19|494|677|36291091
20250611|474|37|166|677|35115924
20250612|273|32|372|677|34891881
20250613|177|22|478|677|42923266
20250616|358|29|290|677|35130967
20250617|336|31|310|677|31776286
20250618|280|19|378|677|32317631
20250619|105|13|559|677|34494593
20250620|247|35|395|677|29955902
20250623|429|33|215|677|32115994
20250624|562|7|108|677|40240606
20250625|556|19|102|677|45977705
20250626|188|22|467|677|44339267
20250627|394|35|248|677|47745581
20250630|398|42|237|677|41688088
20250701|358|29|290|677|39063677
20250702|308|21|348|677|39151185
20250703|380|38|259|677|37910441
20250704|265|29|383|677|41978735
20250707|306|31|340|677|33747680
20250708|521|17|139|677|42861757
20250709|214|27|436|677|44257166
20250710|433|20|224|677|47043046
20250711|380|36|261|677|59065546
20250714|357|19|301|677|47548086
20250715|206|10|461|677|50827972
20250716|265|38|374|677|41543865
20250717|449|44|184|677|47233920
20250718|429|26|222|677|51842464
20250721|480|13|184|677|56626340
20250722|431|16|230|677|66256665
20250723|201|29|447|677|67215573
20250724|511|17|149|677|67554544
20250725|237|24|416|677|62991406
20250728|281|17|379|677|61309793
20250729|327|20|330|677|59415562
20250730|277|15|385|677|62408632
20250731|96|7|574|677|66668613
20250801|280|38|359|677|50778278
20250804|410|44|223|677|44309664
20250805|516|31|130|677|46707595
20250806|433|36|208|677|48622140
20250807|279|26|372|677|53335536
20250808|325|22|330|677|48952756
20250811|422|32|223|677|54340869
20250812|333|27|317|677|55368540
20250813|393|33|251|677|68014669
20250814|133|12|532|677|71755601
20250815|538|19|120|677|74463217
20250818|424|32|221|677|91282554
20250819|259|30|388|677|85189967
20250820|534|24|119|677|82066287
20250821|319|19|339|677|82024149
20250822|465|28|184|677|87338420
20250825|557|9|111|677|108460013
20250826|319|21|337|677|92501031
20250827|86|4|587|677|107498727
20250828|470|19|188|677|99747632
20250829|338|16|323|677|106523962
20250901|330|10|337|677|105066020
20250902|192|13|472|677|105254249
20250903|127|7|543|677|87009412
20250904|193|17|467|677|94143488
20250905|591|9|77|677|82214252
20250908|444|10|223|677|86481342
20250909|251|22|404|677|76978892
20250910|208|25|444|677|69143737
20250911|580|17|80|677|86960217
20250912|269|11|397|677|92893276
20250915|219|23|435|677|82225889
20250916|307|14|356|677|83336442
20250917|407|21|249|677|83533792
20250918|142|3|532|677|114067933
20250919|336|14|327|677|85052591
20250922|279|8|390|677|77251175
20250923|225|9|443|677|91947353
20250924|499|25|153|677|84643158
20250925|262|14|401|677|91335764
20250926|245|37|395|677|83683377
20250929|479|22|176|677|87178375
20250930|357|15|305|677|86880202
20251009|490|10|177|677|109957798
20251010|307|20|350|677|104384343
20251013|233|13|431|677|96752856
20251014|247|20|410|677|108605714
20251015|487|23|167|677|85595002
20251016|234|16|427|677|76983230
20251017|77|9|591|677|76368559
20251020|419|12|246|677|66619498
20251021|525|19|133|677|71109159
20251022|231|25|421|677|59418407
20251023|405|17|255|677|58861160
20251024|389|16|272|677|70186840
20251027|506|18|153|677|90106733
20251028|226|13|438|677|80194638
20251029|499|14|164|677|85911881
20251030|219|11|447|677|94512842
20251031|245|20|412|677|88342261
20251103|368|16|293|677|77143294
20251104|155|14|508|677|69048521
20251105|363|18|296|677|64480299
20251106|502|22|153|677|74183286
20251107|282|22|373|677|71795292
20251110|408|13|256|677|80113599
20251111|228|19|430|677|67661346
20251112|220|13|444|677|67789440
20251113|507|18|152|677|70760203
20251114|137|18|522|677|64668808
20251117|240|14|423|677|63083735
20251118|147|10|520|677|62345291
20251119|286|22|369|677|56347048
20251120|213|27|437|677|58876943
20251121|42|7|628|677|65246191
20251124|374|19|284|677|57913591
20251125|470|30|177|677|58596967
20251126|263|28|386|677|55750384
20251127|278|44|355|677|53030006
20251128|482|18|177|677|47979233
20251201|511|15|151|677|63610696
20251202|172|30|475|677|50038215
20251203|257|20|400|677|51578807
20251204|274|25|378|677|48798578
20251205|486|11|180|677|56783690
20251208|353|21|303|677|67453570
20251209|163|17|497|677|63213049
20251210|415|24|238|677|56354119
20251211|152|14|511|677|60033248
20251212|459|22|196|677|72879321
20251215|279|23|375|677|60016384
20251216|130|6|541|677|57228149
20251217|548|23|106|677|61974733
20251218|263|21|393|677|56119859
20251219|479|19|179|677|58883002
20251222|411|26|240|677|65816939
20251223|268|17|392|677|66918269
20251224|454|27|196|677|65463596
20251225|391|29|257|677|62348943
20251226|344|32|301|677|73362558
20251229|239|21|417|677|75414008
20251230|257|27|393|677|73527232
20251231|247|28|402|677|70126743
20260105|530|12|135|677|90776867
20260106|557|12|108|677|105092508
20260107|281|12|384|677|104698643
20260108|288|19|370|677|97825432
20260109|481|21|175|677|105110377
20260112|430|21|226|677|115737794
20260113|236|23|418|677|121873523
20260114|253|15|409|677|134017021
20260115|316|20|341|677|99158823
20260116|252|21|404|677|112556806
20260119|435|31|211|677|102784030
20260120|384|13|280|677|107674109
20260121|323|16|338|677|97506079
20260122|378|20|279|677|102107587
20260123|400|27|250|677|113442855
20260126|300|18|359|677|122128319
20260127|225|7|445|677|107541862
20260128|348|15|314|677|117834883
20260129|320|15|342|677|132361371
20260130|167|16|494|677|109001783
20260202|98|5|574|677|98969369
20260203|563|9|105|677|96539934
20260204|468|5|204|677|90127254
20260205|206|8|463|677|79983168
20260206|235|17|425|677|75858116
20260209|570|10|97|677|75455255
20260210|284|17|376|677|68858216
20260211|344|16|317|677|67869405
20260212|325|13|339|677|75694733
20260213|103|7|567|677|70613855
20260224|491|15|171|677|80344844
20260225|454|11|212|677|96450724
20260226|319|22|336|677|94611867
20260227|409|23|245|677|93058131
20260302|323|12|342|677|121731393
20260303|122|10|545|677|127307607
20260304|205|16|456|677|97847640
20260305|440|15|222|677|91575650
20260306|429|17|231|677|85020858
20260309|193|15|469|677|105430656
20260310|499|14|164|677|88346684
20260311|376|15|286|677|94754096
20260312|285|20|372|677|95711945
20260313|175|15|487|677|93967955
20260316|251|20|406|677|92114930
20260317|178|14|485|677|84358288
20260318|326|20|331|677|75825735
20260319|76|8|593|677|79540043
20260320|142|8|527|677|80490683
20260323|57|2|618|677|91908730
20260324|609|3|65|677|78273001
20260325|593|6|78|677|82236905
20260326|139|16|522|677|71145666
20260327|458|17|202|677|67704657
20260330|336|21|320|677|70842209
20260331|155|7|515|677|76186028
20260401|544|12|121|677|72886072
20260402|186|10|481|677|66287426
20260403|133|6|538|677|56245927
20260407|344|19|314|677|57761971
20260408|621|5|51|677|91185832
20260409|199|16|462|677|78231594
20260410|435|17|225|677|87487224
20260413|322|24|331|677|81740152
20260414|468|14|195|677|88337306
20260415|263|15|399|677|89883970
20260416|455|31|191|677|82073282
20260417|258|21|398|677|85743828
20260420|387|21|269|677|95913981
20260421|307|13|357|677|87797544
20260422|381|17|279|677|94666239
20260423|237|16|424|677|108556343
20260424|222|17|438|677|96084894
20260427|292|16|369|677|97323569
20260428|300|12|365|677|94710814
20260429|484|19|174|677|99017755
20260430|267|16|394|677|108416658
20260506|488|12|177|677|119427438
20260507|385|19|273|677|117888796
20260508|306|19|352|677|114683247
20260511|433|19|225|677|132714282
20260512|252|17|408|677|123331980
20260513|365|17|295|677|121571512
20260514|121|10|546|677|126232567
20260515|147|13|517|677|123801437
20260518|259|10|408|677|106014424
20260519|427|13|237|677|104778728
20260520|244|6|427|677|106476946
20260521|145|9|523|677|128146798
20260522|385|16|276|677|107273823
20260525|377|19|281|677|115777237
20260526|328|18|331|677|127054870
20260527|183|7|487|677|127735459
20260528|249|21|407|677|115805316
20260529|308|9|360|677|133827817
20260601|387|11|279|677|116528365
20260602|294|16|367|677|114622148
20260603|258|5|414|677|127789309
20260604|194|7|476|677|113192045
20260605|270|15|392|677|124230997
20260608|122|2|553|677|113221347
20260609|465|16|196|677|103644639
20260610|280|8|389|677|105268951
20260611|247|9|421|677|102692263
20260612|498|7|172|677|132347914
20260615|487|8|182|677|126590213
20260616|278|9|390|677|124673301
20260617|285|9|383|677|124563791
20260618|210|3|464|677|137623828
20260622|494|8|175|677|154514413
20260623|174|11|492|677|147190034
20260624|270|11|396|677|136555538
20260625|286|7|384|677|147846196
20260626|112|4|561|677|150425292
20260629|397|16|264|677|143426371
20260630|309|5|363|677|130506094
20260701|452|7|218|677|144061164
20260702|250|6|421|677|136812706
20260703|428|15|234|677|129806539
20260706|358|13|306|677|126577267
20260707|115|5|557|677|105124796
20260708|209|17|451|677|101954553
20260709|338|13|326|677|119386064
20260710|371|8|298|677|139000547
20260713|164|12|501|677|112710374
20260714|529|5|143|677|114388873
20260715|399|9|269|677|110918802
20260716|195|8|474|677|99096245
20260717|125|9|543|677|104204289
20260720|437|2|238|677|110523604
20260721|442|17|218|677|122452702
20260722|355|15|307|677|114638512
20260723|469|12|196|677|96241820
20260724|67|4|606|677|83016700
20260727|569|15|93|677|79666548
20260728|209|10|458|677|77643770
20260729|529|4|144|677|91904924
20260730|336|13|328|677|93072881
20260731|428|21|228|677|99636460
20260803|383|7|287|677|79185387
20260804|338|10|329|677|84993323
20260805|435|18|224|677|105335860
