20250108|99.72|101.91|97.07|100.4|53951781.5|61309.67
20250109|100.07|103.22|98.81|101.3|44142994.04|54859.55
20250110|101.35|103.58|98.49|99.54|45567097.3|56153.36
20250113|98.62|101.5|96.88|99.12|43386606.3|50848.05
20250114|99.17|103.71|98.29|103.22|53784379.13|66586.74
20250115|103.18|104.81|101.28|102.56|43430132.24|55455.59
20250116|103.38|106.39|101.41|104.07|49003029.88|59208.68
20250117|103.29|105.75|101.96|103.85|40878897.58|51711.9
20250120|104.59|106.62|102.92|104.34|43088449.11|56382.61
20250121|104.95|107.06|102.9|105.09|42656085.72|56898.61
20250122|104.69|106.97|103.0|105.02|40383695.52|56142.55
20250123|106.12|108.67|104.2|105.26|53127360.36|67219.17
20250124|104.88|107.8|103.84|106.72|44394100.83|58726.05
20250127|106.82|108.74|104.67|105.78|42844912.85|54157.62
20250205|106.64|108.73|104.5|106.67|47241434.57|63208.22
20250206|106.81|110.28|105.41|109.08|53800922.16|73457.15
20250207|108.96|113.38|108.04|111.62|69743584.36|95962.97
20250210|112.31|115.93|110.97|114.23|62056199.44|81530.11
20250211|114.51|116.91|112.1|114.11|56036732.29|75244.36
20250212|113.55|117.72|112.4|116.58|55846900.74|77881.0
20250213|116.62|120.12|114.52|116.94|63073437.74|86530.35
20250214|116.46|119.92|114.18|117.66|58011689.49|79545.56
20250217|118.45|121.41|116.37|119.12|63807210.5|91401.26
20250218|119.05|121.36|115.73|117.32|62579484.9|85630.25
20250219|117.37|120.98|115.73|119.38|57330032.98|82058.0
20250220|119.32|122.68|117.72|120.48|55784374.16|79610.56
20250221|121.02|124.71|118.96|122.89|70720758.06|105169.51
20250224|123.1|126.39|120.71|123.55|69804495.07|101922.38
20250225|121.65|125.57|120.05|122.49|59796302.38|90008.9
20250226|122.88|126.22|121.27|124.4|60538578.9|86009.7
20250227|124.42|127.13|121.11|124.1|65096401.04|92622.51
20250228|123.32|125.25|119.83|120.77|60650308.05|86227.8
20250303|121.1|123.92|119.07|121.15|53974221.57|74122.62
20250304|120.2|123.35|119.09|121.99|45287522.73|62831.97
20250305|122.02|125.19|120.32|123.65|49259358.69|66348.87
20250306|124.37|127.46|123.25|125.99|58967071.01|84924.77
20250307|126.29|129.48|123.96|126.29|57164482.85|80456.63
20250310|126.65|128.96|124.17|126.3|48917162.29|67795.36
20250311|124.65|128.82|123.67|127.9|48049904.82|67662.22
20250312|128.42|131.05|126.62|128.24|51231063.21|72963.14
20250313|128.18|130.86|125.53|127.99|53027258.18|71068.01
20250314|128.26|131.74|127.09|130.31|61751679.23|89476.02
20250317|130.78|133.31|129.28|130.88|51965742.49|70460.41
20250318|131.25|134.1|129.77|132.02|46992299.33|66038.17
20250319|131.63|133.78|129.63|131.52|44973212.22|62933.41
20250320|131.42|133.63|129.75|131.1|42908325.19|60142.58
20250321|130.72|133.01|128.36|129.73|51941756.31|68028.17
20250324|130.01|132.1|127.07|130.23|48816833.17|61322.14
20250325|130.06|132.93|128.15|130.28|43957242.29|54195.09
20250326|130.35|132.99|128.68|130.68|40819973.24|50576.59
20250327|130.29|132.17|128.07|129.69|39378105.51|50500.51
20250328|129.59|131.6|127.4|128.92|39219998.04|48075.3
20250331|128.35|130.52|125.64|127.93|47410750.34|57686.47
20250401|128.28|130.64|126.6|128.46|40716564.78|51441.23
20250402|128.28|130.74|127.0|129.0|33451948.38|42433.52
20250403|127.68|130.81|126.19|128.54|40774487.78|52574.46
20250407|123.1|125.51|117.22|119.34|73037276.8|83855.14
20250408|118.37|122.36|115.88|120.11|72484069.8|87835.35
20250409|118.62|123.84|114.87|122.36|74539170.34|89182.25
20250410|124.26|127.52|122.32|124.87|64484103.7|81100.83
20250411|124.28|127.24|122.6|125.06|48704949.56|64401.05
20250414|126.18|129.25|124.77|127.0|48797585.28|62348.89
20250415|126.9|128.38|124.65|126.41|38542090.09|48764.74
20250416|126.44|128.02|123.82|126.14|42625898.54|53070.54
20250417|125.62|128.09|124.33|125.98|34657952.46|44705.26
20250418|125.69|128.08|124.38|126.54|31692750.28|39104.14
20250421|126.42|130.06|125.42|128.8|36365309.41|45549.63
20250422|129.03|131.54|127.66|129.31|38217499.29|46754.47
20250423|129.77|131.86|128.04|129.43|39059851.21|51920.33
20250424|129.47|131.3|127.55|128.97|36056257.48|44602.32
20250425|129.33|132.0|128.04|129.94|38501786.84|47055.42
20250428|130.4|132.38|128.44|130.11|38347515.72|46490.23
20250429|129.79|132.25|128.02|130.06|36016442.54|43980.65
20250430|130.16|132.64|128.18|130.05|43490826.41|54177.61
20250506|131.11|134.59|130.0|133.65|49542035.19|61581.94
20250507|135.55|137.26|132.77|134.58|49809835.86|63292.32
20250508|134.25|137.57|133.2|135.73|40704616.89|53258.94
20250509|135.5|137.34|133.0|134.8|39375044.04|48906.65
20250512|135.6|138.18|134.23|136.98|43195452.05|59787.05
20250513|138.05|140.0|135.68|137.51|42646631.71|56159.15
20250514|137.3|140.89|136.04|139.31|48462104.23|61299.83
20250515|139.36|141.04|136.89|137.97|41638505.21|50495.37
20250516|137.44|140.46|135.92|138.37|36703820.22|44343.67
20250519|138.55|140.71|136.71|139.03|33776702.9|42137.1
20250520|139.23|141.79|137.54|139.82|34665326.55|44091.76
20250521|139.99|142.71|138.62|140.68|36294758.8|47683.37
20250522|140.17|142.0|138.41|139.55|33513791.47|42538.18
20250523|139.41|141.62|137.52|138.41|35598170.97|47586.35
20250526|138.44|141.17|137.14|139.61|32376372.06|42668.42
20250527|139.42|141.2|137.39|139.04|30203962.63|38834.79
20250528|139.0|142.01|137.6|139.73|29933304.57|36254.18
20250529|139.56|142.82|138.74|141.62|35009073.19|43915.1
20250530|141.46|143.0|139.24|140.57|33770706.94|41926.58
20250603|140.6|143.32|139.18|141.53|36524744.13|47194.72
20250604|141.62|144.3|140.7|142.92|33680062.89|43843.53
20250605|143.15|145.91|141.61|144.17|36712793.8|49896.56
20250606|144.47|146.77|143.04|144.89|34155828.24|44248.4
20250609|145.38|148.1|144.15|146.46|40540943.23|52866.52
20250610|146.56|148.5|144.11|145.99|42670528.37|52934.57
20250611|146.09|149.61|145.29|147.81|39240792.71|50584.74
20250612|147.52|150.16|146.24|148.4|37794048.43|50357.99
20250613|148.47|150.48|146.27|147.98|49535714.34|62545.44
20250616|147.83|150.82|146.42|149.16|38732400.07|51031.76
20250617|149.34|152.04|147.59|150.07|36340522.17|46235.88
20250618|150.26|152.9|148.19|150.62|36968890.28|47244.4
20250619|150.53|152.36|147.14|148.72|39857428.94|50131.92
20250620|148.44|150.96|146.76|148.53|33635983.4|43594.03
20250623|148.66|151.89|147.09|150.44|37602552.69|46413.29
20250624|149.95|153.37|148.88|152.04|45479961.83|58671.88
20250625|152.21|156.46|151.1|155.48|52041278.15|67413.72
20250626|156.24|159.25|154.26|156.08|49671575.24|64984.36
20250627|156.77|161.41|154.44|157.51|58096502.14|70148.67
20250630|157.83|160.74|156.05|158.89|46787158.9|61479.01
20250701|159.29|162.77|156.93|160.47|44735790.78|57920.25
20250702|160.52|163.92|158.4|161.27|48220570.13|57400.97
20250703|161.49|164.48|159.4|162.4|41871022.58|54749.83
20250704|162.46|166.43|160.82|163.65|48738253.15|61363.44
20250707|163.76|167.22|162.15|165.13|41347174.72|49722.48
20250708|165.13|169.64|163.75|168.28|48981622.43|62713.2
20250709|168.52|172.53|166.4|168.93|52881938.4|65340.6
20250710|169.23|173.91|167.65|171.31|58934577.93|69794.48
20250711|171.97|176.68|169.73|173.21|71557219.7|87104.09
20250714|174.49|177.93|171.63|173.75|58861292.1|70109.07
20250715|173.79|176.71|170.32|172.95|58436954.6|74721.24
20250716|173.21|175.62|170.73|172.7|46487644.05|60846.67
20250717|172.9|176.87|171.35|174.99|48176747.71|69284.36
20250718|175.44|180.05|173.82|177.33|52710759.87|75759.61
20250721|178.72|183.57|177.18|181.64|66058605.99|82741.33
20250722|182.53|187.37|179.85|185.21|75790681.52|97334.66
20250723|187.33|191.59|182.93|185.4|81890944.22|98221.71
20250724|184.81|192.63|182.18|190.2|84797707.3|98752.41
20250725|190.84|194.68|186.06|188.75|76176506.5|92524.13
20250728|188.49|192.59|185.72|189.34|64914884.97|90151.33
20250729|189.05|193.75|186.12|191.25|63008761.92|87003.38
20250730|191.63|195.89|187.99|191.81|66424390.62|91404.35
20250731|190.86|194.23|186.36|188.69|71724390.79|97046.95
20250801|188.23|191.5|184.97|187.38|53082333.91|74097.98
20250804|186.62|190.37|185.02|188.72|46092780.38|65152.61
20250805|189.3|193.3|187.84|191.17|49948814.96|68810.62
20250806|191.24|195.33|189.33|193.29|49915479.32|72063.9
20250807|193.85|197.68|190.59|194.77|53735592.38|78951.2
20250808|194.42|198.83|192.37|195.61|50661921.98|72045.04
20250811|196.41|200.29|194.26|197.96|54574750.36|80083.43
20250812|198.12|201.67|195.63|199.05|51779238.68|81958.44
20250813|199.37|204.82|197.52|202.47|65427217.52|100261.93
20250814|202.89|207.11|199.17|201.9|68164938.37|105493.57
20250815|201.64|208.98|199.69|206.48|75232619.67|109359.79
20250818|208.43|213.93|204.86|210.41|88256160.42|133060.06
20250819|211.05|217.1|207.66|212.45|78563348.2|124902.64
20250820|212.72|218.9|209.05|215.37|77760864.44|120068.62
20250821|216.05|220.91|211.71|214.96|77667329.83|120001.34
20250822|214.58|221.32|212.77|219.35|79875033.98|127895.7
20250825|221.34|228.14|218.43|224.91|101617739.1|159100.01
20250826|224.8|231.37|220.86|226.68|87023918.12|135521.97
20250827|227.4|233.64|221.72|224.1|102309985.96|158219.5
20250828|223.65|231.28|220.04|229.12|93168490.56|146238.95
20250829|229.74|235.13|225.35|229.36|95027786.82|155658.5
20250901|231.0|237.3|226.1|232.77|92811711.15|152878.73
20250902|233.33|238.52|226.29|231.29|94070560.62|153654.78
20250903|232.38|236.78|224.07|228.28|81985897.2|127611.91
20250904|228.29|233.53|219.38|224.7|90821295.87|137060.62
20250905|223.71|231.65|220.3|229.81|76451439.26|119953.42
20250908|230.97|236.87|227.26|232.53|78572537.66|126168.38
20250909|232.12|238.54|228.29|232.5|71361921.53|112475.22
20250910|231.18|238.34|228.6|234.38|63455247.58|100779.99
20250911|233.76|241.96|231.02|240.25|76631422.92|126584.98
20250912|240.48|247.84|237.36|242.93|84968814.38|135339.96
20250915|243.7|249.97|240.19|244.69|74212022.56|120205.81
20250916|245.86|252.54|241.06|248.39|81408037.63|122414.6
20250917|248.68|256.08|244.85|252.4|79148936.5|122709.98
20250918|252.58|260.55|246.52|252.78|103314325.43|167236.43
20250919|254.12|259.61|245.54|250.26|80042118.29|124411.78
20250922|249.68|256.56|245.39|251.84|66910025.81|112458.4
20250923|252.66|259.3|243.88|252.42|83552144.41|133324.96
20250924|250.39|257.68|245.84|253.5|71267070.42|122323.56
20250925|254.54|260.83|249.92|255.13|72562526.4|131966.79
20250926|253.76|260.22|249.13|252.09|66492738.1|121070.76
20250929|252.94|260.94|249.61|257.76|74270871.29|126091.07
20250930|258.77|266.02|255.8|261.97|71954421.16|125839.08
20251009|264.99|274.0|261.33|271.11|93950479.52|158476.73
20251010|271.0|277.69|264.29|268.89|90028987.58|150296.34
20251013|262.44|274.25|259.53|271.11|87892998.77|139614.99
20251014|274.53|281.93|265.96|269.94|96961995.41|156605.83
20251015|270.98|277.58|263.74|272.09|78747833.16|122948.96
20251016|271.0|277.09|266.65|271.3|70235622.62|110735.91
20251017|271.14|275.85|263.28|265.15|71940672.52|109786.99
20251020|266.67|272.16|262.13|267.07|62040576.27|95542.7
20251021|267.57|274.66|264.8|271.37|64598692.44|101851.4
20251022|269.14|274.4|265.73|270.28|55435674.03|85176.0
20251023|270.21|275.15|264.93|271.39|59042711.71|84489.4
20251024|272.35|278.07|268.6|273.74|60935713.38|100912.95
20251027|275.92|282.5|272.47|278.45|74371076.78|129011.05
20251028|277.48|283.22|273.12|277.76|65749160.65|115553.47
20251029|278.82|287.67|275.84|284.92|73185350.47|124015.28
20251030|285.09|291.79|280.06|284.04|80035246.69|136010.53
20251031|284.11|289.6|278.54|281.73|78106526.65|127854.73
20251103|282.9|288.83|277.38|284.92|71672643.59|111875.59
20251104|284.49|290.36|279.45|283.81|65901878.59|99940.52
20251105|279.91|290.49|277.31|286.93|62794321.03|93417.74
20251106|287.68|295.75|284.42|291.7|65983588.04|106889.8
20251107|291.18|298.63|287.61|293.24|62219573.19|103827.77
20251110|294.46|301.36|289.53|295.79|66411847.53|115719.59
20251111|296.43|301.92|291.26|295.35|57882599.25|97697.26
20251112|294.68|300.63|288.72|294.54|61952515.55|98132.77
20251113|294.62|303.61|291.88|300.04|63033967.64|102320.91
20251114|297.92|306.41|294.16|299.43|62607990.92|93700.13
20251117|299.38|304.91|294.21|299.76|60206416.57|92115.65
20251118|299.66|304.89|291.62|296.01|60524207.46|90998.4
20251119|295.81|301.91|290.97|296.4|53665260.89|83338.86
20251120|297.98|304.5|292.36|296.67|55608395.39|86460.82
20251121|292.69|296.62|284.64|286.12|64782381.41|95673.53
20251124|286.95|292.11|280.73|287.03|53153645.92|84897.75
20251125|288.41|295.61|285.7|291.6|50938547.2|85863.64
20251126|291.56|297.74|287.3|291.67|47411923.82|81935.51
20251127|291.28|297.17|287.65|291.14|43859231.79|77522.68
20251128|290.73|297.48|287.59|294.52|43254668.02|70426.33
20251201|296.09|303.75|292.95|299.67|58775802.15|92765.96
20251202|299.35|303.72|294.36|298.62|45965320.3|73445.24
20251203|298.6|305.23|293.73|298.98|50720826.48|75756.18
20251204|299.84|305.48|295.43|300.23|44683290.06|71730.5
20251205|299.75|309.64|296.76|307.06|55702210.57|83256.75
20251208|308.91|316.21|304.78|311.32|60428276.0|98872.31
20251209|310.23|316.82|303.77|309.82|57527291.96|93655.26
20251210|310.0|317.63|305.6|312.53|53053154.92|83599.0
20251211|313.74|320.11|305.96|311.22|56557913.68|88436.21
20251212|311.02|318.66|306.46|314.42|65316110.9|107167.84
20251215|313.46|322.24|309.03|315.59|55268828.4|88949.86
20251216|315.35|321.75|307.05|313.68|56617086.79|85589.56
20251217|314.11|323.15|309.25|318.59|57374321.77|91575.62
20251218|317.83|325.68|313.41|319.2|50204971.1|83140.77
20251219|319.69|330.4|316.55|325.5|56099921.98|87220.95
20251222|327.81|337.21|323.61|332.44|60363165.0|97011.15
20251223|333.55|340.89|325.09|330.2|61189410.15|98564.72
20251224|329.4|338.47|325.67|334.88|54844922.12|95903.55
20251225|334.31|341.8|330.13|336.93|50446647.12|91797.49
20251226|337.97|348.7|334.51|343.53|61913050.2|108912.76
20251229|344.36|352.25|337.8|343.78|65252368.67|112481.39
20251230|340.6|352.16|335.56|344.26|59871305.83|109466.78
20251231|345.76|355.69|339.74|348.93|58798372.84|104712.19
20260105|352.13|360.51|346.91|355.86|73174211.45|134104.4
20260106|357.07|371.93|353.88|368.04|91623438.46|155046.46
20260107|368.4|378.81|362.21|370.58|86067346.34|153599.93
20260108|369.79|381.84|364.12|374.15|81144648.91|143715.6
20260109|376.84|388.72|370.62|381.31|85187837.04|154896.65
20260112|384.88|396.74|379.66|391.71|94222498.99|171009.88
20260113|395.05|404.44|381.06|390.13|99266650.17|179205.77
20260114|390.3|406.32|384.23|394.99|115611189.68|197990.84
20260115|393.66|405.13|384.89|394.71|84493862.61|146875.82
20260116|394.96|406.48|385.63|393.55|93885752.05|166733.36
20260119|388.28|402.57|382.21|395.82|83491783.97|150122.67
20260120|395.79|407.55|385.66|398.8|91150628.53|157590.52
20260121|397.27|409.58|392.34|401.96|78610646.76|142853.75
20260122|402.58|416.22|396.5|407.59|84502826.35|149012.14
20260123|408.12|422.69|402.92|415.7|94503888.01|165896.82
20260126|418.05|428.85|408.86|417.03|103724516.21|178626.6
20260127|414.52|427.1|404.44|417.43|90898432.56|159035.11
20260128|419.0|434.0|411.89|425.33|103150519.4|173084.58
20260129|427.91|441.16|415.71|430.43|112196621.76|194566.47
20260130|426.01|435.72|412.54|421.4|94399445.35|159553.26
20260202|415.9|426.29|406.25|409.89|87042240.26|144824.54
20260203|411.8|424.69|404.54|420.53|80728961.62|142746.44
20260204|420.71|434.06|413.5|427.19|81980151.91|134332.22
20260205|422.81|431.19|413.34|420.79|70856770.5|118508.49
20260206|413.98|431.53|408.16|423.04|65581414.31|112919.26
20260209|429.56|439.14|423.91|433.84|62559861.87|111776.77
20260210|435.68|443.58|427.07|434.96|58828549.23|102850.23
20260211|434.61|449.1|429.64|438.51|58041825.02|102068.3
20260212|438.6|449.78|432.08|441.54|63484906.66|112239.01
20260213|438.39|446.17|429.62|434.03|59463375.09|104511.61
20260224|441.92|453.39|435.95|446.94|67984595.5|119029.73
20260225|448.68|465.9|443.66|457.34|87542720.52|141963.02
20260226|459.58|470.54|450.7|460.74|77553730.92|139385.65
20260227|458.33|478.44|454.79|472.14|84212987.66|139321.77
20260302|473.32|489.37|463.26|480.18|106777181.41|180104.17
20260303|480.88|492.02|462.76|470.97|109863618.27|186371.5
20260304|466.7|482.57|452.47|470.36|90281732.92|144800.74
20260305|474.27|486.49|463.53|474.87|81704373.61|135855.42
20260306|471.76|486.63|464.48|479.23|76999783.1|126270.54
20260309|480.06|491.69|467.04|479.35|95691159.49|156047.03
20260310|478.8|493.72|471.56|484.65|79579579.56|132356.01
20260311|485.05|502.39|476.4|493.0|84675503.31|142053.78
20260312|494.36|511.18|485.8|501.69|91061526.24|141874.23
20260313|502.3|513.77|488.0|495.95|91182945.48|139148.04
20260316|494.59|503.48|475.78|485.67|84397217.19|135160.76
20260317|485.4|498.18|473.67|481.8|77697360.81|124318.05
20260318|481.38|491.42|471.62|482.89|69204998.66|112286.7
20260319|477.25|488.02|466.94|475.04|73468769.3|117950.55
20260320|474.73|485.83|462.42|468.06|72667424.1|119131.5
20260323|460.83|472.92|447.06|455.06|89916864.39|135510.08
20260324|460.45|471.41|448.14|467.79|75593652.03|116087.85
20260325|470.06|486.45|464.8|478.38|77613599.86|122200.19
20260326|477.94|486.55|464.58|471.75|66412022.23|105942.51
20260327|465.04|481.64|460.0|474.91|59161060.84|99721.77
20260330|471.72|483.04|461.12|474.31|63564842.16|105343.6
20260331|472.68|483.91|461.65|467.74|66074625.77|112966.83
20260401|474.59|482.87|465.4|474.03|60945203.51|107096.38
20260402|472.46|481.32|461.62|468.32|57814470.7|97399.05
20260403|471.0|478.31|459.08|465.15|50891143.44|82815.83
20260407|466.48|479.47|459.79|472.09|49423146.56|84189.29
20260408|477.91|491.38|473.5|488.16|74035063.8|133041.59
20260409|484.96|496.11|477.01|487.27|58926402.5|113422.78
20260410|490.51|501.49|483.12|490.47|62101952.85|126577.36
20260413|489.04|503.19|482.22|495.57|60618299.95|118443.66
20260414|498.51|508.54|489.19|500.6|64006710.37|128791.27
20260415|503.04|512.5|492.18|499.39|64332062.27|130947.96
20260416|500.37|512.11|494.16|506.72|59677577.24|120747.58
20260417|507.31|519.53|500.61|510.43|60239309.15|126188.06
20260420|511.92|526.02|505.43|518.78|68424535.06|140547.34
20260421|518.45|530.52|507.42|521.02|66589198.69|129330.25
20260422|517.69|534.92|512.29|527.88|65644945.64|138680.94
20260423|529.54|542.47|515.97|529.22|76004778.06|158480.02
20260424|526.83|539.15|514.65|524.73|65539503.16|140248.39
20260427|523.96|538.99|515.17|528.9|65762065.08|141628.72
20260428|528.01|540.61|516.54|527.69|69802624.1|137977.27
20260429|523.34|543.76|517.89|536.79|72584028.56|143837.09
20260430|537.57|548.24|525.74|535.09|77783527.05|157779.13
20260506|539.87|555.51|533.64|549.15|83074973.8|173494.73
20260507|553.32|567.77|543.39|559.16|82410571.5|171782.0
20260508|558.73|576.04|549.89|563.22|83855376.88|168236.88
20260511|567.76|583.32|558.91|572.14|91491706.69|192828.8
20260512|574.88|588.36|560.83|573.86|86830142.65|178534.95
20260513|571.57|593.41|565.01|585.18|83448421.85|177398.8
20260514|590.34|602.04|566.94|573.12|90952338.11|183255.52
20260515|571.17|585.02|551.4|563.41|87439697.56|179244.13
20260518|560.34|575.79|550.31|563.9|73514544.44|153752.77
20260519|562.3|581.09|550.47|572.55|73220763.25|151387.8
20260520|568.49|581.09|554.6|565.72|69875307.75|153451.68
20260521|569.96|585.71|550.76|557.26|86948486.1|183954.87
20260522|559.06|579.26|546.31|571.8|78131431.19|153510.67
