20250103|79.8
20250106|19.0
20250107|0.0
20250108|55.8
20250109|36.4
20250110|84.7
20250113|19.6
20250114|0.0
20250115|68.2
20250116|7.8
20250117|5.0
20250120|15.9
20250121|31.8
20250122|69.1
20250123|28.0
20250124|0.0
20250127|31.7
20250205|33.0
20250206|0.0
20250207|0.0
20250210|15.8
20250211|45.4
20250212|0.0
20250213|66.7
20250214|15.4
20250217|25.9
20250218|72.4
20250219|0.0
20250220|33.9
20250221|12.1
20250224|25.0
20250225|77.8
20250226|0.0
20250227|36.9
20250228|85.0
20250303|15.0
20250304|2.8
20250305|22.2
20250306|0.0
20250307|36.0
20250310|24.8
20250311|5.2
20250312|30.2
20250313|41.0
20250314|0.0
20250317|25.9
20250318|19.6
20250319|41.9
20250320|60.6
20250321|73.4
20250324|21.7
20250325|18.2
20250326|30.2
20250327|26.3
20250328|67.8
20250331|68.0
20250401|0.0
20250402|25.4
20250403|43.6
20250407|97.8
20250408|10.6
20250409|0.0
20250410|0.0
20250411|21.7
20250414|0.0
20250415|53.0
20250416|41.7
20250417|31.9
20250418|14.3
20250421|0.0
20250422|30.6
20250423|21.1
20250424|36.4
20250425|8.7
20250428|52.4
20250429|23.9
20250430|20.2
20250506|0.0
20250507|4.3
20250508|10.4
20250509|56.1
20250512|0.0
20250513|26.8
20250514|5.6
20250515|79.3
20250516|33.6
20250519|17.2
20250520|4.3
20250521|16.1
20250522|71.9
20250523|78.6
20250526|15.2
20250527|52.1
20250528|37.6
20250529|0.0
20250530|67.8
20250603|13.7
20250604|0.0
20250605|17.2
20250606|22.5
20250609|0.0
20250610|69.7
20250611|0.0
20250612|31.2
20250613|67.3
20250616|16.0
20250617|19.7
20250618|32.3
20250619|80.6
20250620|39.8
20250623|2.2
20250624|0.0
20250625|0.0
20250626|64.0
20250627|8.3
20250630|6.3
20250701|16.0
20250702|26.8
20250703|10.3
20250704|34.3
20250707|25.3
20250708|0.0
20250709|53.5
20250710|3.9
20250711|10.7
20250714|18.1
20250715|59.6
20250716|32.6
20250717|0.0
20250718|3.5
20250721|0.0
20250722|5.0
20250723|57.9
20250724|0.0
20250725|45.6
20250728|32.5
20250729|23.4
20250730|33.6
20250731|82.3
20250801|28.8
20250804|3.7
20250805|0.0
20250806|0.9
20250807|31.2
20250808|23.4
20250811|3.7
20250812|21.0
20250813|8.8
20250814|75.4
20250815|0.0
20250818|3.3
20250819|36.3
20250820|0.0
20250821|25.1
20250822|0.0
20250825|0.0
20250826|24.7
20250827|84.1
20250828|0.0
20250829|22.1
20250901|24.7
20250902|64.2
20250903|76.6
20250904|63.1
20250905|0.0
20250908|3.7
20250909|40.7
20250910|56.1
20250911|0.0
20250912|36.1
20250915|52.4
20250916|28.2
20250917|8.5
20250918|73.8
20250919|22.9
20250922|34.5
20250923|52.8
20250924|0.0
20250925|38.2
20250926|40.4
20250929|0.0
20250930|18.8
20251009|0.0
20251010|27.1
20251013|49.1
20251014|42.6
20251015|0.0
20251016|48.1
20251017|85.8
20251020|7.9
20251021|0.0
20251022|47.6
20251023|9.6
20251024|12.7
20251027|0.0
20251028|51.6
20251029|0.0
20251030|54.6
20251031|43.3
20251103|16.6
20251104|71.4
20251105|17.2
20251106|0.0
20251107|31.4
20251110|9.8
20251111|49.8
20251112|53.9
20251113|0.0
20251114|74.7
20251117|46.3
20251118|72.9
20251119|30.6
20251120|53.9
20251121|92.2
20251124|14.9
20251125|0.0
20251126|35.2
20251127|28.0
20251128|0.0
20251201|0.0
20251202|68.2
20251203|38.9
20251204|32.3
20251205|0.0
20251208|18.4
20251209|69.9
20251210|6.4
20251211|71.9
20251212|0.0
20251215|31.7
20251216|76.0
20251217|0.0
20251218|36.5
20251219|0.0
20251222|6.8
20251223|35.4
20251224|0.0
20251225|9.8
20251226|18.1
20251229|45.4
20251230|37.6
20251231|41.1
20260105|0.0
20260106|0.0
20260107|33.4
20260108|30.8
20260109|0.0
20260112|4.2
20260113|46.1
20260114|41.3
20260115|25.5
20260116|40.6
20260119|1.5
20260120|14.2
20260121|24.9
20260122|14.0
20260123|8.7
20260126|28.8
20260127|53.1
20260128|20.5
20260129|25.6
20260130|69.0
20260202|81.9
20260203|0.0
20260204|0.2
20260205|60.0
20260206|47.6
20260209|0.0
20260210|31.9
20260211|21.0
20260212|25.1
20260213|81.0
20260224|0.0
20260225|1.6
20260226|24.5
20260227|7.7
20260302|25.6
20260303|77.5
20260304|58.8
20260305|3.5
20260306|5.2
20260309|63.5
20260310|0.0
20260311|15.3
20260312|31.2
20260313|67.7
20260316|41.1
20260317|67.1
20260318|23.6
20260319|86.0
20260320|73.8
20260323|89.5
20260324|0.0
20260325|0.0
20260326|74.3
20260327|0.0
20260330|21.6
20260331|71.4
20260401|0.0
20260402|65.7
20260403|75.4
20260407|20.5
20260408|0.0
20260409|61.1
20260410|4.0
20260413|23.6
20260414|0.0
20260415|37.6
20260416|0.0
20260417|38.3
20260420|12.2
20260421|28.4
20260422|14.0
20260423|47.0
20260424|52.4
20260427|30.6
20260428|29.9
20260429|0.0
20260430|35.9
20260506|0.0
20260507|13.1
20260508|27.5
20260511|4.0
20260512|41.3
20260513|17.0
20260514|77.7
20260515|72.9
20260518|40.0
20260519|6.3
20260520|46.3
20260521|73.2
20260522|13.5
20260525|14.4
20260526|23.6
20260527|66.2
20260528|41.7
20260529|29.0
20260601|14.0
20260602|30.3
20260603|41.3
20260604|64.2
20260605|35.0
20260608|77.5
20260609|0.0
20260610|34.3
20260611|44.6
20260612|0.0
20260615|0.0
20260616|34.5
20260617|33.2
20260618|59.4
20260622|0.0
20260623|67.9
20260624|35.8
20260625|33.4
20260626|79.3
20260629|11.2
20260630|29.5
20260701|2.8
20260702|44.1
20260703|5.7
20260706|19.0
20260707|78.8
20260708|57.2
20260709|22.7
