20250103|22.7|10.81
20250106|22.65|10.79
20250107|22.95|11.04
20250108|22.97|10.94
20250109|23.08|11.9
20250110|22.8|11.64
20250113|22.77|11.17
20250114|23.49|12.03
20250115|23.33|12.18
20250116|23.31|11.49
20250117|23.55|12.06
20250120|23.72|12.43
20250121|23.82|12.81
20250122|23.63|13.26
20250123|23.53|11.93
20250124|23.76|12.73
20250127|23.59|11.99
20250205|23.45|12.74
20250206|23.97|13.15
20250207|24.27|13.18
20250210|24.36|12.59
20250211|24.29|12.71
20250212|24.62|13.42
20250213|24.42|13.06
20250214|24.6|13.17
20250217|24.7|13.67
20250218|24.42|12.81
20250219|24.82|13.68
20250220|24.85|13.59
20250221|25.22|14.28
20250224|25.19|13.93
20250225|24.9|14.26
20250226|25.17|13.59
20250227|25.13|13.56
20250228|24.55|13.3
20250303|24.51|12.96
20250304|24.6|13.15
20250305|24.7|12.82
20250306|25.1|13.73
20250307|25.12|13.3
20250310|25.17|13.12
20250311|25.29|13.4
20250312|25.26|13.4
20250313|25.04|12.67
20250314|25.69|13.78
20250317|25.7|12.88
20250318|25.73|13.35
20250319|25.59|13.16
20250320|25.4|13.18
20250321|24.96|12.36
20250324|25.01|11.98
20250325|24.89|11.64
20250326|24.91|11.69
20250327|24.98|12.1
20250328|24.83|11.52
20250331|24.65|11.46
20250401|24.78|11.91
20250402|24.75|11.97
20250403|24.51|12.18
20250407|22.64|10.77
20250408|22.61|11.55
20250409|23.0|11.6
20250410|23.41|11.91
20250411|23.63|12.52
20250414|23.73|12.05
20250415|23.64|11.91
20250416|23.54|11.76
20250417|23.57|12.09
20250418|23.53|11.68
20250421|23.79|11.91
20250422|23.74|11.47
20250423|23.85|12.4
20250424|23.76|11.6
20250425|23.83|11.55
20250428|23.73|11.39
20250429|23.75|11.53
20250430|23.91|11.78
20250506|24.31|11.81
20250507|24.38|12.04
20250508|24.49|12.53
20250509|24.36|11.75
20250512|24.7|13.22
20250513|24.61|12.52
20250514|24.78|12.11
20250515|24.48|11.44
20250516|24.49|11.36
20250519|24.42|11.8
20250520|24.54|12.07
20250521|24.55|12.39
20250522|24.42|11.93
20250523|24.26|12.54
20250526|24.2|12.29
20250527|24.04|12.1
20250528|24.02|11.41
20250529|24.29|11.94
20250530|24.09|11.76
20250603|24.15|12.24
20250604|24.37|12.4
20250605|24.57|13.18
20250606|24.52|12.48
20250609|24.57|12.5
20250610|24.39|11.86
20250611|24.56|12.3
20250612|24.54|12.74
20250613|24.3|12.09
20250616|24.36|12.76
20250617|24.27|12.42
20250618|24.35|12.39
20250619|24.15|12.07
20250620|24.07|12.53
20250623|24.12|11.97
20250624|24.46|12.46
20250625|24.74|12.61
20250626|24.64|12.54
20250627|24.68|11.63
20250630|24.96|12.75
20250701|25.07|12.53
20250702|24.91|11.51
20250703|25.12|12.81
20250704|25.13|12.27
20250707|25.02|11.79
20250708|25.32|12.61
20250709|25.26|12.19
20250710|25.28|11.73
20250711|25.36|11.94
20250714|25.45|11.55
20250715|25.47|12.49
20250716|25.45|12.75
20250717|25.76|14.15
20250718|25.9|14.03
20250721|26.11|12.21
20250722|26.3|12.44
20250723|26.26|11.52
20250724|26.59|11.44
20250725|26.56|11.78
20250728|26.64|13.54
20250729|26.8|13.6
20250730|26.75|13.4
20250731|26.35|13.16
20250801|26.27|13.61
20250804|26.49|13.94
20250805|26.69|13.35
20250806|26.9|14.01
20250807|26.91|14.38
20250808|26.87|13.87
20250811|27.18|14.36
20250812|27.29|15.58
20250813|27.63|15.06
20250814|27.45|15.1
20250815|27.83|14.33
20250818|28.12|14.86
20250819|28.13|15.53
20250820|28.53|15.26
20250821|28.51|15.1
20250822|28.97|15.93
20250825|29.6|15.51
20250826|29.62|15.45
20250827|29.17|15.09
20250828|29.66|15.82
20250829|29.95|16.15
20250901|30.17|16.38
20250902|29.68|16.11
20250903|29.34|15.31
20250904|28.55|14.76
20250905|29.33|15.83
20250908|29.7|15.95
20250909|29.55|15.49
20250910|29.6|15.69
20250911|30.36|16.63
20250912|30.47|15.83
20250915|30.47|16.18
20250916|30.64|14.96
20250917|30.95|15.42
20250918|30.77|15.9
20250919|30.73|15.31
20250922|30.94|16.68
20250923|30.84|15.78
20250924|31.31|17.14
20250925|31.47|17.93
20250926|31.03|17.74
20250929|31.54|16.84
20250930|31.82|17.28
20251009|32.17|16.81
20251010|31.65|16.33
20251013|31.45|15.87
20251014|30.8|15.6
20251015|31.18|15.56
20251016|31.12|15.56
20251017|30.19|14.89
20251020|30.38|15.19
20251021|30.8|15.71
20251022|30.6|15.25
20251023|30.59|14.27
20251024|31.06|16.46
20251027|31.5|17.23
20251028|31.46|17.39
20251029|31.98|17.01
20251030|31.56|16.81
20251031|31.31|16.12
20251103|31.31|15.61
20251104|30.85|14.98
20251105|30.91|14.96
20251106|31.5|16.13
20251107|31.45|16.58
20251110|31.59|17.34
20251111|31.34|16.86
20251112|31.18|16.08
20251113|31.6|16.41
20251114|31.09|14.98
20251117|31.05|15.32
20251118|30.84|14.9
20251119|30.85|15.45
20251120|30.61|15.17
20251121|29.7|14.45
20251124|29.81|15.83
20251125|30.19|16.68
20251126|30.27|17.11
20251127|30.26|17.39
20251128|30.52|16.17
20251201|30.87|15.61
20251202|30.54|15.84
20251203|30.42|14.75
20251204|30.46|15.92
20251205|30.75|14.89
20251208|31.07|16.33
20251209|30.93|16.46
20251210|31.1|15.98
20251211|30.85|15.59
20251212|31.13|16.46
20251215|30.9|16.0
20251216|30.51|15.14
20251217|31.13|15.97
20251218|30.98|16.26
20251219|31.17|15.39
20251222|31.62|15.9
20251223|31.67|15.82
20251224|32.0|17.38
20251225|32.14|17.92
20251226|32.27|17.56
20251229|32.16|17.02
20251230|32.24|17.96
20251231|32.13|17.58
20260105|32.86|18.22
20260106|33.36|16.95
20260107|33.58|17.63
20260108|33.44|17.49
20260109|33.84|17.99
20260112|34.22|18.11
20260113|33.89|17.83
20260114|33.82|16.91
20260115|33.99|17.25
20260116|34.22|17.49
20260119|34.54|17.91
20260120|34.31|17.15
20260121|34.69|18.01
20260122|34.69|17.49
20260123|34.93|17.51
20260126|34.65|17.03
20260127|34.76|17.68
20260128|34.97|16.75
20260129|34.94|17.23
20260130|34.46|16.86
20260202|33.47|16.3
20260203|34.39|17.89
20260204|34.6|16.53
20260205|34.18|16.84
20260206|34.11|17.54
20260209|34.75|17.97
20260210|34.8|17.96
20260211|34.87|17.91
20260212|35.16|18.01
20260213|34.81|17.57
20260224|35.31|17.49
20260225|35.74|16.43
20260226|35.96|18.26
20260227|36.06|16.64
20260302|36.17|16.95
20260303|34.98|16.6
20260304|34.77|16.1
20260305|35.06|16.68
20260306|35.24|16.67
20260309|34.81|16.57
20260310|35.52|16.8
20260311|35.62|16.96
20260312|35.33|15.6
20260313|35.0|15.13
20260316|35.03|16.03
20260317|34.49|15.93
20260318|34.83|16.51
20260319|33.92|15.98
20260320|33.56|16.3
20260323|32.24|15.0
20260324|32.9|15.8
20260325|33.64|15.94
20260326|33.18|16.0
20260327|33.59|17.11
20260330|33.82|16.79
20260331|33.29|16.9
20260401|33.92|17.59
20260402|33.5|17.03
20260403|33.26|16.5
20260407|33.33|17.16
20260408|34.72|18.25
20260409|34.84|19.6
20260410|35.24|20.5
20260413|35.33|19.88
20260414|35.76|20.5
20260415|35.67|20.39
20260416|36.2|20.62
20260417|36.31|21.53
20260420|36.65|20.95
20260421|36.73|20.45
20260422|37.28|21.94
20260423|37.01|21.34
20260424|36.99|22.06
20260427|37.13|22.08
20260428|36.91|20.56
20260429|37.43|20.6
20260430|37.44|20.62
20260506|38.26|21.22
20260507|38.81|21.3
20260508|38.85|20.53
20260511|39.53|21.53
20260512|39.35|20.97
20260513|39.88|22.1
20260514|39.08|20.29
20260515|38.57|21.05
20260518|38.71|21.44
20260519|39.0|21.51
20260520|39.29|22.55
20260521|38.48|21.04
20260522|39.26|20.18
20260525|39.85|22.08
20260526|39.62|21.66
20260527|39.22|21.46
20260528|39.33|21.75
20260529|38.77|20.83
20260601|38.14|19.99
20260602|38.57|21.23
20260603|38.8|21.63
20260604|39.08|21.65
20260605|38.44|20.89
20260608|37.4|19.77
20260609|38.56|21.23
20260610|38.12|20.78
20260611|38.09|21.48
20260612|38.33|20.03
20260615|39.66|20.93
20260616|40.11|22.88
20260617|40.8|23.53
20260618|41.08|22.78
20260622|42.1|23.25
20260623|41.07|22.8
20260624|41.91|23.86
20260625|42.7|23.65
20260626|41.78|23.42
20260629|42.15|24.25
20260630|42.77|24.06
20260701|42.58|23.4
20260702|40.96|22.0
20260703|41.27|23.55
20260706|40.76|23.15
20260707|39.91|22.48
20260708|38.98|22.49
20260709|40.01|23.99
20260710|39.3|24.08
20260713|37.62|21.63
20260714|38.53|23.02
20260715|38.02|22.08
20260716|37.03|21.97
20260717|35.05|19.27
20260720|34.44|18.84
20260721|35.76|20.63
20260722|35.56|21.62
20260723|35.58|20.57
20260724|34.75|19.85
20260727|35.6|20.86
20260728|34.32|19.71
20260729|34.35|20.0
20260730|33.52|18.84
20260731|34.17|19.72
20260803|33.67|18.29
20260804|34.56|18.89
20260805|35.63|20.78
20260806|35.9|20.7
20260807|36.69|22.62
