20250103|nan|nan|nan
20250106|nan|nan|nan
20250107|nan|nan|nan
20250108|nan|nan|nan
20250109|nan|nan|nan
20250110|nan|nan|nan
20250113|nan|nan|nan
20250114|nan|nan|nan
20250115|nan|nan|nan
20250116|nan|nan|nan
20250117|nan|nan|nan
20250120|nan|nan|nan
20250121|nan|nan|nan
20250122|nan|nan|nan
20250123|nan|nan|nan
20250124|nan|nan|nan
20250127|nan|nan|nan
20250205|nan|nan|nan
20250206|nan|nan|nan
20250207|nan|nan|nan
20250210|nan|nan|nan
20250211|nan|nan|nan
20250212|nan|nan|nan
20250213|nan|nan|nan
20250214|nan|nan|nan
20250217|nan|nan|nan
20250218|nan|nan|nan
20250219|nan|nan|nan
20250220|nan|nan|nan
20250221|nan|nan|nan
20250224|nan|nan|nan
20250225|nan|nan|nan
20250226|nan|nan|nan
20250227|nan|nan|nan
20250228|nan|nan|nan
20250303|nan|nan|nan
20250304|nan|nan|nan
20250305|nan|nan|nan
20250306|nan|nan|nan
20250307|nan|nan|nan
20250310|nan|nan|nan
20250311|nan|nan|nan
20250312|nan|nan|nan
20250313|nan|nan|nan
20250314|nan|nan|nan
20250317|nan|nan|nan
20250318|nan|nan|nan
20250319|nan|nan|nan
20250320|nan|nan|nan
20250321|nan|nan|nan
20250324|nan|nan|nan
20250325|nan|nan|nan
20250326|nan|nan|nan
20250327|nan|nan|nan
20250328|nan|nan|nan
20250331|nan|nan|nan
20250401|nan|nan|nan
20250402|nan|nan|nan
20250403|nan|nan|nan
20250407|nan|nan|nan
20250408|nan|nan|nan
20250409|nan|nan|nan
20250410|nan|nan|nan
20250411|nan|nan|nan
20250414|nan|nan|nan
20250415|nan|nan|nan
20250416|nan|nan|nan
20250417|nan|nan|nan
20250418|nan|nan|nan
20250421|nan|nan|nan
20250422|nan|nan|nan
20250423|nan|nan|nan
20250424|nan|nan|nan
20250425|nan|nan|nan
20250428|nan|nan|nan
20250429|nan|nan|nan
20250430|nan|nan|nan
20250506|nan|nan|nan
20250507|nan|nan|nan
20250508|nan|nan|nan
20250509|nan|nan|nan
20250512|nan|nan|nan
20250513|nan|nan|nan
20250514|nan|nan|nan
20250515|nan|nan|nan
20250516|nan|nan|nan
20250519|nan|nan|nan
20250520|nan|nan|nan
20250521|nan|nan|nan
20250522|nan|nan|nan
20250523|nan|nan|nan
20250526|nan|nan|nan
20250527|nan|nan|nan
20250528|nan|nan|nan
20250529|nan|nan|nan
20250530|nan|nan|nan
20250603|nan|nan|nan
20250604|nan|nan|nan
20250605|3438.33|nan|nan
20250606|3025.44|nan|nan
20250609|3623.60|nan|nan
20250610|3629.11|nan|nan
20250611|3511.59|3445.61|nan
20250612|3489.19|3455.79|nan
20250613|4292.33|3709.16|nan
20250616|3513.10|3687.06|nan
20250617|3177.63|3596.77|nan
20250618|3231.76|3540.80|3493.21
20250619|3449.46|3532.85|3494.32
20250620|2995.59|3273.51|3491.34
20250623|3211.60|3213.21|3450.14
20250624|4024.06|3382.49|3489.63
20250625|4597.77|3655.70|3598.25
20250626|4433.93|3852.59|3692.72
20250627|4774.56|4208.38|3740.95
20250630|4168.81|4399.82|3806.52
20250701|3906.37|4376.29|3879.39
20250702|3915.12|4239.76|3947.73
20250703|3791.04|4111.18|3981.88
20250704|4197.87|3995.84|4102.11
20250707|3374.77|3837.03|4118.43
20250708|4286.18|3913.00|4144.64
20250709|4425.72|4015.12|4127.44
20250710|4704.30|4197.77|4154.47
20250711|5906.55|4539.50|4267.67
20250714|4754.81|4815.51|4326.27
20250715|5082.80|4974.84|4443.92
20250716|4154.39|4920.57|4467.84
20250717|4723.39|4924.39|4561.08
20250718|5184.25|4779.93|4659.72
20250721|5662.63|4961.49|4888.50
20250722|6625.67|5270.07|5122.45
20250723|6721.56|5783.50|5352.03
20250724|6755.45|6189.91|5557.15
20250725|6299.14|6412.89|5596.41
20250728|6130.98|6506.56|5734.03
20250729|5941.56|6369.74|5819.90
20250730|6240.86|6273.60|6028.55
20250731|6666.86|6255.88|6222.90
20250801|5077.83|6011.62|6212.25
20250804|4430.97|5671.61|6089.09
20250805|4670.76|5417.46|5893.60
20250806|4862.21|5141.73|5707.66
20250807|5333.55|4875.06|5565.47
20250808|4895.28|4838.55|5425.09
20250811|5434.09|5039.18|5355.40
20250812|5536.85|5212.40|5314.93
20250813|6801.47|5600.25|5370.99
20250814|7175.56|5968.65|5421.86
20250815|7446.32|6478.86|5658.71
20250818|9128.26|7217.69|6128.43
20250819|8519.00|7814.12|6513.26
20250820|8206.63|8095.15|6847.70
20250821|8202.41|8300.52|7134.59
20250822|8733.84|8558.03|7518.44
20250825|10846.00|8901.58|8059.63
20250826|9250.10|9047.80|8430.96
20250827|10749.87|9556.45|8825.80
20250828|9974.76|9910.92|9105.72
20250829|10652.40|10294.63|9426.33
20250901|10506.60|10226.75|9564.16
20250902|10525.42|10481.81|9764.80
20250903|8700.94|10072.03|9814.24
20250904|9414.35|9959.94|9935.43
20250905|8221.43|9473.75|9884.19
20250908|8648.13|9102.05|9664.40
20250909|7697.89|8536.55|9509.18
20250910|6914.37|8179.23|9125.63
20250911|8696.02|8035.57|8997.76
20250912|9289.33|8249.15|8861.45
20250915|8222.59|8164.04|8633.05
20250916|8333.64|8291.19|8413.87
20250917|8353.38|8578.99|8379.11
20250918|11406.79|9121.15|8578.36
20250919|8505.26|8964.33|8606.74
20250922|7725.12|8864.84|8514.44
20250923|9194.74|9037.06|8664.12
20250924|8464.32|9059.24|8819.12
20250925|9133.58|8604.60|8862.87
20250926|8368.34|8577.22|8770.77
20250929|8717.84|8775.76|8820.30
20250930|8688.02|8674.42|8855.74
20251009|10995.78|9180.71|9119.98
20251010|10438.43|9441.68|9023.14
20251013|9675.29|9703.07|9140.14
20251014|10860.57|10131.62|9453.69
20251015|8559.50|10105.91|9390.17
20251016|7698.32|9446.42|9313.57
20251017|7636.86|8886.11|9163.89
20251020|6661.95|8283.44|8993.26
20251021|7110.92|7533.51|8832.56
20251022|5941.84|7009.98|8557.95
20251023|5886.12|6647.54|8046.98
20251024|7018.68|6523.90|7705.00
20251027|9010.67|6993.65|7638.54
20251028|8019.46|7175.36|7354.43
20251029|8591.19|7705.23|7357.60
20251030|9451.28|8418.26|7532.90
20251031|8834.23|8781.37|7652.63
20251103|7714.33|8522.10|7757.87
20251104|6904.85|8299.18|7737.27
20251105|6448.03|7870.54|7787.88
20251106|7418.33|7463.95|7941.11
20251107|7179.53|7133.01|7957.19
20251110|8011.36|7192.42|7857.26
20251111|6766.13|7164.68|7731.93
20251112|6778.94|7230.86|7550.70
20251113|7076.02|7162.40|7313.18
20251114|6466.88|7019.87|7076.44
20251117|6308.37|6679.27|6935.85
20251118|6234.53|6572.95|6868.81
20251119|5634.70|6344.10|6787.48
20251120|5887.69|6106.44|6634.42
20251121|6524.62|6117.98|6568.93
20251124|5791.36|6014.58|6346.93
20251125|5859.70|5939.61|6256.28
20251126|5575.04|5927.68|6135.89
20251127|5303.00|5810.74|5958.59
20251128|4797.92|5465.40|5791.69
20251201|6361.07|5579.35|5796.96
20251202|5003.82|5408.17|5673.89
20251203|5157.88|5324.74|5626.21
20251204|4879.86|5240.11|5525.43
20251205|5678.37|5416.20|5440.80
20251208|6745.36|5493.06|5536.20
20251209|6321.30|5756.55|5582.36
20251210|5635.41|5852.06|5588.40
20251211|6003.32|6076.75|5658.43
20251212|7287.93|6398.67|5907.43
20251215|6001.64|6249.92|5871.49
20251216|5722.81|6130.22|5943.39
20251217|6197.47|6242.64|6047.35
20251218|5611.99|6164.37|6120.56
20251219|5888.30|5884.44|6141.55
20251222|6581.69|6000.45|6125.19
20251223|6691.83|6194.26|6162.24
20251224|6546.36|6264.03|6253.34
20251225|6234.89|6388.61|6276.49
20251226|7336.26|6678.21|6281.32
20251229|7541.40|6870.15|6435.30
20251230|7352.72|7002.33|6598.29
20251231|7012.67|7095.59|6679.81
20260105|9077.69|7664.15|7026.38
20260106|10509.25|8298.75|7488.48
20260107|10469.86|8884.44|7877.29
20260108|9782.54|9370.40|8186.37
20260109|10511.04|10070.08|8582.83
20260112|11573.78|10569.30|9116.72
20260113|12187.35|10904.92|9601.83
20260114|13401.70|11491.28|10187.86
20260115|9915.88|11517.95|10444.18
20260116|11255.68|11666.88|10868.48
20260119|10278.40|11407.80|10988.55
20260120|10767.41|11123.82|11014.37
20260121|9750.61|10393.60|10942.44
20260122|10210.76|10452.57|10985.26
20260123|11344.29|10470.29|11068.59
20260126|12212.83|10857.18|11132.49
20260127|10754.19|10854.53|10989.17
20260128|11783.49|11261.11|10827.35
20260129|13236.14|11866.19|11159.38
20260130|10900.18|11777.36|11123.83
20260202|9896.94|11314.19|11085.68
20260203|9653.99|11094.15|10974.34
20260204|9012.73|10539.99|10900.55
20260205|7998.32|9492.43|10679.31
20260206|7585.81|8829.56|10303.46
20260209|7545.53|8359.27|9836.73
20260210|6885.82|7805.64|9449.89
20260211|6786.94|7360.48|8950.24
20260212|7569.47|7274.71|8383.57
20260213|7061.39|7169.83|7999.69
20260224|8034.48|7267.62|7813.45
20260225|9645.07|7819.47|7812.56
20260226|9461.19|8354.32|7857.40
20260227|9305.81|8701.59|7988.15
20260302|12173.14|9723.94|8446.88
20260303|12730.76|10663.19|8965.41
20260304|9784.76|10691.13|9255.30
20260305|9157.57|10630.41|9492.36
20260306|8502.09|10469.66|9585.63
20260309|10543.07|10143.65|9933.79
20260310|8834.67|9364.43|10013.81
20260311|9475.41|9302.56|9996.85
20260312|9571.19|9385.28|10007.85
20260313|9396.80|9564.23|10016.94
20260316|9211.49|9297.91|9720.78
20260317|8435.83|9218.14|9291.29
20260318|7582.57|8839.58|9071.07
20260319|7954.00|8516.14|8950.71
20260320|8049.07|8246.59|8905.41
20260323|9190.87|8242.47|8770.19
20260324|7827.30|8120.76|8669.45
20260325|8223.69|8248.99|8544.28
20260326|7114.57|8081.10|8298.62
20260327|6770.47|7825.38|8035.99
20260330|7084.22|7404.05|7823.26
20260331|7618.60|7362.31|7741.54
20260401|7288.61|7175.29|7712.14
20260402|6628.74|7078.13|7579.61
20260403|5624.59|6848.95|7337.17
20260407|5776.20|6587.35|6995.70
20260408|9118.58|6887.34|7124.83
20260409|7823.16|6994.26|7084.77
20260410|8748.72|7418.25|7248.19
20260413|8174.02|7928.14|7388.54
20260414|8833.73|8539.64|7563.50
20260415|8988.40|8513.60|7700.47
20260416|8207.33|8590.44|7792.35
20260417|8574.38|8555.57|7986.91
20260420|9591.40|8839.05|8383.59
20260421|8779.75|8828.25|8683.95
20260422|9466.62|8923.90|8718.75
20260423|10855.63|9453.56|9022.00
20260424|9608.49|9660.38|9107.98
20260427|9732.36|9688.57|9263.81
20260428|9471.08|9826.84|9327.54
20260429|9901.78|9913.87|9418.88
20260430|10841.67|9911.07|9682.32
20260506|11942.74|10377.92|10019.15
20260507|11788.88|10789.23|10238.90
20260508|11468.32|11188.68|10507.76
20260511|13271.43|11862.61|10888.24
20260512|12333.20|12160.91|11035.99
20260513|12157.15|12203.80|11290.86
20260514|12623.26|12370.67|11579.95
20260515|12380.14|12553.04|11870.86
20260518|10601.44|12019.04|11940.82
20260519|10477.87|11647.97|11904.44
20260520|10647.69|11346.08|11774.94
20260521|12814.68|11384.37|11877.52
20260522|10727.38|11053.81|11803.42
20260525|11577.72|11249.07|11634.05
20260526|12705.49|11694.59|11671.28
20260527|12773.55|12119.76|11732.92
20260528|11580.53|11872.93|11628.65
20260529|13382.78|12404.01|11728.91
20260601|11652.84|12419.04|11834.05
20260602|11462.21|12170.38|11932.49
20260603|12778.93|12171.46|12145.61
20260604|11319.20|12119.19|11996.06
20260605|12423.10|11927.26|12165.64
20260608|11322.13|11861.12|12140.08
20260609|10364.46|11641.57|11905.97
20260610|10526.90|11191.16|11681.31
20260611|10269.23|10981.16|11550.18
20260612|13234.79|11143.50|11535.38
20260615|12659.02|11410.88|11636.00
20260616|12467.33|11831.45|11736.51
20260617|12456.38|12217.35|11704.25
20260618|13762.38|12915.98|11948.57
20260622|15451.44|13359.31|12251.41
20260623|14719.00|13771.31|12591.09
20260624|13655.55|14008.95|12920.20
20260625|14784.62|14474.60|13345.97
20260626|15042.53|14730.63|13823.31
20260629|14342.64|14508.87|13934.09
20260630|13050.61|14175.19|13973.25
20260701|14406.12|14325.30|14167.13
20260702|13681.27|14104.63|14289.62
20260703|12980.65|13692.26|14211.44
20260706|12657.73|13355.28|13932.07
20260707|10512.48|12847.65|13511.42
20260708|10195.46|12005.52|13165.41
20260709|11938.61|11656.98|12880.81
20260710|13900.05|11840.86|12766.56
20260713|11271.04|11563.53|12459.40
20260714|11438.89|11748.81|12298.23
20260715|11091.88|11928.09|11966.81
20260716|9909.62|11522.30|11589.64
20260717|10420.43|10826.37|11333.62
20260720|11052.36|10782.64|11173.08
20260721|12245.27|10943.91|11346.36
20260722|11463.85|11018.31|11473.20
20260723|9624.18|10961.22|11241.76
20260724|8301.67|10537.47|10681.92
20260727|7966.65|9920.32|10351.48
20260728|7764.38|9024.15|9984.03
20260729|9190.49|8569.47|9793.89
