002384.SZ|75.55|79.44|75.01|79.44|88735344.0|689480.56|72.22
605117.SH|48.49|51.14|47.84|51.13|36057328.0|261744.13|48.03
002460.SZ|46.58|47.99|45.97|47.25|86016864.0|404560.88|47.05
002202.SZ|12.55|12.68|11.91|12.52|192863392.0|239234.66|12.16
603659.SH|25.85|26.68|25.48|26.34|77577552.0|204618.72|26.11
002812.SZ|44.1|46.2|43.0|45.48|87198480.0|391547.91|43.56
002487.SZ|41.36|41.73|39.74|41.24|27517580.0|112687.38|40.42
000962.SZ|22.76|23.6|22.39|23.49|20747042.0|48198.13|22.75
002046.SZ|32.91|33.6|32.6|33.16|26447216.0|87270.46|33.37
603786.SH|61.72|62.03|60.07|61.74|4561336.0|28235.05|61.05
