601888.SH|65.91|66.64|63.94|64.38|39823888.0|263192.53|66.68
000617.SZ|6.99|7.04|6.79|6.85|220414864.0|153992.28|7.05
002049.SZ|70.23|70.53|68.24|69.18|26668880.0|184582.06|70.38
600895.SH|25.28|25.28|24.8|24.86|21784180.0|54835.6|25.33
000582.SZ|10.38|10.47|9.51|9.51|224285872.0|226118.42|10.59
601606.SH|12.36|12.39|12.03|12.15|13655800.0|16593.81|12.44
000997.SZ|27.38|27.42|26.28|26.88|29500376.0|79534.83|27.53
000519.SZ|17.6|17.7|16.85|16.98|48868180.0|83465.23|17.74
600685.SH|24.25|24.25|23.75|23.83|12437341.0|29907.96|24.29
002265.SZ|20.81|20.98|20.33|20.54|16471000.0|33931.95|20.78
600967.SH|11.37|11.45|11.07|11.27|28142700.0|31701.44|11.49
600343.SH|11.31|11.56|11.31|11.46|8660554.0|9880.32|11.39
