002463.SZ|91.18|97.04|90.38|97.04|93744080.0|899948.25|88.17
002008.SZ|76.4|83.16|75.86|82.5|55495108.0|454443.53|75.58
002353.SZ|113.1|113.9|109.09|110.75|20747044.0|229371.64|111.73
600105.SH|38.1|38.62|36.8|37.18|184065296.0|690800.94|38.7
002273.SZ|30.06|30.26|29.35|29.81|60359860.0|180792.78|30.07
603083.SH|118.52|124.0|116.92|120.34|36111684.0|437099.97|118.3
603308.SH|69.0|70.32|66.0|66.78|21812494.0|147804.39|68.28
603920.SH|54.97|56.28|54.55|55.48|42615824.0|236047.95|54.44
002131.SZ|8.14|8.27|8.0|8.09|626233536.0|510554.41|8.02
000811.SZ|18.77|18.97|18.45|18.74|27612334.0|51552.94|18.6
000962.SZ|44.45|45.7|43.88|44.85|18411600.0|82470.99|43.74
001389.SZ|133.2|138.5|130.5|133.08|13477560.0|181221.34|132.0
002046.SZ|47.08|49.43|46.5|48.95|28161256.0|135913.89|46.26
603516.SH|145.73|147.46|143.33|146.25|5472254.0|79591.3|144.46
001287.SZ|27.29|27.5|26.58|26.79|28644152.0|77292.27|26.95
002217.SZ|2.53|2.54|2.47|2.49|182871600.0|45569.7|2.5
