振华科技|000733.SZ|20240723|40.44|40.56|38.79|38.79|-03.82|00.57|-03.82|00.27|-00.29|-01.80
航发控制|000738.SZ|20240723|20.63|20.8|20.26|20.28|-02.03|00.48|-02.13|-00.34|-01.51|-03.82
中国稀土|000831.SZ|20240723|24.06|24.09|23.26|23.28|-03.48|-00.12|-03.57|-00.25|-00.08|-01.04
纳思达|002180.SZ|20240723|29.02|29.13|27.93|27.97|-04.25|-00.27|-04.38|-00.65|-02.09|-05.19
福晶科技|002222.SZ|20240723|22.71|22.71|21.82|21.82|-04.05|-00.13|-04.05|-00.13|-01.05|-03.50
圣农发展|002299.SZ|20240723|12.7|12.8|12.31|12.31|-03.30|00.55|-03.30|-00.24|-01.23|-03.07
科华数据|002335.SZ|20240723|19.85|20.13|19.38|19.41|-02.41|01.21|-02.56|-00.20|-00.70|-02.45
科士达|002518.SZ|20240723|18.17|18.36|17.69|17.71|-01.88|01.72|-01.99|00.66|-00.37|-02.80
比亚迪|002594.SZ|20240723|86.23|86.37|82.33|82.4|-04.66|-00.07|-04.74|-00.23|-00.16|-01.23
北方稀土|600111.SH|20240723|17.52|17.6|17.04|17.05|-03.13|00.00|-03.18|-00.45|-00.91|-02.39
中国卫星|600118.SH|20240723|20.86|20.86|20.32|20.36|-02.58|-00.19|-02.78|-00.19|-00.98|-02.42
复星医药|600196.SH|20240723|23.12|23.12|22.47|22.49|-02.39|00.35|-02.47|00.35|-00.90|-02.14
恒生电子|600570.SH|20240723|17.75|17.75|17.26|17.26|-02.49|00.28|-02.49|00.28|-01.29|-03.45
三峡能源|600905.SH|20240723|4.55|4.59|4.5|4.5|-01.10|00.88|-01.10|00.00|-01.01|-02.32
大秦铁路|601006.SH|20240723|6.61|6.66|6.59|6.59|-00.30|00.76|-00.30|00.00|-00.07|-00.52
