东阿阿胶|000423.SZ|20241224|59.72|60.51|59.2|60.05|00.10|00.87|-00.45|-00.42|00.86|00.78
通富微电|002156.SZ|20241224|29.39|29.94|28.76|29.82|01.50|01.91|00.03|-02.49|00.63|-00.60
华天科技|002185.SZ|20241224|11.89|12.04|11.65|12.01|01.35|01.60|00.34|-02.23|00.99|00.17
鱼跃医疗|002223.SZ|20241224|35.6|35.8|35.25|35.67|-00.06|00.31|-00.25|-00.47|01.14|-00.22
科大讯飞|002230.SZ|20241224|50.13|50.39|49.36|50.17|00.08|00.52|00.00|-02.92|00.10|00.04
歌尔股份|002241.SZ|20241224|26.6|26.94|26.29|26.54|00.00|01.51|00.23|-04.98|01.00|00.11
水晶光电|002273.SZ|20241224|22.28|22.66|21.6|22.45|01.68|02.63|00.91|-04.21|01.82|01.43
雅克科技|002409.SZ|20241224|59.92|60.59|58.69|60.43|01.24|01.51|00.39|-02.34|00.87|00.77
兴森科技|002436.SZ|20241224|11.4|11.56|11.08|11.26|-01.14|01.49|00.09|-05.24|01.33|00.25
士兰微|600460.SH|20241224|28.2|28.46|27.52|28.45|01.43|01.46|00.53|-02.97|00.24|00.14
用友网络|600588.SH|20241224|12.01|12.1|11.81|12.05|00.08|00.50|-00.25|-04.82|00.40|00.08
电科芯片|600877.SH|20241224|13.97|14.15|13.64|14|00.21|01.29|00.00|-04.45|00.96|00.96
剑桥科技|603083.SH|20241224|43.77|44.75|42.83|44.58|03.29|03.68|01.41|-03.29|03.83|00.18
大参林|603233.SH|20241224|15.25|15.83|15.25|15.6|02.63|04.14|00.33|-03.98|00.51|00.38
华勤技术|603296.SH|20241224|63.72|64.41|62.3|63.26|01.05|02.89|01.79|-02.28|05.57|01.72
豪威集团|603501.SH|20241224|101.59|102.26|100.06|102.26|00.88|00.88|00.22|-02.04|01.23|-00.03
鸣志电器|603728.SH|20241224|57.08|59.97|56.1|58.98|05.34|07.11|01.95|-03.76|00.24|-00.07
立昂微|605358.SH|20241224|26.5|26.5|25.66|26.43|01.34|01.61|01.61|-02.61|01.01|00.26
