美锦能源|000723.SZ|20241204|5.07|5.12|4.99|5.02|-00.99|00.99|-01.58|00.00|-01.24|-03.12
一汽解放|000800.SZ|20241204|8.7|8.73|8.52|8.58|-01.83|-00.11|-02.52|-00.46|-01.55|-03.54
山金国际|000975.SZ|20241204|16.58|16.78|16.42|16.63|00.24|01.15|-01.02|-00.06|-01.61|-03.99
协鑫能科|002015.SZ|20241204|8.45|8.47|8.16|8.23|-03.29|-00.47|-04.11|-00.71|-01.79|-04.31
四川路桥|600039.SH|20241204|7.3|7.32|7.18|7.23|-01.50|-00.27|-02.18|-00.54|-01.40|-03.33
宇通客车|600066.SH|20241204|21.16|22.18|21.16|21.82|03.95|05.67|00.81|00.81|-01.25|-03.33
杭钢股份|600126.SH|20241204|4.28|4.28|4.17|4.2|-01.64|00.23|-02.34|00.23|-01.66|-03.96
建发股份|600153.SH|20241204|9.23|9.27|9.15|9.18|-01.18|-00.22|-01.51|-00.65|-01.23|-03.41
江西铜业|600362.SH|20241204|20.64|20.67|20.44|20.53|-00.05|00.63|-00.49|00.49|-00.50|-01.57
国网英大|600517.SH|20241204|5.72|5.74|5.6|5.63|-01.40|00.53|-01.93|00.18|-01.40|-03.39
绿地控股|600606.SH|20241204|2.49|2.51|2.39|2.41|-03.60|00.40|-04.40|-00.40|-02.15|-05.72
四方股份|601126.SH|20241204|16.79|16.82|16.4|16.53|-01.49|00.24|-02.26|00.06|-00.61|-02.27
中国核建|601611.SH|20241204|8.81|8.82|8.53|8.59|-02.39|00.23|-03.07|00.11|-00.28|-01.59
中远海发|601866.SH|20241204|2.64|2.64|2.6|2.61|-01.51|-00.38|-01.89|-00.38|-01.09|-02.77
中国能建|601868.SH|20241204|2.33|2.34|2.3|2.31|-01.28|00.00|-01.71|-00.43|-00.51|-01.56
大唐发电|601991.SH|20241204|2.77|2.78|2.73|2.75|-01.08|00.00|-01.80|-00.36|-00.68|-01.69
海天味业|603288.SH|20241204|45.55|45.55|44.63|45.02|-01.27|-00.11|-02.13|-00.11|-01.26|-03.61
今世缘|603369.SH|20241204|46.11|46.11|45.05|45.83|-00.61|00.00|-02.30|00.00|-00.71|-02.48
航天工程|603698.SH|20241204|17.66|18.99|17.58|18.29|02.98|06.93|-01.01|-00.56|-00.89|-03.36
东鹏饮料|605499.SH|20241204|213.48|219.05|213.48|217.18|01.07|01.94|-00.65|-00.65|-00.54|-01.79
