万向钱潮|000559.SZ|20240315|4.65|4.73|4.6|4.73|01.94|01.94|00.22|-01.07|01.07|00.00
韵达股份|002120.SZ|20240315|6.98|7.17|6.96|7.14|02.00|02.43|-00.29|-01.96|-00.14|-00.84
广联达|002410.SZ|20240315|13.38|13.63|13.08|13.33|-00.74|01.49|-00.37|-01.97|-00.22|-00.58
海格通信|002465.SZ|20240315|11.7|11.79|11.48|11.64|-01.02|00.26|-00.51|-01.01|01.43|00.00
恺英网络|002517.SZ|20240315|11.49|11.51|11.14|11.46|-00.26|00.17|00.00|-02.96|00.00|-01.27
巨人网络|002558.SZ|20240315|11.53|11.78|11.33|11.77|01.64|01.73|-00.43|-03.02|-00.75|-01.26
完美世界|002624.SZ|20240315|10.62|10.66|10.39|10.62|-00.28|00.09|-00.28|-02.65|-00.82|-01.01
中直股份|600038.SH|20240315|38.8|39.33|38.26|38.93|-00.23|00.79|-00.56|-01.86|02.49|-00.91
上海贝岭|600171.SH|20240315|13.09|13.28|13|13.27|00.45|00.53|-00.91|-02.22|-00.07|-00.37
洪都航空|600316.SH|20240315|17.97|18.29|17.95|18.28|01.33|01.39|-00.39|-02.17|00.05|-00.49
创新新材|600361.SH|20240315|4.03|4.1|3.94|4.09|01.49|01.74|00.00|-01.95|00.97|-00.49
卧龙电驱|600580.SH|20240315|10.54|10.9|10.44|10.79|04.45|05.52|02.03|-03.64|00.47|-00.93
东方明珠|600637.SH|20240315|6.83|6.94|6.81|6.91|01.17|01.61|00.00|-01.44|-00.14|-00.43
航天电子|600879.SH|20240315|7.03|7.1|6.97|7.09|00.42|00.57|-00.42|-01.81|00.14|-00.56
三棵树|603737.SH|20240315|27.35|27.51|26.54|26.91|-02.22|-00.04|-00.62|-00.76|02.02|00.40
晨光股份|603899.SH|20240315|34.3|34.96|34.27|34.67|00.35|01.19|-00.72|-01.51|-00.34|-00.34
立昂微|605358.SH|20240315|23.38|23.77|23.14|23.77|01.15|01.15|-00.51|-02.21|00.42|00.12
