TCL科技|000100.SZ|20241112|5.3|5.37|5.1|5.14|-02.84|01.51|-03.59|00.19|-00.60|-03.11
光迅科技|002281.SZ|20241112|49.21|51.9|48.63|49.63|-00.32|04.24|-02.33|-01.16|-02.75|-08.49
兆驰股份|002429.SZ|20241112|5.39|5.54|5.29|5.37|-00.19|02.97|-01.67|00.19|-00.91|-03.25
英维克|002837.SZ|20241112|28.29|29.24|27.47|27.85|-03.16|01.67|-04.49|-01.63|-04.91|-11.89
同方股份|600100.SH|20241112|8.66|8.69|8.18|8.28|-04.28|00.46|-05.43|00.12|-01.99|-05.72
工业富联|601138.SH|20241112|26.31|26.31|24.8|25.05|-04.79|00.00|-05.74|00.00|-02.35|-06.81
剑桥科技|603083.SH|20241112|57.68|60.19|55.44|56.65|02.40|08.80|00.22|04.27|-04.79|-13.71
宏和科技|603256.SH|20241112|8.58|8.73|8.37|8.51|-01.05|01.51|-02.67|-00.23|-01.68|-04.42
华懋科技|603306.SH|20241112|31.54|33.1|30.9|32.23|01.45|04.19|-02.74|-00.72|-02.78|-08.35
科博达|603786.SH|20241112|62.67|64.39|61.26|61.96|-01.87|01.98|-02.98|-00.74|-02.36|-06.67
