中兵红箭|000519.SZ|20240228|12.92|13.2|12.44|12.45|-03.64|02.17|-03.72|00.00|-01.26|-03.07
航天发展|000547.SZ|20240228|7.5|7.67|7.1|7.11|-05.20|02.27|-05.33|00.00|-02.37|-05.41
国机精工|002046.SZ|20240228|10.07|10.16|9.22|9.24|-08.33|00.79|-08.53|-00.10|-02.65|-06.23
中材科技|002080.SZ|20240228|14.53|14.92|14.04|14.05|-03.17|02.83|-03.24|00.14|-01.24|-03.24
正邦科技|002157.SZ|20240228|2.54|2.56|2.46|2.47|-03.14|00.39|-03.53|-00.39|-00.67|-02.38
歌尔股份|002241.SZ|20240228|16.5|16.64|15.68|15.68|-04.97|00.85|-04.97|00.00|-01.66|-03.98
四维图新|002405.SZ|20240228|7.71|7.86|7.17|7.19|-06.38|02.34|-06.64|00.39|-03.63|-07.86
多氟多|002407.SZ|20240228|13.04|13.5|12.59|12.62|-03.07|03.69|-03.30|00.15|-01.66|-04.10
欧菲光|002456.SZ|20240228|7.98|8.03|7.41|7.42|-07.02|00.63|-07.14|00.00|-01.96|-05.00
湖南白银|002716.SZ|20240228|2.5|2.55|2.39|2.4|-04.00|02.00|-04.40|00.00|-01.65|-03.84
永兴材料|002756.SZ|20240228|48.13|51.29|47.78|47.91|02.70|09.95|02.42|03.17|-01.83|-05.10
复星医药|600196.SH|20240228|24.01|24.72|23.62|23.62|-01.62|02.96|-01.62|00.00|-00.90|-02.14
洪都航空|600316.SH|20240228|17.77|18.11|17.11|17.14|-03.33|02.14|-03.50|00.23|-01.66|-04.05
永安期货|600927.SH|20240228|14.41|14.68|14.11|14.12|-01.81|02.09|-01.88|00.21|-01.54|-03.51
中信重工|601608.SH|20240228|4.18|4.21|4.05|4.08|-01.92|01.20|-02.64|00.48|00.03|-01.79
汇顶科技|603160.SH|20240228|62.2|62.77|59.29|59.35|-04.63|00.87|-04.72|-00.05|-01.99|-04.72
高能环境|603588.SH|20240228|5.22|5.38|5.02|5.03|-03.82|02.87|-04.02|-00.19|-01.73|-04.17
石英股份|603688.SH|20240228|47.74|50.12|46.9|46.9|-01.70|05.05|-01.70|00.06|-01.09|-03.23
