长安汽车|000625.SZ|20240619|13.89|14|13.7|13.74|-01.08|00.79|-01.37|00.00|-02.37|-05.13
大族激光|002008.SZ|20240619|20.94|20.96|20.53|20.61|-01.62|00.05|-02.00|-00.05|-00.56|-01.68
顺络电子|002138.SZ|20240619|26.83|26.88|26.27|26.6|-00.86|00.19|-02.09|00.00|-01.66|-04.27
福晶科技|002222.SZ|20240619|24.07|24.16|23.62|23.83|-00.87|00.50|-01.75|00.12|-00.43|-01.85
格林美|002340.SZ|20240619|6.65|6.67|6.52|6.54|-01.51|00.45|-01.81|00.15|-01.67|-04.26
欧菲光|002456.SZ|20240619|8.29|8.34|8.15|8.16|-01.45|00.72|-01.57|00.12|-00.47|-02.22
立讯精密|002475.SZ|20240619|37.27|37.89|36.81|37.46|00.19|01.34|-01.55|-00.32|-03.39|-08.30
亨通光电|600487.SH|20240619|15.01|15.37|14.95|15.17|02.57|03.92|01.08|01.49|-00.81|-02.63
中天科技|600522.SH|20240619|15.13|15.18|14.88|15.01|-00.46|00.66|-01.33|00.33|-02.21|-04.92
宏发股份|600885.SH|20240619|20.84|20.84|19.89|19.89|-03.96|00.63|-03.96|00.63|-00.67|-02.28
春风动力|603129.SH|20240619|151.81|152.66|146.01|148.26|-03.39|-00.53|-04.86|-01.08|-02.41|-05.91
