中国长城|000066.SZ|20240227|9.88|10.93|9.81|10.73|07.41|09.41|-01.80|-01.10|-00.31|-03.30
北方铜业|000737.SZ|20240227|5.18|5.28|5.13|5.24|00.77|01.54|-01.35|-00.38|-00.39|-02.39
西部材料|002149.SZ|20240227|12.79|13|12.64|12.97|01.49|01.72|-01.10|00.08|-00.51|-02.71
金安国纪|002636.SZ|20240227|6.47|6.79|6.38|6.77|05.12|05.43|-00.93|00.47|-02.46|-06.80
广东宏大|002683.SZ|20240227|17.38|17.89|17.23|17.88|02.76|02.82|-00.98|-00.11|-00.08|-01.51
德赛西威|002920.SZ|20240227|99.65|105.19|99.52|104.55|05.00|05.64|-00.05|00.08|-04.32|-10.69
永鼎股份|600105.SH|20240227|4.63|4.93|4.62|4.93|05.57|05.57|-01.07|-00.86|-01.68|-04.71
杭钢股份|600126.SH|20240227|4.85|5.29|4.81|5.25|08.02|08.85|-01.03|-00.21|-01.93|-05.42
中航重机|600765.SH|20240227|15.28|15.87|15.18|15.81|02.40|02.78|-01.68|-01.04|-00.77|-02.68
赛力斯|601127.SH|20240227|80.9|87.02|80.51|86.89|09.85|10.01|01.78|02.28|-03.65|-08.74
华勤技术|603296.SH|20240227|46.06|47.92|45.88|47.63|02.85|03.48|-00.93|-00.54|-01.34|-04.40
隆鑫通用|603766.SH|20240227|4.68|4.81|4.65|4.81|02.56|02.56|-00.85|-00.21|-00.73|-02.72
