深圳华强|000062.SZ|20240129|9.91|9.91|9.49|9.52|-02.56|01.43|-02.87|01.43|-02.43|-05.37
中航西飞|000768.SZ|20240129|20.37|20.58|20.07|20.12|-01.23|01.03|-01.47|00.00|-01.86|-03.96
太钢不锈|000825.SZ|20240129|3.79|3.82|3.76|3.78|00.27|01.33|-00.27|00.53|-03.36|-06.97
电投绿能|000875.SZ|20240129|4.07|4.1|4.03|4.03|-00.74|00.99|-00.74|00.25|-02.23|-05.02
天山股份|000877.SZ|20240129|6.64|6.84|6.56|6.58|00.30|04.27|00.00|01.22|-02.61|-05.62
山西焦煤|000983.SZ|20240129|9.3|9.47|9.24|9.35|00.43|01.72|-00.75|-00.11|-01.82|-04.11
招商港口|001872.SZ|20240129|16.02|16.57|15.76|16.14|01.25|03.95|-01.13|00.50|-03.79|-07.99
电投能源|002128.SZ|20240129|13.8|14.11|13.74|13.91|01.09|02.54|-00.15|00.29|-01.81|-04.15
利欧股份|002131.SZ|20240129|2.11|2.13|2.07|2.07|-02.36|00.47|-02.36|-00.47|-01.80|-03.95
宁波银行|002142.SZ|20240129|20.14|20.85|20.14|20.47|01.69|03.58|00.05|00.05|-03.27|-07.22
滨江集团|002244.SZ|20240129|7.25|7.52|7.14|7.18|00.56|05.32|00.00|01.54|-03.97|-08.87
建设工业|002265.SZ|20240129|10.5|10.58|10.09|10.12|-03.16|01.24|-03.44|00.48|-02.63|-05.88
龙佰集团|002601.SZ|20240129|15.69|15.71|15.38|15.4|-00.39|01.62|-00.52|01.49|-02.56|-05.80
中国国贸|600007.SH|20240129|16.32|16.46|16.1|16.16|-00.80|01.04|-01.17|00.18|-02.25|-05.11
浙能电力|600023.SH|20240129|4.75|4.98|4.74|4.87|02.31|04.62|-00.42|-00.21|-02.51|-05.55
三一重工|600031.SH|20240129|13.01|13.14|12.86|12.87|-01.15|00.92|-01.23|-00.08|-01.56|-03.64
浙江新能|600032.SH|20240129|7.57|7.62|7.37|7.4|-02.25|00.66|-02.64|00.00|-03.28|-07.04
四川路桥|600039.SH|20240129|7.19|7.35|7.16|7.2|00.56|02.65|00.00|00.42|-02.90|-06.26
特变电工|600089.SH|20240129|14.08|14.15|13.87|13.88|-01.28|00.64|-01.35|00.14|-00.53|-01.60
广州发展|600098.SH|20240129|5.04|5.09|5.01|5.01|-00.40|01.19|-00.40|00.20|-01.88|-04.06
建发股份|600153.SH|20240129|9|9.13|8.85|8.87|00.45|03.40|00.23|01.93|-02.41|-05.47
中国巨石|600176.SH|20240129|8.96|9.33|8.96|9.1|00.33|02.87|-01.21|-01.21|-01.82|-04.46
南钢股份|600282.SH|20240129|3.34|3.4|3.32|3.34|00.30|02.10|-00.30|00.30|-02.22|-05.33
白云山|600332.SH|20240129|26.47|26.93|26.46|26.59|00.53|01.81|00.04|00.08|-01.43|-03.17
航天动力|600343.SH|20240129|9.34|9.39|9.08|9.14|-02.14|00.54|-02.78|00.00|-02.02|-05.61
恒力石化|600346.SH|20240129|11.76|11.82|11.48|11.51|-01.96|00.68|-02.21|00.17|-02.72|-05.82
江西铜业|600362.SH|20240129|17.25|17.34|16.94|17.08|-00.47|01.05|-01.28|00.52|-02.59|-05.47
福能股份|600483.SH|20240129|7.97|8.07|7.92|7.98|00.25|01.38|-00.50|00.13|-02.61|-05.46
京能电力|600578.SH|20240129|2.88|2.92|2.87|2.89|00.00|01.04|-00.69|-00.35|-02.82|-06.27
北大荒|600598.SH|20240129|10.95|11.04|10.84|10.88|-00.73|00.73|-01.09|-00.09|-01.36|-03.17
绿地控股|600606.SH|20240129|2.41|2.43|2.34|2.34|-02.09|01.67|-02.09|00.84|-03.76|-08.14
物产中大|600704.SH|20240129|4.04|4.07|4|4.01|-00.50|00.99|-00.74|00.25|-02.89|-05.94
锦江酒店|600754.SH|20240129|28.94|28.94|27.69|27.69|-03.52|00.84|-03.52|00.84|-02.71|-06.38
中国移动|600941.SH|20240129|92.39|96.23|92.34|94.25|01.43|03.56|-00.62|-00.57|-01.42|-03.60
江苏有线|600959.SH|20240129|3.03|3.05|2.98|2.99|-00.99|00.99|-01.32|00.33|-02.92|-06.34
晋控煤业|601001.SH|20240129|11.53|11.68|11.27|11.37|-00.61|02.10|-01.49|00.79|-03.14|-06.96
中国铁建|601186.SH|20240129|7.79|8.59|7.72|8.01|02.43|09.85|-01.28|-00.38|-01.80|-04.43
君正集团|601216.SH|20240129|3.32|3.35|3.3|3.31|00.00|01.21|-00.30|00.30|-01.63|-03.64
中国铝业|601600.SH|20240129|5.54|5.64|5.43|5.45|00.37|03.87|00.00|02.03|-03.30|-07.19
中国太保|601601.SH|20240129|23.21|24.16|23.17|23.62|01.42|03.74|-00.52|-00.34|-03.20|-07.21
上海医药|601607.SH|20240129|16.15|16.4|16.05|16.24|00.37|01.36|-00.80|-00.19|-01.94|-04.31
中国中冶|601618.SH|20240129|3.16|3.32|3.14|3.18|00.63|05.06|-00.63|00.00|-01.99|-04.52
中国电建|601669.SH|20240129|4.81|5.12|4.81|4.89|01.66|06.44|00.00|00.00|-02.28|-05.06
上海电气|601727.SH|20240129|4.15|4.2|4.11|4.13|-00.48|01.20|-00.96|00.00|-01.96|-04.30
紫金矿业|601899.SH|20240129|11.75|11.86|11.72|11.75|00.09|01.02|-00.17|00.09|-02.46|-05.44
中远海控|601919.SH|20240129|8.79|8.85|8.65|8.71|-00.46|01.14|-01.14|00.46|-02.25|-04.79
凤凰传媒|601928.SH|20240129|8.59|8.75|8.43|8.59|00.12|01.98|-01.75|00.12|-02.03|-04.97
中信银行|601998.SH|20240129|5.36|5.79|5.32|5.61|04.66|08.02|-00.75|00.00|-02.37|-05.08
和邦生物|603077.SH|20240129|2.34|2.36|2.31|2.32|-01.28|00.43|-01.70|-00.43|-00.83|-02.04
航天工程|603698.SH|20240129|13.33|13.38|12.9|12.91|-03.15|00.38|-03.23|00.00|-03.39|-07.17
欧派家居|603833.SH|20240129|58.83|60.32|57.51|57.52|-01.02|03.80|-01.03|01.24|-00.44|-02.79
数据港|603881.SH|20240129|11.37|11.46|10.97|10.99|-03.00|01.15|-03.18|00.35|-01.63|-04.34
