海格通信|002465.SZ|20240805|9.93|10.05|9.5|9.52|-04.13|01.21|00.00|-02.07|01.87|-00.59
福田汽车|600166.SH|20240805|2.77|2.79|2.55|2.56|-09.22|-01.06|-01.77|-06.31|-01.33|-01.99
航天信息|600271.SH|20240805|8.06|8.28|7.96|7.97|-02.57|01.22|-01.47|-02.73|00.12|-00.24
安迪苏|600299.SH|20240805|10.85|10.91|10.43|10.47|-03.77|00.28|-00.28|-01.00|01.00|-00.36
中铁工业|600528.SH|20240805|7.28|7.38|7.21|7.22|-01.10|01.10|-00.27|-00.54|00.54|-00.27
中国软件|600536.SH|20240805|30.5|31.81|30.31|30.76|-00.29|03.11|-01.13|-01.44|01.15|-01.37
航天电子|600879.SH|20240805|7.99|8.11|7.68|7.69|-04.59|00.62|-00.87|-01.23|01.72|-00.74
中国核建|601611.SH|20240805|7.94|8.04|7.8|7.8|-02.38|00.63|-00.63|-00.87|00.74|-00.74
斯达半导|603290.SH|20240805|87.89|89.65|86.3|86.38|-02.81|00.87|-01.11|-03.99|-00.08|-01.85
立昂微|605358.SH|20240805|23.29|23.67|22.43|22.43|-05.16|00.08|-01.52|-02.03|01.08|-01.45
