振华科技|000733.SZ|20241113|50.7|50.98|49.46|50.32|-01.31|-00.02|-03.00|-00.57|02.31|02.28
德明利|001309.SZ|20241113|61.99|62.94|60.72|62.85|00.40|00.54|-03.00|-00.97|01.10|01.02
紫光国微|002049.SZ|20241113|73.92|75.46|72.47|74.4|-00.32|01.10|-02.91|-00.96|01.42|00.82
北方华创|002371.SZ|20241113|341.31|358.38|341.31|345.83|00.04|03.67|-01.27|-01.27|00.79|-01.04
海格通信|002465.SZ|20241113|12.89|13.29|12.78|12.97|-00.99|01.45|-02.44|-01.60|01.48|-00.08
中瓷电子|003031.SZ|20241113|57.32|58.97|57.01|58.38|01.14|02.17|-01.23|-00.69|01.30|00.56
桂冠电力|600236.SH|20241113|6.14|6.22|6.09|6.21|00.98|01.14|-00.98|-00.16|00.56|00.50
宝信软件|600845.SH|20241113|29.11|29.46|28.87|29.32|00.45|00.92|-01.10|-00.27|01.02|00.49
移远通信|603236.SH|20241113|54.56|57.06|54.43|56.69|02.68|03.35|-01.41|-01.18|-00.11|-01.77
应流股份|603308.SH|20241113|15|15.07|14.32|14.76|-02.51|-00.46|-05.42|-00.92|00.59|-00.49
彤程新材|603650.SH|20241113|37.67|38.42|37.1|37.83|-01.15|00.39|-03.06|-01.57|02.18|01.81
