中兵红箭|000519.SZ|20240730|13.26|13.32|13.04|13.21|-00.68|00.15|-01.95|-00.30|-00.94|-02.81
建设工业|002265.SZ|20240730|8.72|8.85|8.57|8.78|00.69|01.49|-01.72|00.00|-01.45|-03.77
中粮资本|002423.SZ|20240730|7.62|7.67|7.58|7.62|00.00|00.66|-00.52|00.00|-00.20|-01.44
航天动力|600343.SH|20240730|8.06|8.15|7.97|8.11|01.00|01.49|-00.75|00.37|-01.82|-04.41
保变电气|600550.SH|20240730|4.75|4.79|4.67|4.74|-00.21|00.84|-01.68|00.00|-01.06|-03.96
物产中大|600704.SH|20240730|4.03|4.07|4.01|4.05|00.25|00.74|-00.74|-00.25|-00.37|-01.47
中国一重|601106.SH|20240730|2.37|2.4|2.34|2.39|00.84|01.27|-01.27|00.00|-01.24|-03.27
国机重装|601399.SH|20240730|2.63|2.65|2.6|2.63|00.38|01.15|-00.76|00.38|-01.53|-03.78
长城军工|601606.SH|20240730|9.58|9.78|9.51|9.78|01.98|01.98|-00.83|-00.10|-01.28|-03.09
航天工程|603698.SH|20240730|11.41|11.71|11.39|11.67|01.48|01.83|-00.96|-00.78|-01.58|-03.80
