川能动力|000155.SZ|20240903|9.03|9.24|8.99|9.12|01.00|02.33|-00.44|00.00|01.48|01.98
太阳能|000591.SZ|20240903|4.03|4.06|4|4.02|-00.25|00.74|-00.74|00.00|00.76|00.52
安泰科技|000969.SZ|20240903|8.2|8.31|8.15|8.21|00.12|01.34|-00.61|00.00|00.77|00.33
大族激光|002008.SZ|20240903|18.62|19.01|18.6|18.87|01.40|02.15|-00.05|00.05|01.41|01.49
紫光国微|002049.SZ|20240903|46.19|47.1|45.93|46.9|01.47|01.90|-00.63|-00.06|02.02|02.71
三花智控|002050.SZ|20240903|16.6|17.15|16.39|17.11|03.76|04.00|-00.61|00.67|03.19|04.29
东华软件|002065.SZ|20240903|4.45|4.53|4.42|4.53|01.80|01.80|-00.67|00.00|00.92|00.75
银轮股份|002126.SZ|20240903|15.77|16.1|15.64|16.01|01.97|02.55|-00.38|00.45|01.21|01.17
顺络电子|002138.SZ|20240903|23.46|24.08|23.45|23.94|01.27|01.86|-00.80|-00.76|01.38|01.57
大华股份|002236.SZ|20240903|12.84|13.13|12.83|13.04|01.56|02.26|-00.08|00.00|01.03|00.85
格林美|002340.SZ|20240903|5.77|5.88|5.73|5.8|00.52|01.91|-00.69|00.00|02.20|02.95
中恒电气|002364.SZ|20240903|6.08|6.18|6.06|6.14|00.99|01.64|-00.33|00.00|00.61|00.34
和而泰|002402.SZ|20240903|9.29|9.47|9.28|9.41|01.07|01.72|-00.32|-00.21|01.69|01.65
大金重工|002487.SZ|20240903|19.67|20.29|19.59|20.06|02.19|03.36|-00.20|00.20|02.95|03.53
雅化集团|002497.SZ|20240903|8.48|8.71|8.43|8.6|01.30|02.59|-00.71|-00.12|01.32|01.19
协鑫集成|002506.SZ|20240903|1.83|1.86|1.83|1.84|00.00|01.09|-00.54|-00.54|00.65|-00.25
科士达|002518.SZ|20240903|15.7|16.2|15.66|16.12|02.15|02.66|-00.76|-00.51|01.86|01.85
天赐材料|002709.SZ|20240903|13.85|14.48|13.75|14.23|02.67|04.47|-00.79|-00.07|02.77|03.52
中矿资源|002738.SZ|20240903|28.33|30.69|27.93|29.47|05.63|10.00|00.11|01.54|02.78|02.76
科达利|002850.SZ|20240903|72.25|79.04|72.11|78.49|08.47|09.23|-00.35|-00.15|01.13|00.47
麦格米特|002851.SZ|20240903|23.4|24.48|23.18|24.03|03.67|05.61|00.00|00.95|03.25|04.10
中瓷电子|003031.SZ|20240903|37.86|38.51|37.86|38.08|00.42|01.56|-00.16|-00.16|00.28|-00.25
中稀有色|600259.SH|20240903|24.85|25.27|24.75|25.01|00.68|01.73|-00.36|00.04|00.88|00.88
洪都航空|600316.SH|20240903|20.92|21.54|20.83|21.21|02.41|04.01|00.58|01.01|02.04|01.59
天通股份|600330.SH|20240903|6.06|6.16|6.05|6.09|00.33|01.48|-00.33|-00.16|00.98|00.85
联创光电|600363.SH|20240903|25.08|25.53|24.89|25.32|01.89|02.74|00.16|00.93|01.91|02.36
盛和资源|600392.SH|20240903|7.76|8.01|7.69|7.81|00.90|03.49|-00.65|00.26|01.00|00.54
法拉电子|600563.SH|20240903|83.1|85.49|82.53|84.04|01.36|03.11|-00.46|00.23|01.16|00.64
恒生电子|600570.SH|20240903|15.75|16.14|15.75|16.1|02.03|02.28|-00.19|-00.19|02.33|03.05
太极实业|600667.SH|20240903|5.15|5.22|5.14|5.18|00.58|01.36|-00.19|00.00|01.69|02.03
东阳光|600673.SH|20240903|6.52|6.61|6.43|6.48|-01.07|00.92|-01.83|-00.46|02.82|04.13
恒立液压|601100.SH|20240903|50.12|52.59|49.82|51.43|02.59|04.91|-00.62|-00.02|-00.05|-00.96
玲珑轮胎|601966.SH|20240903|16|16.19|15.95|16.06|00.19|01.00|-00.50|-00.19|00.73|00.29
新泉股份|603179.SH|20240903|36.56|37.75|36.17|37.66|03.01|03.25|-01.07|00.00|00.98|00.50
杭叉集团|603298.SH|20240903|16.95|17.36|16.87|17.23|01.59|02.36|-00.53|-00.06|00.06|-01.97
东方电缆|603606.SH|20240903|46.55|48.97|46.26|48.4|04.36|05.58|-00.26|00.37|02.00|02.61
