平安银行|000001.SZ|20240514|9.54|9.59|9.43|9.46|-00.53|00.84|-00.84|00.32|-00.38|-01.31
格力电器|000651.SZ|20240514|37.55|37.56|36.42|36.76|-02.16|-00.03|-03.06|-00.05|-00.80|-02.21
北新建材|000786.SZ|20240514|32.14|32.39|31.75|32.03|-00.50|00.62|-01.37|-00.16|-00.43|-01.83
宁波银行|002142.SZ|20240514|22.79|23.08|22.54|22.68|-00.53|01.23|-01.14|-00.04|-01.50|-03.44
招商银行|600036.SH|20240514|31.63|31.84|31.02|31.15|-01.58|00.60|-01.99|-00.06|-00.89|-02.36
京能电力|600578.SH|20240514|3.31|3.37|3.28|3.33|00.00|01.20|-01.50|-00.60|-01.05|-02.92
物产中大|600704.SH|20240514|4.46|4.52|4.45|4.47|-00.22|00.89|-00.67|-00.45|-00.37|-01.80
华新建材|600801.SH|20240514|13.39|13.44|13.19|13.24|-00.75|00.75|-01.12|00.37|-00.37|-01.81
兴业银行|601166.SH|20240514|14.99|15.03|14.86|14.92|-00.27|00.47|-00.67|00.20|-00.61|-01.60
中国人保|601319.SH|20240514|5.13|5.14|5.07|5.1|-00.78|00.00|-01.36|-00.19|-01.01|-02.56
晨光股份|603899.SH|20240514|37.53|37.9|37.33|37.69|00.91|01.47|-00.05|00.48|-01.79|-04.96
