东方盛虹|000301.SZ|20240715|8.03|8.06|7.93|7.94|-01.00|00.50|-01.12|00.12|-01.63|-04.16
一汽解放|000800.SZ|20240715|8.09|8.21|8.05|8.13|00.49|01.48|-00.49|00.00|-01.84|-04.11
华兰生物|002007.SZ|20240715|15.65|15.88|15.58|15.65|-00.38|01.08|-00.83|-00.38|-02.36|-05.22
蔚蓝锂芯|002245.SZ|20240715|7.87|8.01|7.85|7.96|00.25|00.88|-01.13|-00.88|-01.78|-04.48
信立泰|002294.SZ|20240715|27.46|27.91|27.35|27.74|00.73|01.34|-00.69|-00.29|-01.12|-03.27
洋河股份|002304.SZ|20240715|75|75.72|74.81|75.08|-00.08|00.77|-00.44|-00.19|-00.83|-02.35
科伦药业|002422.SZ|20240715|31.23|31.37|30.82|31.03|-01.40|-00.32|-02.07|-00.76|-01.63|-04.42
荣盛石化|002493.SZ|20240715|9.56|9.63|9.45|9.5|-00.94|00.42|-01.46|-00.31|-01.67|-04.17
雅化集团|002497.SZ|20240715|9.12|9.18|9.05|9.09|-00.76|00.22|-01.20|-00.44|-01.38|-03.79
金安国纪|002636.SZ|20240715|6.5|6.59|6.2|6.37|00.79|04.27|-01.90|02.85|-02.49|-05.47
福田汽车|600166.SH|20240715|2.37|2.4|2.34|2.35|-00.84|01.27|-01.27|00.00|-00.92|-02.69
恒瑞医药|600276.SH|20240715|40.85|41.14|40.31|40.63|-01.19|00.05|-01.97|-00.66|-02.22|-05.45
中航机载|600372.SH|20240715|11.8|11.84|11.67|11.74|-00.42|00.42|-01.02|00.08|-01.50|-03.26
锦江酒店|600754.SH|20240715|22.86|23.78|22.58|23.43|04.13|05.69|00.36|01.60|-02.58|-05.73
梅花生物|600873.SH|20240715|9.82|9.98|9.8|9.95|00.81|01.11|-00.71|-00.51|-00.61|-01.93
明阳智能|601615.SH|20240715|8.96|9.01|8.81|8.89|-01.66|-00.33|-02.54|-00.88|-01.08|-02.95
长城汽车|601633.SH|20240715|25.79|26.26|25.61|25.7|-00.39|01.78|-00.74|-00.04|-02.18|-04.63
中国中免|601888.SH|20240715|64.66|66.17|64.63|65.52|-01.28|-00.30|-02.62|-02.58|-01.01|-03.64
东鹏饮料|605499.SH|20240715|170.23|177.04|169.02|176.32|03.58|04.00|-00.71|00.00|-02.30|-05.24
