万 科Ａ|000002.SZ|20240130|10|10.05|9.79|9.79|-02.68|-00.10|-02.68|-00.60|00.50|-00.42
中金岭南|000060.SZ|20240130|3.98|4.02|3.91|3.91|-02.74|00.00|-02.74|-01.00|-00.30|-01.22
京东方Ａ|000725.SZ|20240130|3.66|3.68|3.58|3.58|-02.45|00.27|-02.45|-00.27|00.22|-00.22
云铝股份|000807.SZ|20240130|10.45|10.58|10.23|10.26|-02.56|00.47|-02.85|-00.76|-00.28|-01.66
鲁西化工|000830.SZ|20240130|9.08|9.29|9|9|-02.07|01.09|-02.07|-01.20|-00.26|-01.30
云南铜业|000878.SZ|20240130|10.01|10.1|9.82|9.85|-02.18|00.30|-02.48|-00.60|00.31|-00.36
东方雨虹|002271.SZ|20240130|13.56|13.57|13.16|13.16|-03.94|-00.95|-03.94|-01.02|01.60|01.19
荣盛石化|002493.SZ|20240130|9.59|9.68|9.44|9.45|-01.87|00.52|-01.97|-00.42|00.35|-00.08
南方航空|600029.SH|20240130|6|6.02|5.83|5.84|-03.15|-00.17|-03.32|-00.50|00.31|00.01
国投资本|600061.SH|20240130|6.46|6.65|6.44|6.44|-02.13|01.06|-02.13|-01.82|03.68|03.90
衢州发展|600208.SH|20240130|2.19|2.23|2.17|2.17|-01.36|01.36|-01.36|-00.45|01.63|01.74
海航控股|600221.SH|20240130|1.41|1.41|1.38|1.38|-02.13|00.00|-02.13|00.00|04.19|05.36
海南机场|600515.SH|20240130|3.61|3.63|3.51|3.52|-03.30|-00.27|-03.57|-00.82|04.83|06.19
上海石化|600688.SH|20240130|2.74|2.8|2.7|2.72|-01.81|01.08|-02.53|-01.08|00.60|00.03
中粮糖业|600737.SH|20240130|7.24|7.39|7.15|7.17|-01.38|01.65|-01.65|-00.41|-00.47|-01.63
中国海油|600938.SH|20240130|20.65|21.19|20.65|20.92|00.24|01.53|-01.05|-01.05|-00.29|-01.96
中国国航|601111.SH|20240130|7.49|7.56|7.33|7.35|-02.52|00.27|-02.79|-00.66|00.53|-00.27
海南橡胶|601118.SH|20240130|4.14|4.18|4.11|4.11|00.00|01.70|00.00|00.73|02.12|02.64
新城控股|601155.SH|20240130|10.82|10.94|10.37|10.4|-05.02|-00.09|-05.30|-01.19|00.79|-00.43
厦门银行|601187.SH|20240130|4.6|4.63|4.54|4.54|-02.16|-00.22|-02.16|-00.86|00.84|00.10
长沙银行|601577.SH|20240130|6.5|6.54|6.39|6.4|-01.99|00.15|-02.14|-00.46|-00.32|-01.40
中国石油|601857.SH|20240130|7.49|7.79|7.48|7.57|00.00|02.91|-01.19|-01.06|-00.01|-02.01
中远海发|601866.SH|20240130|2.34|2.37|2.31|2.32|-01.28|00.85|-01.70|-00.43|00.12|-00.40
招商轮船|601872.SH|20240130|6.17|6.25|6.03|6.04|-02.74|00.64|-02.90|-00.64|00.22|-00.61
重庆银行|601963.SH|20240130|6.32|6.41|6.27|6.27|-02.18|00.00|-02.18|-01.40|04.81|05.73
洛阳钼业|603993.SH|20240130|5.19|5.27|5.16|5.18|-00.77|00.96|-01.15|-00.57|-00.19|-01.29
