东方盛虹|000301.SZ|20240926|7.86|8.24|7.84|8.23|04.71|04.83|-00.25|00.00|-03.07|-06.72
北新建材|000786.SZ|20240926|25.81|28.3|25.7|28.27|09.53|09.65|-00.43|00.00|-02.33|-05.74
美年健康|002044.SZ|20240926|3.55|3.79|3.53|3.78|06.18|06.46|-00.84|-00.28|-00.95|-03.09
光迅科技|002281.SZ|20240926|27.98|28.99|27.9|28.99|03.65|03.65|-00.25|00.04|-00.12|-01.82
卫星化学|002648.SZ|20240926|15.75|16.52|15.68|16.5|04.96|05.09|-00.25|00.19|-01.12|-03.87
嘉美包装|002969.SZ|20240926|2.82|2.88|2.79|2.88|02.49|02.49|-00.71|00.36|-00.96|-02.85
中瓷电子|003031.SZ|20240926|36.91|38.84|36.91|38.83|04.38|04.41|-00.78|-00.78|-01.21|-03.67
华夏银行|600015.SH|20240926|6.48|6.73|6.47|6.72|03.23|03.38|-00.61|-00.46|-04.07|-08.40
广州发展|600098.SH|20240926|5.7|5.86|5.66|5.86|02.99|02.99|-00.53|00.18|-02.26|-05.36
雅戈尔|600177.SH|20240926|6.48|6.8|6.46|6.79|04.62|04.78|-00.46|-00.15|-02.38|-05.38
京能电力|600578.SH|20240926|3.32|3.34|3.25|3.34|01.21|01.21|-01.52|00.61|-02.32|-05.62
天地科技|600582.SH|20240926|5.51|5.72|5.5|5.72|03.62|03.62|-00.36|-00.18|-01.30|-04.04
上海临港|600848.SH|20240926|9.04|9.62|8.96|9.62|06.42|06.42|-00.88|00.00|-00.39|-02.11
常熟银行|601128.SH|20240926|5.81|5.98|5.75|5.98|02.93|02.93|-01.03|00.00|-00.99|-03.27
光大银行|601818.SH|20240926|3.09|3.26|3.08|3.25|05.18|05.50|-00.32|00.00|-02.50|-05.33
石大胜华|603026.SH|20240926|28.69|30.27|28.5|30.22|04.79|04.96|-01.18|-00.52|-02.13|-05.59
爱玛科技|603529.SH|20240926|32.33|34.26|31.91|33.96|04.78|05.71|-01.54|-00.25|-00.97|-03.68
中谷物流|603565.SH|20240926|6.97|7.38|6.97|7.36|04.99|05.28|-00.57|-00.57|-02.90|-06.50
璞泰来|603659.SH|20240926|11.59|12.46|11.53|12.37|06.18|06.95|-01.03|-00.52|-02.45|-06.53
