盈峰环境|000967.SZ|20240320|4.81|4.86|4.79|4.83|00.21|00.83|-00.21|-01.63|00.00|-00.20
海峡股份|002320.SZ|20240320|6.42|6.48|6.39|6.44|00.16|00.78|-00.16|-01.83|-00.15|-00.61
沪电股份|002463.SZ|20240320|31.29|32.39|30.79|31.5|00.74|03.58|00.06|-02.22|-00.19|-01.25
江苏国信|002608.SZ|20240320|7.21|7.29|7.1|7.21|00.00|01.11|00.00|-01.90|00.68|-00.14
国盛证券|002670.SZ|20240320|10.34|10.53|10.32|10.35|00.29|02.03|00.19|-03.55|-01.03|-01.40
浙能电力|600023.SH|20240320|5.56|5.59|5.45|5.54|00.00|00.90|00.36|-02.29|01.06|-00.18
春秋航空|601021.SH|20240320|53.93|54.51|53.77|54.09|00.30|01.08|00.00|-01.80|-00.04|-00.09
海南橡胶|601118.SH|20240320|5.09|5.27|5.07|5.17|02.38|04.36|00.79|-04.90|-01.13|-01.88
广州港|601228.SH|20240320|3.2|3.2|3.15|3.17|-00.63|00.31|00.31|-01.24|00.31|00.00
大唐发电|601991.SH|20240320|2.75|2.8|2.72|2.78|01.09|01.82|00.00|-01.79|00.71|00.00
三美股份|603379.SH|20240320|43.97|44.85|43.62|43.75|-00.55|01.95|-00.05|-02.83|00.24|-00.73
洛阳钼业|603993.SH|20240320|7.24|7.4|7.1|7.24|-01.23|00.95|-01.23|-01.74|01.07|-00.94
