万泽股份|000534.SZ|20240923|9.22|9.25|9.12|9.19|-00.11|00.54|-00.87|00.22|-01.75|-03.97
北方铜业|000737.SZ|20240923|8.49|8.57|8.36|8.38|-01.87|00.35|-02.11|-00.59|-02.73|-06.62
云铝股份|000807.SZ|20240923|11.89|12.1|11.79|11.87|-01.33|00.58|-02.00|-01.16|-02.60|-05.88
云南铜业|000878.SZ|20240923|11.14|11.33|11.12|11.15|-00.80|00.80|-01.07|-00.89|-02.19|-04.70
神火股份|000933.SZ|20240923|14.23|14.41|13.95|14.16|-01.60|00.14|-03.06|-01.11|-03.00|-07.04
锡业股份|000960.SZ|20240923|13.06|13.27|12.97|13.01|-01.14|00.84|-01.44|-00.76|-01.69|-04.08
科大讯飞|002230.SZ|20240923|34.62|35.31|34.56|34.74|00.35|01.99|-00.17|00.00|-00.35|-01.36
天山铝业|002532.SZ|20240923|6.32|6.48|6.26|6.32|-00.63|01.89|-01.57|-00.63|-03.06|-07.11
龙佰集团|002601.SZ|20240923|15.74|16.32|15.73|16.21|02.66|03.36|-00.38|-00.32|-00.69|-01.99
保利发展|600048.SH|20240923|7.79|8.03|7.76|7.91|00.38|01.90|-01.52|-01.14|-01.32|-03.86
国投资本|600061.SH|20240923|5.85|5.91|5.82|5.84|-00.34|00.85|-00.68|-00.17|-00.78|-02.19
厦门钨业|600549.SH|20240923|17.08|17.28|17.02|17.09|-00.23|00.88|-00.64|-00.29|-01.19|-03.02
青岛啤酒|600600.SH|20240923|55.68|56.74|55.14|55.16|-01.08|01.76|-01.11|-00.14|-01.93|-04.87
海尔智家|600690.SH|20240923|26.06|26.89|25.99|26.24|00.92|03.42|-00.04|00.23|-01.79|-04.45
中粮糖业|600737.SH|20240923|8.19|8.32|8.1|8.19|00.49|02.09|-00.61|00.49|-02.09|-04.62
新城控股|601155.SH|20240923|10.27|10.54|10.18|10.36|00.00|01.74|-01.74|-00.87|-00.01|-02.13
西部矿业|601168.SH|20240923|14.68|15.01|14.61|14.66|-00.68|01.69|-01.02|-00.54|-03.04|-06.95
白银有色|601212.SH|20240923|2.68|2.73|2.67|2.72|01.12|01.49|-00.74|-00.37|-01.91|-04.28
中国铝业|601600.SH|20240923|6.7|6.79|6.63|6.71|-00.89|00.30|-02.07|-01.03|-03.13|-06.89
明泰铝业|601677.SH|20240923|12.02|12.19|11.95|11.99|-00.91|00.74|-01.24|-00.66|-01.19|-02.99
光大证券|601788.SH|20240923|14.36|14.48|14.31|14.4|-00.14|00.42|-00.76|-00.42|-00.07|-01.36
浙商证券|601878.SH|20240923|10.85|10.87|10.75|10.79|-00.55|00.18|-00.92|00.00|-00.30|-01.56
中科曙光|603019.SH|20240923|36.17|37.11|36.11|36.17|-00.63|01.95|-00.80|-00.63|-00.47|-01.85
万泰生物|603392.SH|20240923|70.6|70.85|69|69.24|-01.93|00.35|-02.27|00.00|-01.07|-02.60
金诚信|603979.SH|20240923|41.23|41.74|40.5|40.69|-02.16|00.36|-02.62|-00.87|-04.95|-10.95
洛阳钼业|603993.SH|20240923|7.16|7.32|7.13|7.16|-00.69|01.53|-01.11|-00.69|-04.64|-10.30
