神火股份|000933.SZ|20240402|18.59|19.11|18.42|18.74|00.43|02.41|-01.29|-00.38|-00.85|-03.81
锡业股份|000960.SZ|20240402|14.46|14.92|14.46|14.82|01.93|02.61|-00.55|-00.55|-00.26|-02.10
山金国际|000975.SZ|20240402|17.7|17.92|17.43|17.59|-02.33|-00.50|-03.22|-01.72|-04.15|-08.86
太阳纸业|002078.SZ|20240402|13.97|14.19|13.91|14.16|01.22|01.43|-00.57|-00.14|-01.09|-03.33
格林美|002340.SZ|20240402|6.16|6.79|6.1|6.59|06.46|09.69|-01.45|-00.48|-00.84|-03.69
宏桥控股|002379.SZ|20240402|4.55|4.96|4.52|4.9|08.65|09.98|00.22|00.89|-00.89|-03.03
卫星化学|002648.SZ|20240402|17.59|18.07|17.57|18.07|02.61|02.61|-00.23|-00.11|-02.32|-05.26
圆通速递|600233.SH|20240402|14.92|15.13|14.6|15.07|00.87|01.27|-02.28|-00.13|-01.38|-03.63
桂冠电力|600236.SH|20240402|5.56|5.62|5.5|5.53|-00.90|00.72|-01.43|-00.36|-00.12|-00.76
中国动力|600482.SH|20240402|20.07|20.56|20.02|20.29|00.59|01.93|-00.74|-00.50|-01.26|-03.70
山东黄金|600547.SH|20240402|28.57|29|28.28|28.58|-01.41|00.03|-02.45|-01.45|-04.40|-09.49
北大荒|600598.SH|20240402|11.53|11.56|11.4|11.44|-00.78|00.26|-01.13|00.00|-00.90|-02.22
中船防务|600685.SH|20240402|26.15|26.48|26.04|26.34|00.46|00.99|-00.69|-00.27|-01.70|-04.45
洲际油气|600759.SH|20240402|2.78|2.84|2.76|2.76|-00.72|02.16|-00.72|00.00|-02.83|-07.30
中创智领|601717.SH|20240402|13.68|14.04|13.57|13.71|00.51|02.93|-00.51|00.29|-02.70|-06.63
中国中车|601766.SH|20240402|6.42|6.51|6.38|6.45|00.62|01.56|-00.47|00.16|-01.61|-03.58
新凤鸣|603225.SH|20240402|14.42|14.53|14.2|14.3|-00.07|01.54|-00.77|00.77|-02.34|-05.51
