川能动力|000155.SZ|20240408|10.67|10.91|10.64|10.65|-01.02|01.39|-01.12|-00.84|00.44|-00.08
潍柴动力|000338.SZ|20240408|16.09|16.43|16.05|16.18|-00.12|01.42|-00.93|-00.68|-01.81|-03.90
北部湾港|000582.SZ|20240408|7.71|7.79|7.65|7.7|-00.13|01.04|-00.78|00.00|-00.36|-01.29
国元证券|000728.SZ|20240408|6.28|6.28|6.18|6.18|-02.22|-00.63|-02.22|-00.63|00.91|00.76
普洛药业|000739.SZ|20240408|11.97|11.97|11.59|11.59|-03.34|-00.17|-03.34|-00.17|00.88|01.02
电投产融|000958.SZ|20240408|3.68|3.73|3.64|3.68|00.00|01.36|-01.09|00.00|-00.49|-01.34
金风科技|002202.SZ|20240408|7.6|7.64|7.49|7.49|-01.83|00.13|-01.83|-00.39|00.25|-00.16
恩捷股份|002812.SZ|20240408|41.31|42.18|40.03|40.05|-03.89|01.22|-03.94|-00.86|00.69|-00.22
浙江龙盛|600352.SH|20240408|8.03|8.08|7.89|7.93|-01.37|00.50|-01.87|-00.12|00.02|-00.92
扬农化工|600486.SH|20240408|53.6|53.79|51.98|52.04|-02.57|00.71|-02.68|00.36|00.38|-00.10
方大炭素|600516.SH|20240408|4.97|5.08|4.95|4.95|-00.40|02.21|-00.40|00.00|00.11|-00.49
保变电气|600550.SH|20240408|4.24|4.25|4.16|4.17|-01.18|00.71|-01.42|00.47|00.62|00.58
远东股份|600869.SH|20240408|4.06|4.09|3.97|3.97|-02.22|00.74|-02.22|00.00|00.81|00.85
上海银行|601229.SH|20240408|5.84|5.9|5.8|5.87|00.51|01.03|-00.68|00.00|00.52|00.42
振华股份|603067.SH|20240408|6.49|6.69|6.45|6.47|-00.15|03.24|-00.46|00.15|00.57|00.18
春风动力|603129.SH|20240408|123.92|125.4|122.83|123.26|-00.59|01.14|-00.94|-00.06|-01.38|-03.53
隆鑫通用|603766.SH|20240408|6.11|6.17|6.01|6.06|-00.82|00.98|-01.64|00.00|02.97|03.87
