神州数码|000034.SZ|20241210|35.76|35.89|34.47|34.66|-00.83|02.69|-01.37|02.32|-00.46|-02.30
航天电器|002025.SZ|20241210|57.82|58.22|56.12|56.6|-00.42|02.43|-01.27|01.72|-00.26|-01.40
华峰化学|002064.SZ|20241210|8.51|8.58|8.42|8.46|01.56|03.00|01.08|02.16|-00.43|-02.05
汉缆股份|002498.SZ|20241210|3.66|3.67|3.53|3.54|-01.39|02.23|-01.67|01.95|-00.71|-02.02
宝钢股份|600019.SH|20241210|6.83|6.86|6.68|6.69|-00.59|01.93|-00.74|01.49|-00.53|-01.47
南方航空|600029.SH|20241210|7.3|7.49|7.2|7.24|01.40|04.90|00.84|02.24|-02.67|-06.10
中国东航|600115.SH|20241210|4.4|4.43|4.32|4.33|00.23|02.55|00.00|01.85|-02.32|-05.31
福田汽车|600166.SH|20241210|2.86|2.88|2.76|2.77|-01.07|02.86|-01.43|02.14|-00.33|-01.86
雅戈尔|600177.SH|20241210|7.64|7.71|7.55|7.58|00.53|02.25|00.13|01.33|-00.64|-01.76
南钢股份|600282.SH|20241210|4.37|4.38|4.23|4.25|-00.93|02.10|-01.40|01.86|-00.84|-02.28
春秋航空|601021.SH|20241210|57.35|58.25|56.58|57.15|01.10|03.04|00.09|01.45|-00.19|-01.48
中国国航|601111.SH|20241210|8.9|9.12|8.83|8.89|02.30|04.95|01.61|02.42|-03.25|-07.20
东兴证券|601198.SH|20241210|12.12|12.55|11.86|11.93|03.20|08.56|02.60|04.84|-00.11|-01.47
金诚信|603979.SH|20241210|42.56|42.7|40.54|40.65|00.25|05.30|-00.02|04.96|00.13|-01.07
