申万宏源|000166.SZ|20240422|4.41|4.49|4.41|4.43|00.23|01.58|-00.23|-00.23|-00.32|-01.61
东阿阿胶|000423.SZ|20240422|62.82|64.27|62.39|62.47|-00.94|01.92|-01.06|-00.38|-00.62|-02.19
博源化工|000683.SZ|20240422|6.42|6.55|6.23|6.24|-02.95|01.87|-03.11|-00.16|-03.52|-08.06
太阳纸业|002078.SZ|20240422|15.6|15.76|15.37|15.43|-00.32|01.81|-00.71|00.78|-00.87|-02.81
兆驰股份|002429.SZ|20240422|5.18|5.32|5.11|5.23|00.58|02.31|-01.73|-00.38|-02.39|-06.18
珠江啤酒|002461.SZ|20240422|7.85|8.07|7.78|8.03|00.75|01.25|-02.38|-01.51|-01.14|-03.25
中国巨石|600176.SH|20240422|11.37|12.27|11.34|11.9|04.11|07.35|-00.79|-00.52|-01.71|-05.28
玲珑轮胎|601966.SH|20240422|23.08|23.51|22.65|23.06|-00.04|01.91|-01.82|00.04|-02.52|-06.56
中谷物流|603565.SH|20240422|7.93|8.21|7.88|8.15|02.77|03.53|-00.63|00.00|-00.84|-02.49
伟明环保|603568.SH|20240422|19.57|19.8|19.27|19.36|-02.27|-00.05|-02.73|-01.21|-01.09|-03.62
坤彩科技|603826.SH|20240422|30.95|31.69|30.31|31.18|01.80|03.46|-01.04|01.04|-00.94|-04.02
洛阳钼业|603993.SH|20240422|9.18|9.41|8.72|8.76|-03.10|04.09|-03.54|01.55|-00.57|-03.39
