航天彩虹|002389.SZ|20240219|13.9|14.22|13.83|13.97|01.31|03.12|00.29|00.80|-01.87|-06.71
兆驰股份|002429.SZ|20240219|5.03|5.03|4.82|4.94|01.86|03.71|-00.62|03.71|-03.88|-10.75
广东宏大|002683.SZ|20240219|16.91|17.02|16.49|16.71|-01.18|00.65|-02.48|00.00|-06.20|-15.08
福田汽车|600166.SH|20240219|2.75|2.75|2.62|2.65|-01.85|01.85|-02.96|01.85|-03.96|-09.01
上海建工|600170.SH|20240219|2.38|2.38|2.29|2.3|-02.13|01.28|-02.55|01.28|-01.86|-05.19
雅戈尔|600177.SH|20240219|6.37|6.38|6.13|6.21|-02.36|00.31|-03.62|00.16|-01.86|-05.30
衢州发展|600208.SH|20240219|2.27|2.27|2.22|2.24|00.00|01.34|-00.89|01.34|-03.09|-07.75
南钢股份|600282.SH|20240219|3.69|3.69|3.57|3.64|00.00|01.37|-01.92|01.37|-02.86|-07.29
方大炭素|600516.SH|20240219|5.02|5.02|4.75|4.79|-02.04|02.66|-02.86|02.66|-04.11|-10.29
山煤国际|600546.SH|20240219|15.89|16.78|15.57|16.78|05.93|05.93|-01.70|00.32|-01.49|-03.94
东阳光|600673.SH|20240219|7.6|7.63|7.11|7.2|-04.64|01.06|-05.83|00.66|-05.48|-12.29
马钢股份|600808.SH|20240219|2.8|2.83|2.75|2.77|00.36|02.54|-00.36|01.45|-03.16|-08.03
四川长虹|600839.SH|20240219|4.43|4.48|4.34|4.48|03.23|03.23|00.00|02.07|-02.53|-07.87
永安期货|600927.SH|20240219|14.03|14.03|13.62|13.8|-00.29|01.37|-01.59|01.37|-03.05|-07.77
赤峰黄金|600988.SH|20240219|13.51|13.52|12.93|13.03|-02.91|00.75|-03.65|00.67|-03.93|-08.99
海南橡胶|601118.SH|20240219|4.4|4.42|4.27|4.31|-00.46|02.08|-01.39|01.62|-01.95|-05.19
厦门银行|601187.SH|20240219|4.67|4.67|4.55|4.61|-00.65|00.65|-01.94|00.65|-01.08|-03.24
中创智领|601717.SH|20240219|12.31|12.41|11.98|12.19|-00.73|01.06|-02.44|00.24|-02.35|-06.76
中远海发|601866.SH|20240219|2.41|2.41|2.32|2.33|-01.69|01.69|-02.11|01.69|-01.45|-04.85
新凤鸣|603225.SH|20240219|13.43|13.5|12.67|12.85|-02.87|02.04|-04.23|01.51|-04.81|-11.92
景旺电子|603228.SH|20240219|19.04|19.04|18.15|18.75|02.35|03.93|-00.93|03.93|-03.95|-10.39
浙江鼎力|603338.SH|20240219|57.7|58.36|55.08|55.73|-02.18|02.44|-03.32|01.28|-00.67|-04.12
科博达|603786.SH|20240219|63.08|63.08|56.66|58.77|-04.16|02.87|-07.60|02.87|-04.24|-11.04
立昂微|605358.SH|20240219|22.51|22.68|21.56|21.86|-01.44|02.25|-02.80|01.49|-05.54|-13.69
