深科技|000021.SZ|20240306|14.22|14.73|14.16|14.49|00.69|02.36|-01.18|-03.03|-00.54|-02.22
神州数码|000034.SZ|20240306|32.03|32.51|31.6|32.04|-00.62|00.84|-00.65|-03.07|00.90|-02.29
冀中能源|000937.SZ|20240306|6.78|6.89|6.77|6.82|00.59|01.62|00.00|-00.73|01.02|00.29
华兰生物|002007.SZ|20240306|18.6|18.65|18.26|18.49|-00.70|00.16|-00.11|-00.64|-00.11|-00.16
广电运通|002152.SZ|20240306|11.56|11.82|11.52|11.71|00.34|01.29|-00.94|-00.68|00.60|-00.60
兴森科技|002436.SZ|20240306|13.49|13.61|13.01|13.4|-01.98|-00.44|-01.32|-01.01|01.81|01.09
中瓷电子|003031.SZ|20240306|52.77|54.03|51.57|53.58|00.04|00.88|-01.47|-04.39|-00.55|-01.09
华阳股份|600348.SH|20240306|9.18|9.41|9.13|9.29|01.09|02.39|-00.11|-00.86|00.54|-00.54
烽火通信|600498.SH|20240306|18.15|18.64|18.08|18.32|-00.11|01.64|-01.04|-04.23|00.00|-01.78
中国电影|600977.SH|20240306|12.15|12.23|11.94|12.05|-01.79|-00.33|-00.98|-01.76|00.56|-00.80
景旺电子|603228.SH|20240306|20.05|20.37|19.64|20.07|-00.59|00.89|-00.69|-01.42|-00.24|-00.93
