常山北明|000158.SZ|20240820|6.17|6.21|6.02|6.04|-03.05|-00.32|-03.37|-00.96|00.59|-01.21
华东医药|000963.SZ|20240820|29.51|29.83|28.97|29.21|-01.32|00.78|-02.13|-00.30|-01.76|-03.81
海亮股份|002203.SZ|20240820|7.94|8.01|7.71|7.77|-02.26|00.75|-03.02|-00.13|-01.28|-03.25
中矿资源|002738.SZ|20240820|27.37|28.18|27.31|27.6|01.51|03.64|00.44|00.66|-00.61|-02.93
中远海能|600026.SH|20240820|14.54|14.61|14.2|14.35|-01.91|-00.14|-02.94|-00.62|-01.27|-04.45
中国联通|600050.SH|20240820|4.56|4.56|4.5|4.52|-00.66|00.22|-01.10|00.22|-02.10|-04.46
宏达股份|600331.SH|20240820|5.54|5.57|5.37|5.39|-02.36|00.91|-02.72|00.36|00.19|-00.50
杭州银行|600926.SH|20240820|12.67|12.76|12.6|12.65|-00.16|00.71|-00.55|00.00|-02.14|-04.71
赛力斯|601127.SH|20240820|83.5|84.39|80.86|81.33|-01.67|02.03|-02.24|00.96|-01.90|-05.24
邮储银行|601658.SH|20240820|4.72|4.75|4.69|4.73|00.21|00.64|-00.64|00.00|-02.24|-04.82
招商轮船|601872.SH|20240820|7.88|7.95|7.67|7.81|-00.89|00.89|-02.66|00.00|-01.72|-04.75
紫金矿业|601899.SH|20240820|15.96|15.96|15.54|15.69|-01.07|00.63|-02.02|00.63|-00.89|-03.19
汇顶科技|603160.SH|20240820|64.76|65.12|63.83|64.22|-01.28|00.11|-01.88|-00.45|-02.77|-06.67
洛阳钼业|603993.SH|20240820|7.33|7.34|7.13|7.18|-01.37|00.82|-02.06|00.69|-00.96|-03.15
