东方盛虹|000301.SZ|20240719|8.13|8.26|8.04|8.25|01.23|01.35|-01.35|-00.25|-00.38|-01.49
华东医药|000963.SZ|20240719|27.6|28.65|27.52|28.49|02.89|03.47|-00.61|-00.33|-00.99|-02.53
顺丰控股|002352.SZ|20240719|34.11|34.53|33.92|34.45|00.85|01.08|-00.70|-00.15|-01.00|-02.63
保利发展|600048.SH|20240719|8.73|8.78|8.46|8.57|-03.05|-00.68|-04.30|-01.24|-01.17|-03.56
复星医药|600196.SH|20240719|22.57|22.94|22.43|22.85|01.06|01.46|-00.80|-00.18|-00.64|-01.63
恒瑞医药|600276.SH|20240719|41.93|42.33|41.78|42.08|00.19|00.79|-00.52|-00.17|-00.74|-02.26
青岛啤酒|600600.SH|20240719|67.47|68.32|66.98|68.29|01.23|01.27|-00.71|00.01|-00.76|-02.04
伊利股份|600887.SH|20240719|24.66|25.08|24.5|24.91|00.73|01.42|-00.93|-00.28|-01.02|-02.32
中信建投|601066.SH|20240719|18.5|19.19|18.43|19.11|03.19|03.62|-00.49|-00.11|-00.76|-01.90
中国太保|601601.SH|20240719|28.93|28.95|28.45|28.85|-00.38|-00.03|-01.76|-00.10|-02.22|-04.77
