深天马Ａ|000050.SZ|20240506|8.2|8.31|8.2|8.22|01.11|02.21|00.86|-00.73|00.61|00.12
万向钱潮|000559.SZ|20240506|5.29|5.29|5.29|5.29|09.98|09.98|09.98|-04.37|-00.40|-00.40
招商蛇口|001979.SZ|20240506|8.23|8.44|8.18|8.23|02.75|05.37|02.75|-04.07|-00.36|-00.36
国轩高科|002074.SZ|20240506|18.97|19.4|18.95|19.16|03.01|04.30|01.99|-01.22|00.69|00.32
金风科技|002202.SZ|20240506|7.62|7.69|7.59|7.64|02.83|03.50|02.56|-02.62|-00.13|-00.13
盛新锂能|002240.SZ|20240506|18.3|18.74|18.3|18.57|03.45|04.40|01.95|-02.34|01.09|00.00
顺丰控股|002352.SZ|20240506|34.98|35.34|34.72|35.02|02.46|03.39|02.34|-00.47|01.51|01.19
北方华创|002371.SZ|20240506|238.17|240.16|234.12|235|-00.06|02.13|01.28|-01.24|00.30|00.10
高德红外|002414.SZ|20240506|7.03|7.12|6.99|7.01|00.14|01.71|00.43|-01.27|00.71|-00.14
海康威视|002415.SZ|20240506|31.42|31.76|31.32|31.66|01.96|02.29|01.19|-00.45|-00.06|-00.06
天赐材料|002709.SZ|20240506|22|22.65|21.81|22.07|05.70|08.48|05.36|-03.33|00.56|00.37
联泓新科|003022.SZ|20240506|17.23|17.56|17.14|17.44|02.41|03.11|01.17|-00.76|00.29|-00.17
兴发集团|600141.SH|20240506|20.13|21.07|19.87|20.99|05.37|05.77|01.05|-01.58|00.84|-01.09
上海贝岭|600171.SH|20240506|12.66|12.75|12.48|12.52|00.16|02.00|01.28|-00.71|00.16|00.08
安通控股|600179.SH|20240506|2.25|2.3|2.25|2.29|02.69|03.14|00.90|-01.76|00.44|00.00
恒瑞医药|600276.SH|20240506|46.53|47.46|46.03|46.76|02.16|03.69|01.66|-00.04|01.44|00.46
安琪酵母|600298.SH|20240506|29.37|29.93|29.31|29.52|02.15|03.56|01.63|-00.17|00.48|00.07
万华化学|600309.SH|20240506|89.14|90.62|88.28|90.06|03.19|03.83|02.13|-00.84|01.40|00.51
科达制造|600499.SH|20240506|9.64|9.77|9.62|9.7|01.78|02.52|01.15|-00.21|00.63|00.00
海南机场|600515.SH|20240506|3.53|3.56|3.5|3.51|00.29|01.71|00.86|-01.96|00.00|-00.28
用友网络|600588.SH|20240506|11.82|12.07|11.73|11.76|01.03|03.69|01.55|-01.52|00.42|00.42
盛屯矿业|600711.SH|20240506|4.78|4.79|4.64|4.75|-00.42|00.42|00.21|-01.24|01.66|01.04
上海临港|600848.SH|20240506|10.36|10.43|10.23|10.23|01.19|03.17|02.47|-00.88|00.39|00.39
南网储能|600995.SH|20240506|9.83|9.97|9.8|9.86|01.44|02.57|01.13|-00.92|00.31|-00.31
天风证券|601162.SH|20240506|2.95|2.98|2.93|2.94|00.68|02.05|01.03|-04.26|-02.62|-02.62
中国平安|601318.SH|20240506|39.14|39.25|38.43|38.54|02.75|04.64|04.35|-01.73|00.18|00.00
新华保险|601336.SH|20240506|30.23|30.65|29.73|29.99|03.16|05.44|03.99|-00.41|01.16|00.24
明阳智能|601615.SH|20240506|9.47|9.54|9.4|9.51|02.92|03.25|02.49|-03.04|-00.10|-00.63
中国人寿|601628.SH|20240506|30.4|31.19|30.35|30.56|03.28|05.41|02.74|-00.50|00.57|-00.17
中国建筑|601668.SH|20240506|4.92|4.98|4.91|4.93|01.23|02.26|01.03|-01.62|00.00|00.00
合盛硅业|603260.SH|20240506|48.13|48.66|47.49|48.17|01.97|03.01|01.88|-02.78|01.15|00.21
海天味业|603288.SH|20240506|38.16|38.62|37.61|37.94|01.07|02.88|01.65|-00.79|00.69|-00.08
豪威集团|603501.SH|20240506|102.11|104.78|100.84|102.14|01.41|04.03|01.38|-01.00|00.94|-00.30
华友钴业|603799.SH|20240506|27.44|27.6|27.18|27.48|01.89|02.34|01.74|-01.93|01.02|00.18
顾家家居|603816.SH|20240506|31.03|32.74|31.03|32.1|05.42|07.52|01.90|-04.46|00.16|00.00
立昂微|605358.SH|20240506|22.4|22.63|22.06|22.2|00.86|02.82|01.77|-00.86|00.14|-00.45
圣泉集团|605589.SH|20240506|19.77|19.86|19.46|19.66|01.29|02.32|01.85|-00.21|01.54|00.51
