风华高科|000636.SZ|20240430|12.25|12.37|12.15|12.27|00.16|00.98|-00.82|00.00|-02.32|-05.22
电投产融|000958.SZ|20240430|3.89|3.94|3.88|3.91|00.26|01.03|-00.51|-00.26|-01.01|-02.39
美年健康|002044.SZ|20240430|4.71|4.74|4.37|4.39|-09.48|-02.27|-09.90|-02.89|-02.76|-06.21
横店东磁|002056.SZ|20240430|13.32|13.34|13.09|13.29|-00.30|00.08|-01.80|-00.08|-03.31|-07.02
TCL中环|002129.SZ|20240430|10.43|10.48|9.99|10.1|-03.72|-00.10|-04.77|-00.57|-03.49|-08.34
水晶光电|002273.SZ|20240430|14.05|14.65|13.99|14.16|02.91|06.47|01.67|02.11|-03.43|-07.64
兴森科技|002436.SZ|20240430|12.02|12.06|11.73|11.8|-01.75|00.42|-02.33|00.08|-01.99|-04.93
欧菲光|002456.SZ|20240430|8.9|9.06|8.8|8.8|-05.98|-03.21|-05.98|-04.91|-02.50|-05.84
比亚迪|002594.SZ|20240430|72.73|73.02|71.1|71.1|-01.30|01.36|-01.30|00.96|-01.12|-03.12
湘财股份|600095.SH|20240430|7.07|7.11|6.97|6.99|-00.85|00.85|-01.13|00.28|-01.26|-03.04
康美药业|600518.SH|20240430|2.02|2.03|1.97|1.99|-01.97|00.00|-02.96|-00.49|-01.85|-04.18
东材科技|601208.SH|20240430|8.34|8.34|8.06|8.1|-02.64|00.24|-03.13|00.24|-02.72|-06.39
国泰海通|601211.SH|20240430|13.11|13.12|12.88|12.98|-00.84|00.23|-01.60|00.15|-00.22|-01.09
华泰证券|601688.SH|20240430|13.22|13.22|12.86|12.88|-04.17|-01.64|-04.32|-01.64|-01.55|-03.67
千里科技|601777.SH|20240430|3.23|3.25|3.18|3.21|-00.31|00.93|-01.24|00.31|-01.90|-04.43
汇顶科技|603160.SH|20240430|60.91|61.64|60.27|60.9|-00.16|01.05|-01.20|-00.15|-02.61|-06.42
迎驾贡酒|603198.SH|20240430|67.34|68.49|66.98|67.1|-00.93|01.12|-01.11|-00.58|-02.51|-06.35
福斯特|603806.SH|20240430|18.67|19.2|18.36|18.82|04.21|06.31|01.66|03.38|-04.00|-09.20
