中国宝安|000009.SZ|20240126|11.61|11.66|11.51|11.57|-00.60|00.17|-01.12|-00.26|-01.13|-03.70
东方盛虹|000301.SZ|20240126|9.71|9.99|9.67|9.93|01.95|02.57|-00.72|-00.31|-00.25|-01.62
云南白药|000538.SZ|20240126|44.47|45.37|44.37|44.85|00.67|01.84|-00.40|-00.18|-01.32|-03.46
广发证券|000776.SZ|20240126|13.18|13.36|13.17|13.29|00.08|00.60|-00.83|-00.75|-01.02|-02.99
山西证券|002500.SZ|20240126|4.98|5.08|4.96|5.02|00.00|01.20|-01.20|-00.80|-01.70|-04.95
第一创业|002797.SZ|20240126|5.42|5.49|5.38|5.44|-00.18|00.73|-01.28|-00.55|-00.97|-03.83
长城证券|002939.SZ|20240126|7.29|7.49|7.27|7.4|00.54|01.77|-01.22|-00.95|-01.89|-05.01
浦发银行|600000.SH|20240126|6.35|6.47|6.32|6.43|01.42|02.05|-00.32|00.16|-00.80|-02.29
国金证券|600109.SH|20240126|8.37|8.54|8.34|8.45|00.36|01.43|-00.95|-00.59|-01.15|-03.84
巨化股份|600160.SH|20240126|15.66|15.75|15.42|15.49|-01.46|00.19|-01.91|-00.38|-03.00|-07.45
南山铝业|600219.SH|20240126|2.55|2.58|2.54|2.57|00.78|01.18|-00.39|00.00|-01.91|-05.06
西南证券|600369.SH|20240126|3.81|3.85|3.78|3.82|-00.26|00.52|-01.31|-00.52|-01.76|-04.99
国投电力|600886.SH|20240126|12.51|12.8|12.45|12.76|01.67|01.99|-00.80|-00.32|-01.37|-03.80
中泰证券|600918.SH|20240126|6.69|6.82|6.67|6.77|00.45|01.19|-01.04|-00.74|-01.73|-04.67
东方证券|600958.SH|20240126|8.3|8.44|8.22|8.36|00.12|01.08|-01.56|-00.60|-00.98|-03.25
上海银行|601229.SH|20240126|5.47|5.55|5.45|5.53|01.10|01.46|-00.37|00.00|-01.05|-02.80
兴业证券|601377.SH|20240126|5.37|5.42|5.34|5.38|-00.19|00.56|-00.93|-00.37|-01.30|-03.90
国联民生|601456.SH|20240126|10.09|10.25|9.99|10.11|-00.88|00.49|-02.06|-01.08|-00.64|-03.21
