深圳能源|000027.SZ|20240220|6.21|6.25|6.14|6.2|-00.16|00.64|00.00|-01.27|00.32|00.16
中绿电|000537.SZ|20240220|9.34|9.43|9.24|9.36|00.32|01.07|00.11|-01.69|01.58|00.74
燕京啤酒|000729.SZ|20240220|8.47|8.51|8.35|8.45|-00.94|-00.23|-00.70|-01.39|01.73|01.73
越秀资本|000987.SZ|20240220|5.46|5.59|5.42|5.54|00.73|01.64|-00.73|-03.17|00.00|-00.53
中材科技|002080.SZ|20240220|14.06|14.08|13.75|13.92|-01.56|-00.42|-00.57|-00.91|01.75|00.49
杭氧股份|002430.SZ|20240220|25.56|25.8|25.13|25.37|-01.25|00.43|-00.51|-02.58|01.02|00.27
天山铝业|002532.SZ|20240220|5.32|5.38|5.26|5.34|-00.56|00.19|-00.93|-00.19|02.23|02.23
万达电影|002739.SZ|20240220|11.65|11.81|11.53|11.75|-00.42|00.08|-01.27|-01.50|03.51|03.51
森麒麟|002984.SZ|20240220|20.72|20.91|20.44|20.73|00.19|01.06|00.14|-01.15|00.86|00.53
国金证券|600109.SH|20240220|8.5|8.58|8.37|8.51|00.47|01.30|00.35|-01.97|00.00|00.00
华创云信|600155.SH|20240220|7.22|7.61|7.19|7.51|02.74|04.10|-01.23|-02.53|-01.07|-01.33
航天信息|600271.SH|20240220|9.41|9.51|9.3|9.47|-00.11|00.32|-00.74|-00.84|01.99|01.99
洪都航空|600316.SH|20240220|16.86|16.86|16.45|16.74|-00.83|-00.12|-00.12|-01.06|00.94|00.59
西南证券|600369.SH|20240220|3.75|3.81|3.71|3.78|00.53|01.33|-00.27|-02.34|00.78|00.78
海油工程|600583.SH|20240220|5.65|5.72|5.56|5.63|-00.18|01.42|00.18|-00.18|02.30|02.30
东方明珠|600637.SH|20240220|6.64|6.7|6.57|6.67|00.15|00.60|-00.30|-00.60|01.79|01.79
物产中大|600704.SH|20240220|4.14|4.16|4.11|4.15|-00.24|00.00|-00.48|-01.65|02.13|02.13
王府井|600859.SH|20240220|14.26|14.46|14.12|14.32|00.49|01.47|00.07|-00.63|03.00|02.44
西安银行|600928.SH|20240220|3.3|3.32|3.27|3.31|00.00|00.30|-00.30|-00.60|00.60|00.60
海油发展|600968.SH|20240220|2.96|2.98|2.93|2.96|-00.34|00.34|-00.34|-00.34|01.01|01.01
桐昆股份|601233.SH|20240220|12.66|12.92|12.43|12.78|01.19|02.30|00.24|-02.55|01.77|01.77
国机重装|601399.SH|20240220|2.75|2.75|2.72|2.74|00.00|00.36|00.36|-00.72|01.81|00.72
旗滨集团|601636.SH|20240220|5.9|5.92|5.8|5.89|-00.51|00.00|-00.34|-02.47|01.48|01.32
汇顶科技|603160.SH|20240220|56.66|57.61|55.92|57.45|00.79|01.07|-00.60|-00.47|03.53|01.97
