东阿阿胶|000423.SZ|20240508|64.47|64.72|63.46|64.17|-00.43|00.42|-01.54|00.03|-01.21|-03.39
普洛药业|000739.SZ|20240508|13.88|15.03|13.8|14.64|04.72|07.51|-01.29|-00.72|-01.89|-04.78
中恒电气|002364.SZ|20240508|6.18|6.19|6.04|6.05|-02.10|00.16|-02.27|00.00|-00.90|-02.13
天坛生物|600161.SH|20240508|24.64|24.95|24.54|24.56|00.33|01.92|00.25|00.65|-01.27|-03.85
兖矿能源|600188.SH|20240508|16|16.74|15.95|16.54|03.83|05.08|00.13|00.44|-01.78|-04.14
健康元|600380.SH|20240508|12.31|12.47|12.23|12.29|-00.16|01.30|-00.65|00.00|-02.23|-05.10
华鲁恒升|600426.SH|20240508|29.45|30.09|28.57|28.68|-02.58|02.21|-02.96|00.03|-01.78|-04.74
华海药业|600521.SH|20240508|17.4|17.55|17.15|17.2|-01.04|00.98|-01.32|00.12|-03.09|-06.85
环旭电子|601231.SH|20240508|14.66|14.69|14.47|14.5|-00.82|00.48|-01.03|00.27|-00.26|-01.55
春风动力|603129.SH|20240508|144.85|149.36|140.87|142.25|-02.37|02.51|-03.32|-00.58|-01.99|-05.65
公牛集团|603195.SH|20240508|58.01|58.43|56.79|57.3|-01.22|00.72|-02.10|00.00|-01.54|-04.17
杭叉集团|603298.SH|20240508|21.73|21.81|21.31|21.54|-00.78|00.46|-01.84|00.09|-02.96|-06.49
安井食品|603345.SH|20240508|90.28|90.42|87.92|88.19|-02.52|-00.06|-02.82|-00.21|-03.08|-07.04
晨光股份|603899.SH|20240508|35.76|35.98|34.7|34.9|-02.27|00.76|-02.83|00.14|-02.66|-06.33
东鹏饮料|605499.SH|20240508|167.28|169.38|166.45|166.63|00.12|01.77|00.01|00.51|-01.47|-04.97
