吉林敖东|000623.SZ|20240314|13.74|13.91|13.68|13.71|00.15|01.61|00.37|-01.65|-00.36|-00.57
华兰生物|002007.SZ|20240314|19.74|19.85|19.19|19.23|-01.44|01.74|01.18|-00.61|01.17|-00.36
大族激光|002008.SZ|20240314|19.34|19.49|18.84|19.1|-01.39|00.62|-00.15|-00.82|00.20|00.00
以岭药业|002603.SZ|20240314|20.99|21.24|20.7|20.8|00.68|02.81|01.60|-00.86|-00.34|-00.53
长城证券|002939.SZ|20240314|7.51|7.6|7.42|7.49|-00.79|00.66|-00.53|-01.05|00.00|-00.26
中国医药|600056.SH|20240314|11.06|11.23|10.9|10.95|00.37|02.93|01.37|-01.09|-00.36|-00.36
建发股份|600153.SH|20240314|8.88|9.05|8.84|9.03|02.15|02.38|00.45|-01.67|00.11|-00.44
达仁堂|600329.SH|20240314|28.09|28.45|27.59|27.73|-01.07|01.50|00.21|-01.13|00.14|00.00
扬农化工|600486.SH|20240314|52.08|52.33|50.88|51.05|-01.98|00.48|00.00|-01.08|00.57|-00.06
山东药玻|600529.SH|20240314|27.12|27.51|26.91|27.45|01.18|01.40|-00.04|-01.31|02.87|00.00
国睿科技|600562.SH|20240314|13.15|13.22|12.87|12.97|-01.82|00.08|-00.45|-00.60|00.68|-00.15
法拉电子|600563.SH|20240314|106.19|107.07|105.15|106.04|-00.32|00.65|-00.18|-03.13|01.45|00.01
太平洋|601099.SH|20240314|3.37|3.41|3.34|3.36|-00.59|00.89|-00.30|-01.17|00.00|-00.29
大参林|603233.SH|20240314|20.84|21.09|20.51|20.62|-01.10|01.15|-00.05|-01.70|-00.14|-00.14
科博达|603786.SH|20240314|62.56|63.47|61.61|61.7|-01.34|01.49|00.03|-00.45|00.40|00.02
飞科电器|603868.SH|20240314|46.95|48.09|46.64|47.99|02.22|02.43|00.00|-02.17|-00.65|-00.65
