河钢股份|000709.SZ|20241111|2.32|2.33|2.25|2.28|-01.72|00.43|00.00|-02.93|01.67|00.84
大北农|002385.SZ|20241111|4.79|4.8|4.68|4.8|00.00|00.00|-00.21|-02.44|00.20|00.00
天山铝业|002532.SZ|20241111|8.78|8.78|8.29|8.54|-01.27|01.50|01.50|-00.92|03.21|02.18
湘财股份|600095.SH|20241111|8.09|8.15|8|8.12|-00.85|-00.49|-01.22|-03.08|02.01|01.18
兴发集团|600141.SH|20241111|23.26|23.79|22.89|23.53|00.09|01.19|-01.06|-02.65|02.11|01.74
西南证券|600369.SH|20241111|5.07|5.14|5.01|5.11|-00.58|00.00|-01.36|-03.93|02.06|02.06
中铁工业|600528.SH|20241111|8.37|8.48|8.29|8.41|-00.12|00.71|-00.59|-01.64|00.82|00.23
锦江酒店|600754.SH|20241111|27.53|27.8|27.11|27.74|-00.39|-00.18|-01.15|-01.69|01.13|00.49
石化油服|600871.SH|20241111|2.25|2.25|2.18|2.21|-02.64|-00.88|-00.88|-01.30|02.17|00.87
苏能股份|600925.SH|20241111|5.39|5.43|5.37|5.41|00.00|00.37|-00.37|-00.55|01.10|00.74
中材国际|600970.SH|20241111|10.46|10.54|10.25|10.42|-01.14|00.00|-00.76|-02.68|01.20|01.20
和邦生物|603077.SH|20241111|2.19|2.26|2.17|2.2|00.46|03.20|00.00|-00.45|01.82|01.36
