中国宝安|000009.SZ|20241010|9.56|9.91|9.3|9.4|-01.98|03.34|-03.02|-00.31|0.14242237599910618
河钢股份|000709.SZ|20241010|2.15|2.24|2.12|2.17|01.40|04.67|-00.93|00.47|0.13498705680700757
首钢股份|000959.SZ|20241010|3.28|3.41|3.2|3.32|00.61|03.33|-03.03|-00.61|0.7808777445044309
协鑫集成|002506.SZ|20241010|2.27|2.35|2.21|2.25|00.45|04.91|-01.34|01.34|0.21803191575879705
天顺风能|002531.SZ|20241010|8.55|8.96|8.54|8.7|01.52|04.55|-00.35|-00.23|0.45430864602412285
世纪华通|002602.SZ|20241010|4.17|4.31|4|4.12|-00.96|03.61|-03.85|00.24|0.2415176898570764
南网能源|003035.SZ|20241010|4.75|4.88|4.69|4.76|00.42|02.95|-01.05|00.21|0.7797678219405543
中稀有色|600259.SH|20241010|28.55|29.8|28.06|28.69|00.46|04.34|-01.75|-00.04|0.7683002577224743
华海药业|600521.SH|20241010|19.44|19.92|19.06|19.35|02.11|05.12|00.58|02.59|0.5342358232518364
彩虹股份|600707.SH|20241010|7.55|7.65|7.13|7.32|-02.40|02.00|-04.93|00.67|0.9545798340563164
远东股份|600869.SH|20241010|4.45|4.6|4.36|4.38|-01.13|03.84|-01.58|00.45|0.19354417919679326
海油发展|600968.SH|20241010|4.36|4.6|4.35|4.45|01.60|05.02|-00.68|-00.46|0.3306936979547607
海南橡胶|601118.SH|20241010|5.96|6.12|5.82|5.89|-00.34|03.55|-01.52|00.85|0.5289962527322082
拓普集团|601689.SH|20241010|47.93|49.18|45.27|46.57|-02.90|02.54|-05.61|-00.06|0.40122140528043104
千里科技|601777.SH|20241010|4.85|5.34|4.78|5.34|10.10|10.10|-01.44|00.00|0.07410396592633828
和邦生物|603077.SH|20241010|2.03|2.11|2.01|2.05|00.99|03.94|-00.99|00.00|1.0541137604652082
岱美股份|603730.SH|20241010|7.83|8.04|7.63|7.79|-00.38|02.81|-02.43|00.13|0.5390891289893325
