东方盛虹|000301.SZ|20240409|10.25|10.45|10.25|10.41|01.07|01.46|-00.49|-00.77|01.54|00.19
永太科技|002326.SZ|20240409|10.47|11.08|10.45|11.03|05.05|05.52|-00.29|-04.20|01.09|-00.55
多氟多|002407.SZ|20240409|14.33|15.72|14.29|15.7|08.35|08.49|-01.10|-02.29|05.06|00.13
云南锗业|002428.SZ|20240409|11.69|12.28|11.66|12.25|03.20|03.45|-01.52|-01.00|04.59|00.00
中矿资源|002738.SZ|20240409|38.7|39.93|38.4|39.37|01.47|02.91|-00.26|-00.94|03.37|-00.13
联泓新科|003022.SZ|20240409|16.82|18.01|16.82|17.87|04.63|05.44|-01.52|-03.77|-00.06|-01.18
北方稀土|600111.SH|20240409|20.4|21.69|20.34|21.49|04.32|05.29|-00.97|-00.39|03.43|00.10
鄂尔多斯|600295.SH|20240409|9.91|10.1|9.88|9.99|00.10|01.20|-00.70|-00.89|02.09|00.30
盛和资源|600392.SH|20240409|10.44|11.6|10.37|11.6|09.95|09.95|-01.04|-00.19|05.11|00.95
厦门钨业|600549.SH|20240409|19.63|20.55|19.49|20.16|01.31|03.27|-01.36|-03.12|02.43|01.12
