深圳能源|000027.SZ|20240131|5.99|6.06|5.89|5.94|-01.33|00.66|-02.16|-00.50|01.28|01.65
东阿阿胶|000423.SZ|20240131|48.87|48.87|47.53|47.67|-02.67|-00.22|-02.96|-00.22|00.42|-00.62
华能国际|600011.SH|20240131|7.88|8.43|7.79|8.26|00.12|02.18|-05.58|-04.48|02.02|02.87
华夏银行|600015.SH|20240131|5.38|5.41|5.31|5.35|-00.37|00.74|-01.12|00.19|00.52|00.32
华能水电|600025.SH|20240131|8.4|8.51|8.33|8.42|00.24|01.31|-00.83|00.00|01.10|01.31
华电国际|600027.SH|20240131|5.38|5.63|5.35|5.61|04.66|05.04|-00.19|00.37|01.93|02.41
川投能源|600674.SH|20240131|14.65|14.98|14.58|14.84|01.37|02.32|-00.41|00.07|00.03|-00.56
伊利股份|600887.SH|20240131|24.64|24.84|24.32|24.49|-00.69|00.73|-01.38|-00.08|00.45|00.42
江苏银行|600919.SH|20240131|6.27|6.36|6.26|6.33|00.64|01.11|-00.48|-00.32|00.31|-00.11
南京银行|601009.SH|20240131|7.22|7.32|7.19|7.26|00.55|01.39|-00.42|00.00|00.12|-00.46
渝农商行|601077.SH|20240131|3.76|3.8|3.72|3.78|00.53|01.06|-01.06|00.00|00.89|00.78
北京银行|601169.SH|20240131|4.53|4.62|4.53|4.59|00.88|01.54|-00.44|-00.44|-00.06|-00.84
光大银行|601818.SH|20240131|2.75|2.79|2.73|2.77|00.73|01.45|-00.73|00.00|00.75|00.81
沪农商行|601825.SH|20240131|5.51|5.57|5.46|5.5|-00.90|00.36|-01.62|-00.72|02.17|02.68
浙商银行|601916.SH|20240131|2.43|2.45|2.41|2.43|00.00|00.82|-00.82|00.00|01.11|01.45
建设银行|601939.SH|20240131|6.05|6.14|6.01|6.09|00.83|01.66|-00.50|00.17|00.91|01.07
