深天马Ａ|000050.SZ|20240927|7.22|7.58|7.18|7.37|04.39|07.37|01.70|02.27|-03.91|-08.96
美的集团|000333.SZ|20240927|70.84|72.4|67.42|69.18|-00.76|03.86|-03.29|01.62|-04.11|-09.00
渤海租赁|000415.SZ|20240927|2.7|2.78|2.64|2.76|03.37|04.12|-01.12|01.12|-03.76|-09.28
华东医药|000963.SZ|20240927|30.44|32.29|30.44|31.72|05.35|07.24|01.10|01.10|-03.39|-07.46
汇绿生态|001267.SZ|20240927|5.47|5.8|5.47|5.74|06.49|07.61|01.48|01.48|-02.62|-06.96
光启技术|002625.SZ|20240927|21.72|22.82|21.44|22.53|05.87|07.24|00.75|02.07|-04.31|-09.27
国投资本|600061.SH|20240927|7.03|7.43|6.85|7.3|05.34|07.22|-01.15|01.44|-02.88|-06.19
宇通客车|600066.SH|20240927|22.98|23.52|22.69|22.91|00.00|02.66|-00.96|00.31|-02.24|-06.07
中国铁建|601186.SH|20240927|7.9|7.97|7.73|7.91|01.93|02.71|-00.39|01.80|-03.47|-08.02
中国中铁|601390.SH|20240927|5.72|5.82|5.63|5.78|01.94|02.65|-00.71|00.88|-04.06|-09.11
中国电建|601669.SH|20240927|5.05|5.1|4.91|5.05|01.61|02.62|-01.21|01.61|-03.91|-08.74
中国交建|601800.SH|20240927|8.38|8.5|8.14|8.38|01.33|02.78|-01.57|01.33|-04.14|-09.38
