深桑达Ａ|000032.SZ|20250627|20.19|20.42|19.85|20.03|-00.45|01.49|00.35|-00.35|01.63|00.05
深圳华强|000062.SZ|20250627|24.81|27.3|24.73|27.3|09.99|09.99|-00.04|-01.00|00.76|00.00
中兴通讯|000063.SZ|20250627|32.12|32.77|31.93|32.39|01.19|02.37|00.34|-00.68|00.84|00.00
中联重科|000157.SZ|20250627|6.98|6.98|6.93|6.95|00.14|00.58|00.58|-00.57|00.29|00.00
申万宏源|000166.SZ|20250627|5.03|5.2|5.01|5.02|00.20|03.79|00.40|-00.60|00.99|00.60
渤海租赁|000415.SZ|20250627|3.34|3.42|3.33|3.35|00.30|02.40|00.00|-01.47|00.29|-00.29
平潭发展|000592.SZ|20250627|3.06|3.07|3.03|3.05|00.00|00.66|00.33|-01.61|00.00|-00.32
吉林敖东|000623.SZ|20250627|16.52|16.91|16.45|16.63|01.16|02.86|00.49|-00.96|00.48|00.24
长安汽车|000625.SZ|20250627|12.45|12.51|12.33|12.36|-00.40|00.81|00.32|-00.40|00.88|00.00
钒钛股份|000629.SZ|20250627|2.55|2.58|2.54|2.55|00.39|01.57|00.39|-00.39|00.78|00.39
东北证券|000686.SZ|20250627|7.66|7.86|7.62|7.63|-00.26|02.75|00.13|-01.42|00.64|00.39
美锦能源|000723.SZ|20250627|4.28|4.37|4.28|4.31|01.17|02.58|00.47|-01.16|00.23|-00.23
国元证券|000728.SZ|20250627|7.85|8.04|7.81|7.82|00.13|02.94|00.51|-01.26|00.25|00.00
北方铜业|000737.SZ|20250627|9.62|10.21|9.62|10.21|10.02|10.02|03.66|-00.64|01.28|00.43
广发证券|000776.SZ|20250627|16.81|17.61|16.77|16.98|01.13|04.88|00.12|-00.59|00.89|00.24
长江证券|000783.SZ|20250627|7.11|7.28|7.02|7.03|-00.99|02.54|00.14|-00.28|01.83|00.28
鲁西化工|000830.SZ|20250627|10.29|10.34|10.27|10.3|00.19|00.58|00.10|-00.19|00.19|-00.10
中国稀土|000831.SZ|20250627|34.42|35.69|34.4|35.17|02.18|03.69|00.00|-00.92|-00.12|-00.12
紫光股份|000938.SZ|20250627|23.6|23.87|23.49|23.66|00.38|01.27|00.13|-00.59|00.97|00.21
电投产融|000958.SZ|20250627|6.66|6.75|6.65|6.67|00.00|01.20|-00.15|-01.48|-00.15|-00.59
安泰科技|000969.SZ|20250627|12.77|12.92|12.73|12.74|00.39|01.81|00.63|-01.32|00.31|00.00
越秀资本|000987.SZ|20250627|6.69|6.92|6.64|6.69|00.15|03.59|00.15|-00.60|02.23|00.89
中材科技|002080.SZ|20250627|18.29|18.56|18.08|18.4|00.60|01.48|00.00|-00.16|02.35|00.16
利欧股份|002131.SZ|20250627|3.4|3.45|3.38|3.41|00.59|01.77|00.29|-00.88|00.88|-00.29
楚江新材|002171.SZ|20250627|9.57|9.65|9.48|9.53|00.21|01.47|00.63|-01.35|01.14|00.21
华天科技|002185.SZ|20250627|9.2|9.96|9.13|9.96|10.06|10.06|01.66|-01.09|00.44|00.00
科大讯飞|002230.SZ|20250627|47.28|47.64|47.09|47.14|-00.25|00.80|00.04|-00.40|01.12|00.06
歌尔股份|002241.SZ|20250627|23.44|23.7|22.89|23.29|00.00|01.76|00.64|-01.31|00.97|00.72
四维图新|002405.SZ|20250627|8.48|8.5|8.36|8.36|-00.83|00.83|00.59|-00.82|00.12|-00.47
海康威视|002415.SZ|20250627|27.24|27.49|27.21|27.29|00.18|00.92|00.00|-00.80|00.62|-00.04
中粮资本|002423.SZ|20250627|12.16|12.71|12.14|12.18|00.25|04.61|00.08|-01.38|00.57|-00.57
兆驰股份|002429.SZ|20250627|4.3|4.42|4.29|4.38|01.86|02.79|00.00|-00.92|00.23|-00.23
晶澳科技|002459.SZ|20250627|9.56|10.01|9.54|9.73|02.21|05.15|00.42|-01.86|01.24|-00.31
山西证券|002500.SZ|20250627|5.84|6.01|5.83|5.83|00.00|03.09|00.17|-00.51|00.68|00.51
科士达|002518.SZ|20250627|22.15|22.6|22.06|22.37|00.99|02.03|00.00|-01.34|00.27|-00.36
领益智造|002600.SZ|20250627|8.51|8.58|8.39|8.5|01.67|02.63|01.79|-01.88|01.06|00.59
以岭药业|002603.SZ|20250627|13.78|13.87|13.76|13.77|-00.15|00.58|-00.07|-00.86|00.00|-00.07
西部证券|002673.SZ|20250627|7.76|7.95|7.73|7.74|00.00|02.71|00.26|-00.77|00.64|00.26
国信证券|002736.SZ|20250627|11.66|12.12|11.59|11.63|00.35|04.57|00.60|-02.19|01.35|00.76
中矿资源|002738.SZ|20250627|32.03|32.6|31.72|31.74|01.24|03.99|02.17|-00.54|02.44|00.06
第一创业|002797.SZ|20250627|7.1|7.38|7.08|7.14|00.99|04.38|00.42|-01.12|00.14|00.14
麦格米特|002851.SZ|20250627|48.51|51.92|47.54|50.52|04.10|06.99|-00.04|-01.22|01.67|01.08
华西证券|002926.SZ|20250627|8.81|9.59|8.79|9.02|02.73|09.23|00.34|-00.90|00.68|00.00
长城证券|002939.SZ|20250627|8.38|8.56|8.31|8.34|-00.36|02.27|00.12|-00.83|00.36|00.12
华林证券|002945.SZ|20250627|14.46|14.83|14.39|14.42|-00.28|02.56|00.00|-01.50|00.89|00.68
包钢股份|600010.SH|20250627|1.78|1.82|1.77|1.77|00.00|02.82|00.56|-01.12|00.56|00.00
中信证券|600030.SH|20250627|27.4|28.2|27.25|27.33|00.04|03.22|00.29|-01.66|00.11|-00.18
中国联通|600050.SH|20250627|5.21|5.26|5.2|5.21|00.39|01.35|00.39|-00.38|00.38|00.00
国投资本|600061.SH|20250627|7.45|7.63|7.41|7.42|-00.67|02.14|-00.27|-00.53|00.40|-00.13
特变电工|600089.SH|20250627|11.5|11.7|11.48|11.64|01.31|01.83|00.09|-00.26|00.17|00.00
国金证券|600109.SH|20250627|8.71|8.92|8.65|8.66|-00.46|02.53|00.11|-00.80|01.25|00.80
北方稀土|600111.SH|20250627|24.33|24.7|24.31|24.4|00.49|01.73|00.21|-01.46|-00.04|-00.04
浙江东方|600120.SH|20250627|6.07|6.2|6.05|6.08|00.00|01.97|-00.16|-00.65|00.98|00.16
金发科技|600143.SH|20250627|10.3|10.35|10.24|10.27|-00.10|00.68|00.19|-00.87|00.96|00.19
福田汽车|600166.SH|20250627|2.7|2.72|2.68|2.7|00.37|01.12|00.37|-01.10|00.00|-00.37
上海贝岭|600171.SH|20250627|33.85|33.95|33.34|33.55|00.27|01.46|01.17|-01.44|00.74|-01.03
安迪苏|600299.SH|20250627|9.62|9.75|9.62|9.69|00.62|01.25|-00.10|-00.10|00.83|00.41
西南证券|600369.SH|20250627|4.32|4.48|4.32|4.35|00.46|03.46|-00.23|-00.92|00.69|00.23
五矿资本|600390.SH|20250627|5.77|6.22|5.76|5.93|02.77|07.80|00.00|-01.54|01.19|00.51
小商品城|600415.SH|20250627|21.65|21.88|19.56|19.58|-09.89|00.69|-00.37|-00.82|00.78|00.00
士兰微|600460.SH|20250627|24.7|24.91|24.53|24.7|00.45|01.30|00.45|-00.85|00.56|00.08
烽火通信|600498.SH|20250627|20.65|20.82|20.42|20.64|00.39|01.26|00.44|-00.87|00.68|00.24
厦门钨业|600549.SH|20250627|20.82|20.87|20.59|20.63|-00.29|00.87|00.63|-00.86|00.53|00.10
三安光电|600703.SH|20250627|12.21|12.24|12.13|12.17|00.33|00.91|00.66|-00.82|00.49|00.25
闻泰科技|600745.SH|20250627|33.39|33.63|33.05|33.24|00.33|01.51|00.78|-01.66|00.18|00.09
四川长虹|600839.SH|20250627|9.57|9.68|9.49|9.61|00.42|01.15|00.00|-00.52|00.62|00.31
宝信软件|600845.SH|20250627|23.52|23.73|23.39|23.4|-00.51|00.89|00.00|-00.59|00.85|00.04
电科芯片|600877.SH|20250627|12.25|12.35|12.25|12.26|00.57|01.31|00.49|-00.41|00.49|-00.25
华安证券|600909.SH|20250627|5.83|6.04|5.82|5.83|00.00|03.60|00.00|-00.85|01.02|00.00
中泰证券|600918.SH|20250627|6.43|6.61|6.42|6.43|00.00|02.80|00.00|-01.38|00.15|00.00
东方证券|600958.SH|20250627|9.7|9.86|9.6|9.62|-00.52|01.96|00.31|-00.62|00.31|00.00
招商证券|600999.SH|20250627|17.21|17.75|17.18|17.25|00.23|03.14|00.00|-00.46|00.93|00.64
隆基绿能|601012.SH|20250627|14.48|14.88|14.48|14.57|00.69|02.83|00.07|-01.16|01.02|-00.34
中信建投|601066.SH|20250627|24.07|24.61|23.82|23.89|-00.46|02.54|00.29|-01.56|00.37|00.33
太平洋|601099.SH|20250627|3.97|4.19|3.96|4.02|01.01|05.28|-00.25|-00.25|01.50|00.75
财通证券|601108.SH|20250627|7.74|8.04|7.73|7.77|00.39|03.88|00.00|-01.02|00.64|00.51
四方股份|601126.SH|20250627|16.18|16.27|16.09|16.11|-00.06|00.93|00.37|-01.04|00.18|00.06
首创证券|601136.SH|20250627|19.8|20.28|19.69|19.71|-00.45|02.42|00.00|-01.44|00.00|00.00
东兴证券|601198.SH|20250627|11.06|11.31|10.99|11.01|-00.36|02.35|00.09|-01.60|-00.09|-00.09
东材科技|601208.SH|20250627|9.38|9.49|9.33|9.35|-00.11|01.39|00.21|-01.06|01.27|-00.32
环旭电子|601231.SH|20250627|14.42|14.73|14.29|14.49|00.76|02.43|00.28|-01.03|00.55|00.21
桐昆股份|601233.SH|20250627|10.54|10.59|10.5|10.53|00.00|00.57|00.09|-01.22|00.19|00.09
中国平安|601318.SH|20250627|55.03|55.56|54.1|54.44|-01.07|00.96|00.00|-00.52|00.34|-00.16
兴业证券|601377.SH|20250627|6.14|6.31|6.12|6.13|-00.33|02.60|-00.16|-01.76|00.16|00.00
国机重装|601399.SH|20250627|2.95|3|2.95|2.96|00.34|01.69|00.00|-00.67|00.67|00.00
国联民生|601456.SH|20250627|10.36|10.69|10.35|10.37|-00.10|02.99|-00.19|-01.89|00.00|00.00
中国太保|601601.SH|20250627|36.58|37.16|35.8|35.9|-01.81|01.64|00.05|-01.06|00.00|00.00
中国中冶|601618.SH|20250627|2.9|2.94|2.89|2.92|00.69|01.38|00.00|-00.34|00.34|00.00
长城汽车|601633.SH|20250627|20.89|21.06|20.84|20.89|00.00|00.81|00.00|-01.32|00.00|00.00
华泰证券|601688.SH|20250627|17.49|18.02|17.42|17.48|-00.06|03.03|00.00|-00.34|00.91|00.40
光大证券|601788.SH|20250627|18.06|18.41|17.81|17.85|-01.00|02.11|00.17|-00.39|02.71|00.00
浙商证券|601878.SH|20250627|10.89|11.12|10.82|10.85|-00.09|02.39|00.28|-01.36|00.18|00.00
中国银河|601881.SH|20250627|16.95|17.32|16.76|16.81|-00.59|02.42|00.24|-01.91|-00.35|-00.35
方正证券|601901.SH|20250627|7.87|8.01|7.81|7.82|-00.26|02.17|00.38|-01.38|00.25|00.13
南京证券|601990.SH|20250627|8.04|8.19|7.99|8|-00.37|01.99|00.12|-01.47|00.00|00.00
中金公司|601995.SH|20250627|35.42|36.04|35.08|35.33|00.08|02.10|00.34|-01.53|-00.06|-00.06
昭衍新药|603127.SH|20250627|18.8|19.64|18.8|19.1|00.74|03.59|-00.84|-02.52|-00.87|-01.23
汇顶科技|603160.SH|20250627|69.97|70.99|69.63|70.87|01.65|01.82|00.36|-00.94|00.40|00.01
税友股份|603171.SH|20250627|42.56|43.38|41.36|42.3|-00.98|01.54|-00.37|-00.88|01.11|-00.37
淳中科技|603516.SH|20250627|35.25|36.24|34.6|35.41|01.11|03.48|00.66|-00.65|01.30|00.23
珀莱雅|603605.SH|20250627|81.57|82.56|81.3|81.97|00.49|01.21|00.00|-01.45|-00.01|-00.01
兆易创新|603986.SH|20250627|123.95|127.14|121.96|125.99|02.51|03.45|00.85|-01.80|00.12|-00.24
立昂微|605358.SH|20250627|23.16|23.28|23.04|23.1|00.61|01.39|00.87|-01.20|00.04|00.00
