平安银行|000001.SZ|20250509|10.51|10.6|10.5|10.58|00.57|00.76|-00.19|-00.10|-00.51|-01.23
航天发展|000547.SZ|20250509|7.52|7.56|7.33|7.4|-01.33|00.80|-02.27|00.27|-02.43|-05.59
航发控制|000738.SZ|20250509|19.37|19.38|18.82|18.91|-02.43|00.00|-02.89|-00.05|-02.16|-05.06
中航西飞|000768.SZ|20250509|24.75|24.76|24.08|24.12|-02.55|00.04|-02.71|00.00|-00.52|-02.47
中国卫星|600118.SH|20250509|27.1|27.29|26.7|26.7|-01.91|00.26|-01.91|-00.44|-01.55|-03.48
洪都航空|600316.SH|20250509|37.98|37.98|36.02|36.25|-04.18|00.40|-04.78|00.40|-01.82|-05.05
航天动力|600343.SH|20250509|11.85|11.91|11.48|11.69|-01.02|00.85|-02.79|00.34|-01.99|-04.68
济川药业|600566.SH|20250509|24.96|25.09|24.84|24.96|00.04|00.56|-00.44|00.04|-00.56|-01.64
中航高科|600862.SH|20250509|24.06|24.1|23.31|23.46|-01.59|01.09|-02.22|00.92|-00.83|-02.54
内蒙一机|600967.SH|20250509|12.74|12.76|12.18|12.28|-03.61|00.16|-04.40|00.00|-00.74|-03.36
广州港|601228.SH|20250509|3.17|3.19|3.16|3.18|00.32|00.63|-00.32|00.00|-00.46|-01.46
