铜陵有色|000630.SZ|20251009|5.66|5.84|5.63|5.84|09.98|09.98|06.03|06.59|-05.92|-13.44
云铝股份|000807.SZ|20251009|21.01|21.41|20.38|21.34|05.02|05.36|00.30|03.40|-01.84|-04.89
电投绿能|000875.SZ|20251009|6.28|6.51|6.2|6.32|01.94|05.00|00.00|01.29|-01.79|-04.60
横店东磁|002056.SZ|20251009|20.49|20.82|20.16|20.75|01.27|01.61|-01.61|00.00|-01.92|-05.95
滨江集团|002244.SZ|20251009|12.39|12.53|11.84|12.38|-01.35|-00.16|-05.66|-01.27|-00.49|-03.12
天赐材料|002709.SZ|20251009|38.81|39.78|37.75|38.75|01.63|04.33|-01.00|01.78|-03.01|-08.64
中矿资源|002738.SZ|20251009|51.37|54.44|50.16|53.62|08.32|09.98|01.33|03.78|-05.60|-12.25
三一重工|600031.SH|20251009|22.7|22.97|22.2|22.93|00.00|00.17|-03.18|-01.00|-01.26|-03.41
巨化股份|600160.SH|20251009|40.82|41.76|39.95|41.35|03.82|04.85|00.30|02.49|-02.46|-05.68
华新建材|600801.SH|20251009|18.32|18.41|17.41|18.1|-00.66|01.04|-04.45|00.55|-00.70|-03.22
中国铝业|601600.SH|20251009|8.38|8.57|8.21|8.56|05.29|05.41|00.98|03.08|-02.35|-05.49
明泰铝业|601677.SH|20251009|14.6|14.87|14.48|14.8|03.42|03.91|01.19|02.03|-01.87|-04.37
高能环境|603588.SH|20251009|7.34|7.88|7.34|7.88|10.06|10.06|02.51|02.51|-01.70|-04.07
