燕京啤酒|000729.SZ|20250702|12.71|12.74|12.53|12.55|-01.41|00.08|-01.57|-00.16|-00.80|-02.36
中航西飞|000768.SZ|20250702|27.37|27.43|26.79|26.85|-02.61|-00.51|-02.83|-00.73|-00.85|-02.88
横店东磁|002056.SZ|20250702|13.89|14.04|13.78|13.98|00.65|01.08|-00.79|00.00|-00.59|-01.73
云南锗业|002428.SZ|20250702|20.26|20.29|19.91|20.01|-01.38|00.00|-01.87|-00.15|-01.25|-03.77
大金重工|002487.SZ|20250702|33.86|34.15|32.41|33.37|00.48|02.83|-02.41|01.96|-02.41|-05.52
凯莱英|002821.SZ|20250702|89.15|90.28|87.37|88.43|-01.24|00.83|-02.42|-00.44|-01.47|-04.32
南钢股份|600282.SH|20250702|4.19|4.34|4.17|4.31|02.86|03.58|-00.48|00.00|-01.74|-04.22
先导基电|600641.SH|20250702|13.9|13.92|13.7|13.8|-00.86|00.00|-01.58|-00.14|-00.53|-02.14
明阳智能|601615.SH|20250702|11.67|11.67|11|11.03|-02.30|03.37|-02.57|03.37|-00.40|-02.17
福莱特|601865.SH|20250702|15.61|16.91|15.47|16.91|10.02|10.02|00.65|01.56|-01.32|-03.74
药明康德|603259.SH|20250702|70.75|71.15|69.74|69.97|-00.71|00.96|-01.04|00.40|-02.25|-05.53
福斯特|603806.SH|20250702|13.06|13.42|12.96|13.4|03.24|03.39|-00.15|00.62|-00.25|-01.44
