中金岭南|000060.SZ|20251013|5.72|6.11|5.72|6.11|03.21|03.21|-03.38|-02.31|-00.17|-01.82
川能动力|000155.SZ|20251013|10.2|10.56|10.18|10.55|00.09|00.19|-03.23|-01.95|-00.19|-00.19
中国稀土|000831.SZ|20251013|57.62|60.14|55.3|60.14|10.01|10.01|05.40|-03.94|01.49|01.49
岩山科技|002195.SZ|20251013|7.23|7.58|7.23|7.54|-02.84|-02.32|-06.83|-03.96|-00.99|-00.99
格林美|002340.SZ|20251013|8.11|9.1|8.11|9.09|07.32|07.44|-04.25|-05.36|-01.23|-01.23
广联达|002410.SZ|20251013|13.89|14.73|13.83|14.37|00.77|03.30|-02.59|-01.11|00.07|00.00
高德红外|002414.SZ|20251013|12.08|12.74|12.08|12.63|00.00|00.87|-04.35|-01.64|00.86|00.47
厦门钨业|600549.SH|20251013|30.08|33.3|30.08|33.29|07.77|07.80|-02.62|-04.13|-00.50|-00.50
金钼股份|601958.SH|20251013|15.12|15.97|15.1|15.94|01.72|01.91|-03.51|-04.16|-01.16|-01.16
人民网|603000.SH|20251013|19.4|19.56|19.3|19.47|-01.42|-00.96|-01.77|-00.95|-00.45|-00.55
中科软|603927.SH|20251013|20.38|21.49|20.28|21.2|02.02|03.42|-01.92|-02.17|-00.28|-00.28
