中国长城|000066.SZ|20251230|14.28|14.44|14.28|14.29|-00.56|00.49|-00.63|-00.63|00.80|00.71
申万宏源|000166.SZ|20251230|5.28|5.32|5.27|5.28|-00.38|00.38|-00.57|-00.38|00.53|00.53
长江证券|000783.SZ|20251230|8.15|8.25|8.13|8.19|00.12|00.86|-00.61|-00.37|01.03|01.16
安泰科技|000969.SZ|20251230|20.61|21.38|20.61|20.69|01.82|05.22|01.43|01.43|02.13|02.62
华峰化学|002064.SZ|20251230|10.85|11.29|10.8|11.07|00.64|02.64|-01.82|-01.36|00.53|-00.51
海康威视|002415.SZ|20251230|29.51|29.94|29.46|29.85|00.84|01.15|-00.47|-00.30|00.58|00.62
杭氧股份|002430.SZ|20251230|30.56|30.67|29.87|30.01|-02.18|-00.03|-02.64|-00.39|00.95|01.07
豪迈科技|002595.SZ|20251230|83.9|85.4|83.4|84.75|00.94|01.72|-00.67|-00.07|00.94|01.09
西部证券|002673.SZ|20251230|7.97|8.01|7.92|7.96|-00.50|00.12|-01.00|-00.38|00.89|01.10
第一创业|002797.SZ|20251230|6.94|7|6.93|6.95|00.00|00.72|-00.29|-00.14|00.66|00.72
中信证券|600030.SH|20251230|28.86|29.02|28.75|28.83|-00.38|00.28|-00.66|-00.28|00.69|00.76
国金证券|600109.SH|20251230|9.32|9.41|9.3|9.36|00.32|00.86|-00.32|-00.11|00.48|00.39
恒力石化|600346.SH|20251230|20.92|22.8|20.9|22.43|06.81|08.57|-00.48|-00.38|00.70|00.04
中国软件|600536.SH|20251230|45.92|46.18|45.51|45.55|-00.83|00.54|-00.91|-00.02|00.20|-00.27
北大荒|600598.SH|20251230|14.92|15.22|14.91|15.09|00.60|01.47|-00.60|-00.53|00.82|00.92
爱旭股份|600732.SH|20251230|13.61|13.95|13.4|13.42|-01.97|01.90|-02.12|-00.58|00.14|-00.76
上海机电|600835.SH|20251230|28.93|30.29|28.45|30.03|03.80|04.70|-01.66|00.00|-00.39|-02.07
宝信软件|600845.SH|20251230|20.45|20.63|20.42|20.43|-00.44|00.54|-00.49|-00.34|00.85|00.73
东方证券|600958.SH|20251230|10.88|10.96|10.81|10.86|-00.73|00.18|-01.19|-00.55|00.69|00.24
隆基绿能|601012.SH|20251230|18.55|18.75|18.4|18.44|-01.39|00.27|-01.60|-00.80|01.48|01.45
太平洋|601099.SH|20251230|4.14|4.17|4.12|4.13|-00.48|00.48|-00.72|-00.24|00.76|00.80
中国核建|601611.SH|20251230|13.02|13.28|12.94|12.96|-01.82|00.61|-01.97|-01.36|02.60|03.53
光大证券|601788.SH|20251230|17.71|17.88|17.64|17.66|-00.73|00.51|-00.84|-00.45|00.62|00.11
中国银河|601881.SH|20251230|15.89|15.96|15.78|15.82|-00.63|00.25|-00.88|-00.19|00.61|00.66
方正证券|601901.SH|20251230|7.82|7.87|7.8|7.82|-00.13|00.51|-00.38|-00.13|00.46|00.52
南京证券|601990.SH|20251230|8.01|8.06|7.99|8.02|-00.12|00.37|-00.50|-00.25|00.28|00.07
人民网|603000.SH|20251230|18.78|18.95|18.76|18.88|00.37|00.74|-00.27|-00.16|00.44|00.55
合盛硅业|603260.SH|20251230|52.85|54.37|52.61|53.68|00.36|01.65|-01.65|-01.20|01.87|02.51
