徐工机械|000425.SZ|20250311|9.27|9.44|9.17|9.34|00.00|01.07|-01.82|-00.75|00.02|-01.84
泸州老窖|000568.SZ|20250311|124.77|130.48|123.96|130.32|03.57|03.70|-01.49|-00.84|-01.50|-03.57
航发控制|000738.SZ|20250311|20.12|20.81|20.04|20.78|02.16|02.31|-01.47|-01.08|-00.89|-03.54
鲁西化工|000830.SZ|20250311|11.41|11.72|11.32|11.7|02.45|02.63|-00.88|-00.09|-00.63|-01.79
神火股份|000933.SZ|20250311|19.72|19.89|19.4|19.83|-01.29|-01.00|-03.43|-01.84|-02.57|-06.40
锡业股份|000960.SZ|20250311|14.85|15.3|14.79|15.27|01.87|02.07|-01.33|-00.93|-01.78|-04.31
航天电器|002025.SZ|20250311|57.25|60.21|56.39|60.16|04.59|04.68|-01.96|-00.47|-00.55|-04.47
中航重机|600765.SH|20250311|18.14|18.6|18.07|18.4|00.33|01.42|-01.47|-01.09|-01.11|-03.55
山西汾酒|600809.SH|20250311|200.66|212.55|199.67|212.55|05.33|05.33|-01.05|-00.56|-01.16|-02.84
迎驾贡酒|603198.SH|20250311|56.48|58.67|56.19|58.44|02.40|02.80|-01.54|-01.03|-03.09|-06.48
