中国长城|000066.SZ|20250212|15.21|15.84|15.21|15.64|01.82|03.13|-00.98|-04.30|00.31|00.31
太阳能|000591.SZ|20250212|4.51|4.54|4.47|4.53|00.22|00.44|-00.22|-01.09|00.44|00.44
首钢股份|000959.SZ|20250212|3.04|3.06|2.99|3.03|-00.66|00.33|-00.33|-01.29|00.32|00.32
东华软件|002065.SZ|20250212|8.61|8.9|8.6|8.78|01.50|02.89|-00.46|-05.46|-02.51|-02.73
广电运通|002152.SZ|20250212|12.08|12.32|12.05|12.29|01.57|01.82|-00.17|-01.87|-00.49|-01.05
滨江集团|002244.SZ|20250212|9.15|9.37|9|9.37|02.63|02.63|00.22|-00.11|01.64|00.88
兴森科技|002436.SZ|20250212|11.65|11.85|11.57|11.74|00.60|01.54|-00.17|-02.26|-00.75|-01.34
珠江啤酒|002461.SZ|20250212|9.02|9.1|8.99|9.07|-00.11|00.22|-00.66|-00.33|01.21|00.33
以岭药业|002603.SZ|20250212|14.35|14.43|14.23|14.37|-00.07|00.35|-00.21|-01.78|00.07|00.00
南网能源|003035.SZ|20250212|4.27|4.29|4.24|4.29|00.70|00.70|00.23|-00.70|00.47|00.00
中国医药|600056.SH|20250212|10.77|10.8|10.66|10.77|-00.09|00.19|-00.09|-01.46|-00.18|-00.18
国网信通|600131.SH|20250212|19.01|19.55|18.99|19.47|02.26|02.68|-00.16|-02.61|-00.66|-00.66
航天信息|600271.SH|20250212|9.4|9.61|9.38|9.59|01.48|01.69|-00.53|-00.21|00.53|00.32
绿地控股|600606.SH|20250212|1.91|1.98|1.88|1.98|03.66|03.66|00.00|-02.55|01.02|00.51
陆家嘴|600663.SH|20250212|8.99|9.16|8.92|9.15|01.78|01.89|00.00|-00.66|00.66|00.66
均胜电子|600699.SH|20250212|18.88|19.3|18.76|19.1|00.37|01.42|-00.79|-01.70|00.21|-00.36
通策医疗|600763.SH|20250212|42.53|43.82|42.36|43.23|01.69|03.08|00.05|-02.77|00.02|00.02
四川长虹|600839.SH|20250212|10.83|11.99|10.82|11.71|06.07|08.61|-01.90|-04.08|03.74|02.69
晋控煤业|601001.SH|20250212|12.09|12.15|11.92|11.96|-01.24|00.33|-00.17|-00.98|01.14|-00.16
永辉超市|601933.SH|20250212|5.34|5.56|5.33|5.56|02.96|02.96|-01.11|-03.05|00.90|00.54
大参林|603233.SH|20250212|13.87|13.94|13.76|13.91|00.22|00.43|-00.07|-01.77|-00.42|-01.06
安图生物|603658.SH|20250212|39.73|39.82|39.15|39.4|-01.03|00.03|-00.20|-01.53|00.27|-00.10
