万向钱潮|000559.SZ|20250211|6.21|6.24|6.15|6.2|-00.32|00.32|-00.16|-00.64|00.64|-00.48
北方铜业|000737.SZ|20250211|9.44|10.33|9.39|9.81|04.47|10.01|00.53|-01.26|02.21|00.32
三花智控|002050.SZ|20250211|33.47|34.77|33.23|33.59|-00.68|02.81|-01.03|-03.34|-00.63|-01.26
通富微电|002156.SZ|20250211|29.93|29.95|29.16|29.38|-02.33|-00.43|-00.50|-00.76|00.63|00.10
航天彩虹|002389.SZ|20250211|17.98|18.37|17.76|18.15|00.89|02.11|-00.06|-00.06|00.56|00.44
兆驰股份|002429.SZ|20250211|5.44|5.45|5.32|5.35|-01.47|00.37|00.18|-00.73|00.91|00.55
领益智造|002600.SZ|20250211|9.72|9.9|9.66|9.75|-00.10|01.43|-00.41|-03.56|00.59|00.30
德赛西威|002920.SZ|20250211|128.39|130.4|122.86|125.05|-02.63|01.53|-00.03|-02.68|00.07|00.00
特变电工|600089.SH|20250211|12.07|12.11|11.94|11.97|-00.99|00.17|-00.17|-00.58|-00.08|-00.08
联创光电|600363.SH|20250211|50.7|50.98|49.32|49.95|-01.48|00.55|00.00|-00.98|01.05|00.70
驰宏锌锗|600497.SH|20250211|5.52|5.54|5.48|5.52|00.18|00.54|00.18|-00.36|00.36|00.18
国睿科技|600562.SH|20250211|19.81|19.88|19.32|19.43|-01.92|00.35|00.00|-00.80|01.30|00.50
闻泰科技|600745.SH|20250211|35.99|36.05|35.3|35.62|-01.06|00.14|-00.03|-00.11|00.39|00.03
明阳智能|601615.SH|20250211|10.67|10.71|10.3|10.41|-02.35|00.47|00.09|-01.84|00.37|00.37
南京证券|601990.SH|20250211|8.5|8.52|8.37|8.46|-00.47|00.24|00.00|-00.35|00.47|00.00
科沃斯|603486.SH|20250211|49.58|50.08|48.77|49.33|00.55|02.08|01.06|-01.33|00.72|00.72
科博达|603786.SH|20250211|70.15|71.14|68.81|70.65|-00.06|00.64|-00.76|-00.14|00.13|-00.10
华友钴业|603799.SH|20250211|29.75|29.83|29.33|29.47|-01.31|-00.10|-00.37|-01.06|00.23|00.10
