中兵红箭|000519.SZ|20250808|22.19|22.76|21.94|22.02|-01.34|01.97|-00.58|-03.33|00.13|00.04
美锦能源|000723.SZ|20250808|4.6|4.63|4.56|4.6|-00.22|00.43|-00.22|-00.65|00.00|-00.43
云南铜业|000878.SZ|20250808|13.35|13.63|13.35|13.58|01.12|01.49|-00.60|-00.74|00.22|-00.22
海格通信|002465.SZ|20250808|13.96|14.25|13.92|14.03|00.65|02.22|00.14|-00.64|00.21|-00.43
双环传动|002472.SZ|20250808|35.63|35.64|34.76|34.9|-02.62|-00.56|-00.59|-00.99|00.06|00.03
国盛证券|002670.SZ|20250808|15.21|15.29|15.03|15.05|-01.51|00.07|-00.46|-00.65|00.72|00.13
广东宏大|002683.SZ|20250808|36.89|37.87|36.61|37.58|01.49|02.27|-00.38|-02.24|-00.55|-00.61
康弘药业|002773.SZ|20250808|41.66|42.49|40.98|42.28|00.05|00.54|-01.42|-07.00|01.19|-02.07
科达利|002850.SZ|20250808|114.32|114.79|112.91|112.97|-01.20|00.39|-00.02|-02.01|01.73|00.00
中船防务|600685.SH|20250808|29.75|30.41|29.61|29.7|-00.44|01.94|-00.27|-02.23|00.92|00.46
中信重工|601608.SH|20250808|4.89|5.41|4.89|5.26|06.91|09.96|-00.61|-01.80|00.60|00.60
平煤股份|601666.SH|20250808|8.29|8.32|8.21|8.27|-00.36|00.24|-00.12|-01.66|-00.47|-00.95
伯特利|603596.SH|20250808|50.2|50.53|49.43|49.46|-01.77|00.36|-00.30|-01.26|00.02|-00.25
科博达|603786.SH|20250808|52.71|52.89|52.11|52.4|-00.59|00.34|00.00|-01.07|00.39|00.08
