申万宏源|000166.SZ|20250116|5.05|5.07|4.95|4.99|-00.60|01.00|-01.39|00.60|-01.09|-02.89
万泽股份|000534.SZ|20250116|14.75|15.35|14.36|14.48|-00.75|05.21|-01.58|01.10|-01.90|-05.40
TCL中环|002129.SZ|20250116|8.75|9.1|8.75|9.03|02.73|03.53|-00.46|-00.46|-00.69|-03.37
东方雨虹|002271.SZ|20250116|11.05|11.2|10.93|11.1|00.73|01.63|-00.82|00.27|-00.40|-02.16
圣农发展|002299.SZ|20250116|13.81|14.12|13.77|13.91|00.65|02.17|-00.36|-00.07|-01.65|-04.17
久立特材|002318.SZ|20250116|23.03|23.13|22.7|22.92|00.09|01.00|-00.87|00.57|-01.26|-03.41
顺丰控股|002352.SZ|20250116|39.89|39.99|38.59|38.61|-02.94|00.53|-02.99|00.28|-00.88|-02.39
卫星化学|002648.SZ|20250116|19.64|19.79|19.39|19.6|00.20|01.18|-00.87|00.41|-01.72|-04.49
上海机场|600009.SH|20250116|32.87|33.14|32.53|32.67|-00.43|01.01|-00.85|00.18|-00.69|-01.97
先导基电|600641.SH|20250116|16.07|16.28|15.53|15.77|-01.68|01.50|-03.18|00.19|-03.17|-07.83
中国电影|600977.SH|20250116|10.71|10.99|10.67|10.75|00.28|02.52|-00.47|-00.09|-00.96|-02.66
兴业证券|601377.SH|20250116|5.82|5.89|5.77|5.82|00.34|01.55|-00.52|00.34|-00.69|-02.08
东吴证券|601555.SH|20250116|7.21|7.35|7.12|7.2|00.14|02.23|-00.97|00.28|-00.60|-01.88
