申万宏源|000166.SZ|20251029|5.45|5.55|5.44|5.55|01.65|01.65|-00.18|-01.09|00.18|-00.18
许继电气|000400.SZ|20251029|25.77|26.97|25.64|26.84|04.68|05.19|00.51|-03.39|-01.66|-01.92
中信特钢|000708.SZ|20251029|14.49|14.59|14.29|14.51|-00.27|00.27|-00.41|-01.82|00.67|00.00
北方铜业|000737.SZ|20251029|15.96|16.7|15.9|16.63|06.13|06.57|01.85|-03.87|00.00|-01.60
广发证券|000776.SZ|20251029|22.9|24.1|22.88|23.92|04.09|04.87|-00.35|-01.84|-00.30|-01.11
长江证券|000783.SZ|20251029|8.44|8.89|8.43|8.81|04.38|05.33|00.00|-01.86|-00.12|-00.58
云南铜业|000878.SZ|20251029|17.75|18.62|17.75|18.51|05.23|05.86|00.91|-05.63|-01.66|-01.82
锡业股份|000960.SZ|20251029|23.29|24.59|23.29|24.47|05.84|06.36|00.74|-04.62|-00.99|-00.99
大中矿业|001203.SZ|20251029|15.52|16.12|15.5|16.12|10.03|10.03|05.94|-02.59|00.60|-00.27
顺络电子|002138.SZ|20251029|41.31|42.38|40.36|40.65|-01.93|02.24|-00.34|-01.31|01.95|-00.43
大华股份|002236.SZ|20251029|20.95|21.03|20.69|20.97|00.10|00.38|00.00|-01.64|00.23|00.23
长城证券|002939.SZ|20251029|11.36|11.63|11.3|11.48|00.61|01.93|-00.44|-03.88|-02.27|-03.12
湘财股份|600095.SH|20251029|12.58|13.04|12.58|12.91|01.65|02.68|-00.94|-03.20|-01.52|-02.82
国金证券|600109.SH|20251029|10.17|10.46|10.14|10.46|03.05|03.05|00.20|-01.46|00.00|-00.19
江西铜业|600362.SH|20251029|39.22|42.65|39.22|42.48|09.57|10.01|01.16|-05.62|-01.24|-01.27
亨通光电|600487.SH|20251029|21.68|22.74|21.6|22.48|04.46|05.67|00.74|-01.69|00.87|00.55
华域汽车|600741.SH|20251029|19.66|19.92|19.57|19.91|01.12|01.17|-00.15|-00.91|00.25|00.15
四川长虹|600839.SH|20251029|10.23|10.26|10.16|10.25|00.29|00.39|00.10|-01.64|-00.58|-00.77
华安证券|600909.SH|20251029|6.52|6.97|6.51|6.85|08.21|10.11|03.00|-01.56|-00.16|-00.31
东方证券|600958.SH|20251029|11.22|11.74|11.22|11.65|03.65|04.45|-00.18|-00.35|00.35|00.09
招商证券|600999.SH|20251029|17.34|17.74|17.3|17.66|01.79|02.25|-00.06|-00.34|00.17|-00.11
中信建投|601066.SH|20251029|26.76|27.19|26.71|27.13|01.42|01.64|00.04|-00.41|00.48|-00.19
西部矿业|601168.SH|20251029|24.26|24.9|24.21|24.8|03.12|03.53|00.87|-03.30|-00.08|-00.88
东吴证券|601555.SH|20251029|9.7|10|9.68|9.99|03.20|03.31|00.21|-01.02|00.10|-00.20
华泰证券|601688.SH|20251029|21.99|22.86|21.96|22.81|03.54|03.77|-00.18|-01.21|00.00|-00.67
南京证券|601990.SH|20251029|8.5|8.62|8.48|8.61|01.29|01.41|00.00|-00.23|00.35|00.12
杭叉集团|603298.SH|20251029|28.5|30.3|28.44|30.11|06.02|06.69|00.35|-00.35|00.70|00.00
浙江鼎力|603338.SH|20251029|51.15|53.31|51.15|52.47|02.38|04.02|-00.20|-01.44|-00.23|-00.96
百傲化学|603360.SH|20251029|28.94|29.38|28.33|29.22|01.46|02.01|00.49|-01.23|00.82|-00.21
