川能动力|000155.SZ|20250318|11.02|11.05|10.95|11|00.09|00.55|-00.36|00.27|-00.46|-01.37
博源化工|000683.SZ|20250318|5.44|5.48|5.38|5.45|00.37|00.92|-00.92|00.18|00.24|-00.18
海信家电|000921.SZ|20250318|28.64|29.07|28.26|28.75|00.42|01.54|-01.29|00.03|-01.77|-04.59
大金重工|002487.SZ|20250318|22.48|22.86|22.36|22.6|00.44|01.60|-00.62|-00.09|-00.48|-02.46
浦发银行|600000.SH|20250318|10.32|10.41|10.21|10.33|00.39|01.17|-00.78|00.29|-01.61|-03.77
华夏银行|600015.SH|20250318|7.31|7.32|7.21|7.23|-00.96|00.27|-01.23|00.14|-01.55|-03.98
万华化学|600309.SH|20250318|68.69|68.69|67.28|67.7|-03.11|-01.69|-03.71|-01.69|-00.97|-03.15
中国人保|601319.SH|20250318|6.98|7|6.89|6.95|00.43|01.16|-00.43|00.87|-01.49|-03.65
交通银行|601328.SH|20250318|6.91|6.93|6.87|6.88|-00.15|00.58|-00.29|00.29|-00.17|-01.06
中国交建|601800.SH|20250318|9.26|9.31|9.2|9.22|-00.65|00.32|-00.86|-00.22|-00.49|-01.55
重庆银行|601963.SH|20250318|8.4|8.52|8.38|8.5|00.95|01.19|-00.48|-00.24|-00.46|-01.26
移远通信|603236.SH|20250318|87.03|92.95|86.09|89.48|02.95|06.94|-00.95|00.13|-01.01|-03.96
