国海证券|000750.SZ|20250815|4.29|4.59|4.28|4.5|04.65|06.74|-00.23|-01.15|00.92|00.00
长江证券|000783.SZ|20250815|7.83|8.2|7.82|8.13|03.57|04.46|-00.25|-00.88|01.64|00.38
拓维信息|002261.SZ|20250815|31.5|32.56|31.5|32.27|01.48|02.39|-00.94|-01.46|02.26|-00.84
光迅科技|002281.SZ|20250815|51.91|53.14|51.82|52.28|00.71|02.37|00.00|-02.06|00.23|-00.60
雅克科技|002409.SZ|20250815|56.26|59.14|56.22|59.07|04.99|05.12|00.00|-01.51|02.08|00.81
第一创业|002797.SZ|20250815|7.51|7.94|7.5|7.87|04.38|05.31|-00.40|-01.18|01.18|00.00
华创云信|600155.SH|20250815|7.49|7.84|7.47|7.78|03.46|04.26|-00.40|-01.18|00.92|00.13
五矿资本|600390.SH|20250815|6.04|6.29|6.01|6.29|03.62|03.62|-00.49|-00.98|01.14|00.00
烽火通信|600498.SH|20250815|24.69|25.25|24.69|24.87|00.16|01.69|-00.56|-02.44|01.06|00.90
中国软件|600536.SH|20250815|47.72|49.35|47.65|48.94|02.24|03.09|-00.31|-00.79|02.28|00.52
金钼股份|601958.SH|20250815|13.22|13.8|13.18|13.77|04.08|04.31|-00.08|-00.75|02.10|00.00
彤程新材|603650.SH|20250815|34.3|35.19|34.25|35.12|02.63|02.83|00.23|-01.81|00.46|-00.03
