平安银行|000001.SZ|20250708|12.48|12.57|12.38|12.42|-00.72|00.48|-01.04|-00.24|-01.15|-02.93
杭氧股份|002430.SZ|20250708|20.15|20.16|19.9|20|-00.94|-00.15|-01.44|-00.20|-00.32|-02.09
华夏银行|600015.SH|20250708|8.34|8.37|8.19|8.23|-01.32|00.36|-01.80|00.00|-01.68|-03.64
上汽集团|600104.SH|20250708|17.19|17.45|17.07|17.38|00.75|01.16|-01.04|-00.35|-01.77|-04.21
兴业银行|601166.SH|20250708|24.33|24.46|24.13|24.41|00.08|00.29|-01.07|-00.25|-01.86|-04.12
大智慧|601519.SH|20250708|11.6|12.95|11.6|12.95|10.03|10.03|-01.44|-01.44|-03.03|-09.02
长沙银行|601577.SH|20250708|10.27|10.36|10.11|10.18|-01.07|00.68|-01.75|-00.19|-00.87|-02.54
光大银行|601818.SH|20250708|4.23|4.25|4.18|4.2|-00.71|00.47|-01.18|00.00|-02.00|-04.41
浙商银行|601916.SH|20250708|3.74|3.77|3.68|3.72|-00.80|00.53|-01.87|-00.27|-02.47|-05.33
重庆银行|601963.SH|20250708|11.22|11.29|11.08|11.12|-01.07|00.44|-01.42|-00.18|-00.24|-01.33
中信银行|601998.SH|20250708|8.59|8.66|8.44|8.57|-00.35|00.70|-01.86|-00.12|-01.92|-04.52
圣泉集团|605589.SH|20250708|28.88|30.1|28.74|30.02|03.37|03.65|-01.03|-00.55|00.79|-00.60
