中国稀土|000831.SZ|20250915|56.8|57.67|54.51|56.54|00.12|02.13|-03.47|00.58|-02.09|-05.83
紫光股份|000938.SZ|20250915|29.27|29.32|28.66|28.76|-01.78|00.14|-02.12|-00.03|-01.72|-05.66
浪潮信息|000977.SZ|20250915|64.12|65.13|62.88|63.77|-00.48|01.64|-01.87|00.06|-01.57|-04.51
正邦科技|002157.SZ|20250915|3.18|3.22|3.15|3.2|00.95|01.58|-00.63|00.32|-00.63|-02.19
光迅科技|002281.SZ|20250915|64.3|66.5|62.36|64.5|-01.00|02.07|-04.28|-01.30|-02.48|-06.52
宏桥控股|002379.SZ|20250915|18.1|18.21|17.46|17.55|-03.62|00.00|-04.12|-00.60|-02.82|-07.77
江海股份|002484.SZ|20250915|34.35|34.35|32.81|33.24|-04.35|-01.15|-05.58|-01.15|-03.74|-08.72
国盛证券|002670.SZ|20250915|19.38|20.65|19.16|20.04|03.46|06.61|-01.08|00.05|00.08|-01.39
麦格米特|002851.SZ|20250915|84.28|89.89|80.13|86.86|04.25|07.89|-03.83|01.15|-03.44|-08.53
金海通|603061.SH|20250915|108|108.72|104|104.31|-02.61|01.50|-02.90|00.83|-00.17|-01.71
吉比特|603444.SH|20250915|516.62|540.02|510.02|529.08|02.03|04.14|-01.65|-00.38|-02.95|-08.09
