深科技|000021.SZ|20250508|18.1|18.33|18.1|18.27|00.33|00.66|-00.60|-00.60|-00.27|-01.52
深桑达Ａ|000032.SZ|20250508|22.92|23.71|22.71|23.4|01.78|03.13|-01.22|-00.30|00.60|-00.54
神州数码|000034.SZ|20250508|41.21|42.83|41.16|42|01.38|03.38|-00.65|-00.53|00.74|-00.68
中鼎股份|000887.SZ|20250508|18.46|19.12|18.46|18.8|01.02|02.74|-00.81|-00.81|-00.34|-02.42
科大讯飞|002230.SZ|20250508|47.4|48.35|47.31|48.16|01.18|01.58|-00.61|-00.42|-00.39|-01.38
科华数据|002335.SZ|20250508|44.36|45.27|43.87|43.96|-00.90|02.05|-01.10|00.00|-01.47|-04.10
双环传动|002472.SZ|20250508|33.92|34.76|33.78|34.07|00.41|02.45|-00.44|-00.03|00.34|-00.90
江苏有线|600959.SH|20250508|3.31|3.32|3.28|3.3|00.00|00.61|-00.61|00.30|00.41|00.09
上海电气|601727.SH|20250508|7.45|7.52|7.41|7.5|00.81|01.08|-00.40|00.13|-00.18|-01.15
华友钴业|603799.SH|20250508|33.52|34.02|33.52|33.8|00.00|00.65|-00.83|-00.83|00.53|-00.12
