东方雨虹|002271.SZ|20250312|12.12|12.14|11.85|11.88|-01.98|00.17|-02.23|00.00|-00.79|-02.58
三一重工|600031.SH|20250312|19.82|20.04|19.48|19.49|-01.86|00.91|-01.91|-00.20|-01.11|-02.81
巨化股份|600160.SH|20250312|26.05|26.07|25.38|25.42|-01.63|00.89|-01.78|00.81|-01.88|-04.02
达仁堂|600329.SH|20250312|28.26|28.53|28|28.04|-00.71|01.03|-00.85|00.07|-00.89|-02.02
宏达股份|600331.SH|20250312|7.26|7.3|7.1|7.11|-02.34|00.27|-02.47|-00.27|-00.93|-02.67
昊华科技|600378.SH|20250312|28.01|28.14|27.44|27.68|-00.43|01.22|-01.29|00.76|-01.36|-03.28
中国动力|600482.SH|20250312|22.55|22.65|22.26|22.36|-00.89|00.40|-01.33|-00.04|-02.22|-05.20
扬农化工|600486.SH|20250312|53.17|54.36|52.69|54.02|01.10|01.74|-01.38|-00.49|-01.26|-03.22
中船防务|600685.SH|20250312|24.03|24.23|23.72|23.9|-00.95|00.41|-01.70|-00.41|-01.34|-03.50
宝丰能源|600989.SH|20250312|16.77|16.79|16.24|16.29|-02.46|00.54|-02.75|00.42|-00.89|-02.67
中谷物流|603565.SH|20250312|8.54|8.64|8.43|8.58|00.94|01.65|-00.82|00.47|-03.21|-06.58
华友钴业|603799.SH|20250312|38.25|38.58|36.94|37.16|-02.29|01.45|-02.87|00.58|-01.31|-04.50
欧派家居|603833.SH|20250312|62.04|62.99|61.43|61.54|-00.81|01.53|-00.98|00.00|-01.78|-04.17
