中金岭南|000060.SZ|20250827|5.25|5.29|5.1|5.1|-02.86|00.76|-02.86|00.00|-00.52|-02.01
美的集团|000333.SZ|20250827|73.42|74.08|72.23|72.25|-01.47|01.02|-01.50|00.12|-00.58|-01.65
泸州老窖|000568.SZ|20250827|138.12|138.14|131.62|132.21|-04.97|-00.71|-05.40|-00.73|-02.19|-05.14
北新建材|000786.SZ|20250827|27.2|27.25|26.46|26.48|-02.86|-00.04|-02.93|-00.22|-00.75|-02.17
云南铜业|000878.SZ|20250827|14.74|15.02|14.32|14.35|-03.24|01.28|-03.44|-00.61|-00.53|-02.70
四川黄金|001337.SZ|20250827|24.23|24.52|23.7|23.71|-01.21|02.17|-01.25|00.96|-00.94|-02.09
大族激光|002008.SZ|20250827|37.54|37.82|36.47|36.52|-03.44|00.00|-03.57|-00.74|-04.36|-10.12
协鑫能科|002015.SZ|20250827|13.05|13.31|12.6|12.62|-04.75|00.45|-04.91|-01.51|-00.21|-03.37
光迅科技|002281.SZ|20250827|63.4|69.89|63.1|65.8|03.13|09.55|-01.10|-00.63|-01.07|-05.75
杰瑞股份|002353.SZ|20250827|48.6|48.65|46.94|47.05|-04.10|-00.84|-04.32|-00.94|-02.60|-05.84
光启技术|002625.SZ|20250827|52.8|57.49|52.51|55.04|03.87|08.49|-00.91|-00.36|-02.91|-07.56
万达电影|002739.SZ|20250827|11.79|11.92|11.61|11.63|-01.44|01.02|-01.61|-00.08|-01.10|-02.57
湘财股份|600095.SH|20250827|12.8|13.4|12.42|12.43|-03.42|04.12|-03.50|-00.54|-00.26|-02.97
南山铝业|600219.SH|20250827|4.09|4.1|3.96|3.96|-03.18|00.24|-03.18|00.00|-01.99|-04.27
中天科技|600522.SH|20250827|16.02|16.28|15.76|15.76|-01.38|01.88|-01.38|00.25|-01.33|-03.44
山东黄金|600547.SH|20250827|32.46|32.6|31.91|32|-01.36|00.49|-01.63|00.06|-02.66|-05.69
海尔智家|600690.SH|20250827|25.99|26.25|25.52|25.52|-01.81|01.00|-01.81|00.00|-00.77|-01.97
闻泰科技|600745.SH|20250827|42.96|43.95|42.4|42.49|-01.09|02.30|-01.30|00.00|-01.32|-05.14
山西汾酒|600809.SH|20250827|205.83|205.83|198.88|198.94|-04.31|-01.00|-04.34|-01.00|-02.18|-04.95
伊利股份|600887.SH|20250827|27.86|27.89|27.35|27.35|-01.83|00.11|-01.83|00.00|-00.84|-02.04
赤峰黄金|600988.SH|20250827|25.72|25.73|24.81|24.81|-02.97|00.63|-02.97|00.59|-01.58|-03.79
中国铝业|601600.SH|20250827|8.07|8.16|7.85|7.86|-02.60|01.12|-02.73|00.00|-01.90|-04.36
京沪高铁|601816.SH|20250827|5.35|5.36|5.25|5.25|-02.23|-00.19|-02.23|-00.37|-00.64|-01.43
紫金矿业|601899.SH|20250827|22.31|23.11|22.14|22.35|00.63|04.05|-00.32|00.45|-02.68|-05.84
永辉超市|601933.SH|20250827|5.29|5.33|5.15|5.17|-03.36|-00.37|-03.74|-01.12|-02.04|-05.43
今世缘|603369.SH|20250827|44.55|44.55|43|43|-03.48|00.00|-03.48|00.00|-00.60|-02.58
璞泰来|603659.SH|20250827|19.29|19.68|18.87|18.89|-01.92|02.18|-02.02|00.16|-00.53|-02.20
数据港|603881.SH|20250827|32.31|35.26|31.58|33.45|04.37|10.02|-01.47|00.81|-02.13|-06.30
