平潭发展|000592.SZ|20250820|3.07|3.11|3.06|3.09|00.32|00.97|-00.65|-00.32|-00.19|-01.41
沃尔核材|002130.SZ|20250820|24.81|25.5|24.51|25.09|-00.91|00.71|-03.20|-02.01|-00.46|-02.28
纳思达|002180.SZ|20250820|24.44|24.79|24.2|24.76|01.06|01.18|-01.22|-00.24|-00.63|-02.51
四维图新|002405.SZ|20250820|8.88|9.04|8.78|9.04|01.69|01.69|-01.24|-00.11|-00.18|-01.48
兆驰股份|002429.SZ|20250820|4.86|5.01|4.83|4.97|01.84|02.66|-01.02|-00.41|-01.18|-03.39
华林证券|002945.SZ|20250820|17.3|17.34|16.76|17.08|-01.39|00.12|-03.23|-00.12|00.17|-03.33
同方股份|600100.SH|20250820|7.97|8.08|7.84|8.07|01.25|01.38|-01.63|00.00|-00.74|-02.42
烽火通信|600498.SH|20250820|25.68|25.93|24.9|25.8|-00.50|00.00|-03.97|-00.96|-00.14|-02.37
用友网络|600588.SH|20250820|16.28|16.55|16.04|16.5|00.12|00.42|-02.67|-01.21|-00.60|-03.61
云赛智联|600602.SH|20250820|22.79|23.46|22.61|23.46|02.00|02.00|-01.70|-00.91|00.26|-01.05
江苏有线|600959.SH|20250820|3.68|3.7|3.63|3.69|00.27|00.54|-01.36|00.00|00.10|-01.50
