亚钾国际|000893.SZ|20251014|41.55|43.18|40.82|41.3|01.70|06.33|00.52|02.31|00.59|-00.16
华明装备|002270.SZ|20251014|21.32|22.47|21.12|22.04|03.57|05.59|-00.75|00.19|00.71|-00.93
广汇能源|600256.SH|20251014|5.3|5.36|5.25|5.35|00.94|01.13|-00.94|00.00|-00.55|-01.57
海螺水泥|600585.SH|20251014|23.85|24.14|23.72|23.9|00.34|01.34|-00.42|00.13|00.24|00.03
淮北矿业|600985.SH|20251014|12.86|13.18|12.85|13.15|02.26|02.49|-00.08|00.00|-00.42|-01.28
中国西电|601179.SH|20251014|7.12|7.3|7.02|7.09|00.00|02.96|-00.99|00.42|00.41|-00.21
中国铁建|601186.SH|20251014|8.08|8.13|8.06|8.08|00.00|00.62|-00.25|00.00|00.24|00.07
中国中铁|601390.SH|20251014|5.86|5.91|5.76|5.79|-00.34|01.72|-00.86|00.86|01.00|00.86
三星医疗|601567.SH|20251014|25.52|26.2|24.97|25.17|-01.37|02.66|-02.16|00.00|-00.10|-00.82
中信重工|601608.SH|20251014|5.77|5.9|5.67|5.69|-01.04|02.61|-01.39|00.35|00.62|-00.01
中国建筑|601668.SH|20251014|5.57|5.62|5.54|5.58|00.18|00.90|-00.54|00.00|00.23|-00.00
