河钢股份|000709.SZ|20250704|2.25|2.31|2.25|2.28|00.88|02.21|-00.44|-00.44|-01.52|-03.46
横店东磁|002056.SZ|20250704|14.04|14.1|13.73|13.8|-01.50|00.64|-02.00|00.21|-00.35|-00.90
荣盛石化|002493.SZ|20250704|8.53|8.58|8.47|8.5|-00.35|00.59|-00.70|00.00|-01.22|-02.64
龙佰集团|002601.SZ|20250704|16.54|16.58|16.32|16.36|-00.91|00.42|-01.15|00.18|-00.67|-01.68
宝钢股份|600019.SH|20250704|6.88|7.04|6.85|6.98|01.90|02.77|00.00|00.44|-01.41|-03.18
云天化|600096.SH|20250704|22.28|22.28|21.91|22.02|-01.08|00.09|-01.57|00.09|-00.16|-01.31
兴发集团|600141.SH|20250704|20.97|20.97|20.61|20.75|-01.00|00.05|-01.67|00.05|-00.33|-01.15
南山铝业|600219.SH|20250704|3.71|3.72|3.66|3.68|-00.81|00.27|-01.35|00.00|-00.96|-02.49
西部矿业|601168.SH|20250704|17.37|17.43|17.04|17.08|-02.68|-00.68|-02.91|-01.03|-01.46|-03.75
上海银行|601229.SH|20250704|10.81|11.09|10.81|11.07|02.41|02.59|00.00|00.00|-01.71|-03.84
凤凰传媒|601928.SH|20250704|10.87|11.04|10.8|10.98|00.92|01.47|-00.74|-00.09|-00.88|-02.19
福斯特|603806.SH|20250704|13.74|13.84|13.53|13.58|-00.95|00.95|-01.31|00.22|-02.11|-04.56
