潍柴动力|000338.SZ|20250626|15.06|15.15|14.85|14.87|-01.26|00.60|-01.39|00.00|-01.41|-03.11
天山股份|000877.SZ|20250626|4.66|4.67|4.61|4.61|-00.65|00.65|-00.65|00.43|-00.96|-02.31
中鼎股份|000887.SZ|20250626|17.22|17.6|17.06|17.27|00.41|02.33|-00.81|00.12|-02.21|-05.06
华工科技|000988.SZ|20250626|46.72|47.32|46.37|46.45|-00.32|01.55|-00.49|00.26|-01.03|-03.18
中电港|001287.SZ|20250626|17.81|18.07|17.67|17.68|-00.45|01.75|-00.51|00.28|-01.14|-02.86
大族激光|002008.SZ|20250626|24.21|24.49|24.05|24.08|-00.45|01.24|-00.58|00.08|-01.10|-02.61
多氟多|002407.SZ|20250626|11.88|12.07|11.82|11.83|-00.34|01.68|-00.42|00.08|-01.65|-03.95
雅克科技|002409.SZ|20250626|53.62|54.24|53.22|53.24|-00.52|01.35|-00.56|00.19|-00.88|-02.46
赣锋锂业|002460.SZ|20250626|32.83|34.81|32.72|33.35|01.58|06.03|-00.34|00.00|-01.40|-03.73
天齐锂业|002466.SZ|20250626|31.5|32.71|31.43|31.44|-00.25|03.78|-00.29|-00.06|-01.36|-03.68
雅化集团|002497.SZ|20250626|11.32|11.56|11.3|11.33|-00.09|01.94|-00.35|-00.18|-00.55|-01.95
三七互娱|002555.SZ|20250626|16.4|16.49|16.16|16.29|-01.99|-00.78|-02.77|-01.32|00.78|-00.67
光启技术|002625.SZ|20250626|38.79|39.09|38.35|38.38|-01.01|00.83|-01.08|00.05|-00.55|-01.71
天赐材料|002709.SZ|20250626|18.14|18.71|17.98|18.21|00.33|03.09|-00.94|-00.06|-02.37|-05.53
永兴材料|002756.SZ|20250626|31.31|32.05|31.2|31.28|-00.45|02.01|-00.70|-00.35|-01.56|-03.82
恩捷股份|002812.SZ|20250626|28.75|30.44|28.69|29.36|03.27|07.07|00.91|01.13|-02.24|-04.92
同方股份|600100.SH|20250626|7.25|7.28|7.19|7.21|-00.69|00.28|-00.96|-00.14|-01.51|-03.37
上汽集团|600104.SH|20250626|16.02|16.16|15.93|15.97|-00.93|00.25|-01.18|-00.62|-01.46|-03.26
宏达股份|600331.SH|20250626|8.06|8.06|7.88|7.97|-00.38|00.75|-01.50|00.75|-00.56|-02.82
法拉电子|600563.SH|20250626|108|108.07|105.56|106.26|-00.97|00.72|-01.62|00.65|-01.55|-04.03
济川药业|600566.SH|20250626|25.85|26.53|25.85|26.33|01.86|02.63|00.00|00.00|-00.38|-01.10
卧龙电驱|600580.SH|20250626|19.46|19.64|19.36|19.37|-00.46|00.92|-00.51|00.00|-01.44|-03.81
远东股份|600869.SH|20250626|5|5.02|4.94|4.95|-00.40|01.01|-00.60|00.60|-01.14|-02.89
中国铁建|601186.SH|20250626|7.73|7.77|7.71|7.74|00.00|00.39|-00.39|-00.13|-00.81|-01.83
中国人保|601319.SH|20250626|8.88|8.91|8.78|8.8|-01.46|-00.22|-01.68|-00.56|-01.76|-04.57
中国中铁|601390.SH|20250626|5.37|5.39|5.36|5.36|-00.19|00.37|-00.19|00.00|-01.08|-02.51
中国建筑|601668.SH|20250626|5.57|5.58|5.53|5.57|00.00|00.18|-00.72|00.00|-00.82|-01.89
中国交建|601800.SH|20250626|8.67|8.71|8.62|8.62|-00.92|00.11|-00.92|-00.34|-01.45|-03.10
沪农商行|601825.SH|20250626|9.61|9.75|9.54|9.71|00.52|00.93|-01.24|-00.52|-00.37|-00.91
移远通信|603236.SH|20250626|81.86|83.24|80.95|81.1|-01.71|00.88|-01.89|-00.79|-01.83|-04.96
斯达半导|603290.SH|20250626|81|81.02|80.01|80.07|-01.00|00.17|-01.08|00.15|-01.24|-03.02
璞泰来|603659.SH|20250626|18.88|19.18|18.6|18.65|-00.85|01.97|-01.12|00.37|-02.57|-06.65
鸣志电器|603728.SH|20250626|58.09|58.87|57.03|57.11|-01.70|01.33|-01.84|-00.02|-01.84|-04.60
