申万宏源|000166.SZ|20250723|5.3|5.37|5.27|5.28|-00.38|01.32|-00.57|00.00|-01.10|-02.37
东方盛虹|000301.SZ|20250723|9.3|9.37|9.1|9.11|-01.73|01.08|-01.83|00.32|-02.38|-05.07
钒钛股份|000629.SZ|20250723|2.93|2.95|2.83|2.84|-01.05|02.79|-01.39|02.09|-01.60|-04.84
一汽解放|000800.SZ|20250723|7.28|7.32|7.13|7.14|-01.79|00.69|-01.93|00.14|-01.44|-02.96
云铝股份|000807.SZ|20250723|16.73|16.76|16.14|16.21|-02.88|00.42|-03.30|00.24|-02.47|-05.28
鲁西化工|000830.SZ|20250723|12.1|12.37|11.83|11.92|-01.41|02.32|-02.15|00.08|-04.08|-08.79
盈峰环境|000967.SZ|20250723|6.58|7.19|6.56|7.06|07.95|09.94|00.31|00.61|-02.46|-05.23
新 和 成|002001.SZ|20250723|22.22|22.24|21.99|22.02|-00.86|00.14|-00.99|00.05|-00.77|-02.07
荣盛石化|002493.SZ|20250723|9.5|9.52|9.34|9.37|-01.58|00.00|-01.89|-00.21|-03.47|-07.29
天山铝业|002532.SZ|20250723|9.14|9.2|9.02|9.04|-01.63|00.11|-01.85|-00.54|-04.09|-08.64
龙佰集团|002601.SZ|20250723|17.2|17.4|16.96|16.98|-01.05|01.40|-01.17|00.23|-01.56|-03.45
卫星化学|002648.SZ|20250723|18.39|18.57|18.25|18.29|-00.60|00.92|-00.82|-00.05|-01.50|-03.45
牧原股份|002714.SZ|20250723|48.72|49.21|47.87|48.24|01.39|03.43|00.61|02.40|-02.08|-04.82
上港集团|600018.SH|20250723|5.72|5.76|5.68|5.72|00.00|00.70|-00.70|00.00|-01.13|-02.63
中信证券|600030.SH|20250723|28.45|29.48|28.44|29.21|02.96|03.91|00.25|00.28|-00.35|-01.14
云天化|600096.SH|20250723|25|25.4|24.64|24.69|-00.68|02.17|-00.88|00.56|-03.44|-07.22
鄂尔多斯|600295.SH|20250723|10.2|10.3|9.97|10.03|-00.20|02.49|-00.80|01.49|-01.93|-04.32
平高电气|600312.SH|20250723|17.07|17.11|16.04|16.08|-04.85|01.24|-05.09|01.01|-01.31|-03.95
恒力石化|600346.SH|20250723|15.69|15.92|15.54|15.79|00.57|01.40|-01.02|-00.06|-04.28|-09.44
江西铜业|600362.SH|20250723|23.83|23.85|23.47|23.58|-01.05|00.08|-01.51|00.00|-02.10|-04.40
方大炭素|600516.SH|20250723|4.96|4.99|4.88|4.9|-01.01|00.81|-01.41|00.20|-01.50|-03.39
中孚实业|600595.SH|20250723|4.79|4.83|4.66|4.76|-00.63|00.84|-02.71|00.00|-00.99|-03.19
北大荒|600598.SH|20250723|14.78|14.86|14.7|14.72|-00.34|00.61|-00.47|00.07|-00.42|-01.11
东方证券|600958.SH|20250723|10.86|11.05|10.77|10.81|-00.55|01.66|-00.92|-00.09|-01.82|-04.21
宝丰能源|600989.SH|20250723|16.41|16.61|16.14|16.18|-01.22|01.40|-01.47|00.18|-01.98|-04.56
华钰矿业|601020.SH|20250723|21.5|22|20.85|21.02|-03.18|01.34|-03.96|-00.97|-01.99|-05.47
君正集团|601216.SH|20250723|5.62|5.67|5.53|5.55|-01.25|00.89|-01.60|00.00|-01.02|-02.33
兴业证券|601377.SH|20250723|6.36|6.47|6.32|6.34|00.00|02.05|-00.32|00.32|-00.72|-01.74
中国铝业|601600.SH|20250723|7.54|7.57|7.4|7.41|-01.59|00.53|-01.73|00.13|-02.20|-04.95
明阳智能|601615.SH|20250723|11.59|11.63|11.3|11.37|-01.98|00.26|-02.59|-00.09|-01.39|-03.15
和邦生物|603077.SH|20250723|1.91|1.95|1.87|1.89|-00.53|02.63|-01.58|00.53|-01.52|-03.32
