川能动力|000155.SZ|20250909|10.28|10.44|10.25|10.32|-00.10|01.06|-00.77|-00.48|-01.13|-02.95
通化金马|000766.SZ|20250909|24.27|24.47|23.61|23.97|-01.32|00.74|-02.80|-00.08|-00.11|-02.15
龙源电力|001289.SZ|20250909|17.88|18.63|17.6|17.75|-00.28|04.66|-01.12|00.45|-01.39|-03.77
雅化集团|002497.SZ|20250909|14.2|14.45|14.02|14.11|-01.19|01.19|-01.82|-00.56|-01.67|-04.57
天顺风能|002531.SZ|20250909|7.65|7.74|7.47|7.51|-02.72|00.26|-03.24|-00.91|-03.04|-07.13
浙江新能|600032.SH|20250909|7.7|7.77|7.67|7.74|00.52|00.91|-00.39|00.00|-00.99|-02.67
海南橡胶|601118.SH|20250909|5.41|5.45|5.37|5.42|-00.18|00.37|-01.10|-00.37|-01.44|-03.66
中国中免|601888.SH|20250909|70.98|71.4|70.12|70.8|-00.66|00.18|-01.61|-00.41|-01.34|-03.89
石大胜华|603026.SH|20250909|41.71|45.8|41.51|43.39|03.53|09.28|-00.95|-00.48|-02.01|-05.55
合盛硅业|603260.SH|20250909|55.9|56.51|54.15|54.7|-02.70|00.52|-03.68|-00.57|-01.76|-04.91
鼎胜新材|603876.SH|20250909|11.74|12.91|11.48|11.98|02.04|09.97|-02.21|00.00|-04.80|-11.14
