盈峰环境|000967.SZ|20250507|6.12|6.21|6.02|6.05|00.00|02.64|-00.50|01.16|-01.94|-05.79
浪潮信息|000977.SZ|20250507|52.91|53.18|51.01|51.42|-01.42|01.96|-02.20|01.44|-02.45|-05.81
三花智控|002050.SZ|20250507|27.66|27.73|26.36|26.63|-01.41|02.67|-02.41|02.41|-01.79|-04.61
拓维信息|002261.SZ|20250507|35.7|35.7|33.72|34.1|-03.07|01.48|-04.15|01.48|-04.06|-10.41
水晶光电|002273.SZ|20250507|20.17|20.34|19.29|19.45|-01.57|02.94|-02.38|02.07|-02.30|-05.46
四维图新|002405.SZ|20250507|8.59|8.66|8.41|8.47|-00.24|02.00|-00.94|01.18|-01.92|-04.50
领益智造|002600.SZ|20250507|8.4|8.44|8.05|8.14|-00.37|03.30|-01.47|02.82|-02.53|-05.63
永兴材料|002756.SZ|20250507|31|31.07|30.46|30.84|00.03|00.78|-01.20|00.55|-01.63|-04.44
兆威机电|003021.SZ|20250507|131.79|132.27|124.92|127.71|-01.89|01.61|-04.03|01.24|-00.67|-03.41
上汽集团|600104.SH|20250507|16.6|16.6|16.26|16.39|00.55|01.84|-00.25|01.84|-01.38|-03.11
天士力|600535.SH|20250507|15.15|15.21|15.03|15.14|00.20|00.66|-00.53|00.26|-00.29|-01.46
精达股份|600577.SH|20250507|7.09|7.17|6.97|7.05|00.28|01.99|-00.85|00.85|-03.20|-08.08
卧龙电驱|600580.SH|20250507|22.23|22.27|21.32|21.57|-01.95|01.23|-03.09|01.05|-02.78|-07.23
用友网络|600588.SH|20250507|14.99|15.05|14.37|14.51|-01.69|01.96|-02.64|01.56|-01.26|-04.30
五洲新春|603667.SH|20250507|38.36|38.42|36.78|37.38|-01.29|01.45|-02.88|01.29|-02.48|-05.84
世运电路|603920.SH|20250507|27.06|27.24|25.88|26.15|-02.02|02.06|-03.03|01.39|-02.84|-06.64
