深科技|000021.SZ|20250609|17.5|17.69|17.48|17.61|00.46|00.91|-00.29|-00.17|-00.14|-01.03
中兴通讯|000063.SZ|20250609|32.32|32.6|32.32|32.44|00.40|00.90|00.03|00.03|-00.59|-01.74
浪潮信息|000977.SZ|20250609|51.91|52.44|51.4|52.43|00.98|01.00|-01.00|-00.02|-01.51|-03.38
华工科技|000988.SZ|20250609|44.8|45.57|44.64|44.91|00.76|02.24|00.16|00.52|-01.42|-03.37
科大讯飞|002230.SZ|20250609|48.79|48.97|48.43|48.72|00.10|00.62|-00.49|00.25|-00.62|-01.70
光迅科技|002281.SZ|20250609|43.74|44.73|43.55|44.2|01.05|02.26|-00.43|00.00|-01.62|-03.86
北方华创|002371.SZ|20250609|317.12|317.97|313.54|317.61|-00.16|-00.04|-01.44|-00.31|00.19|-00.49
宏桥控股|002379.SZ|20250609|11.28|11.46|10.95|11.14|-00.71|02.14|-02.41|00.53|-02.98|-06.90
兴森科技|002436.SZ|20250609|12.04|12.12|11.98|12.02|-00.08|00.75|-00.42|00.08|-00.72|-02.42
东方铁塔|002545.SZ|20250609|8|8.16|7.94|8.08|00.75|01.75|-01.00|-00.25|-00.38|-02.47
招商银行|600036.SH|20250609|41.67|41.75|41.31|41.67|00.29|00.48|-00.58|00.29|-00.02|-00.61
中国软件|600536.SH|20250609|44.9|45.37|44.76|45.36|00.87|00.89|-00.47|-00.16|-00.63|-01.62
用友网络|600588.SH|20250609|13.75|14.99|13.75|14.46|05.47|09.34|00.29|00.29|-01.05|-02.66
东材科技|601208.SH|20250609|9.6|9.66|9.48|9.56|-00.21|00.84|-01.04|00.21|-01.29|-03.53
中国人寿|601628.SH|20250609|39.45|39.69|38.87|39.1|-00.64|00.86|-01.22|00.25|-00.97|-02.39
数据港|603881.SH|20250609|25.48|25.93|25.2|25.67|01.26|02.29|-00.59|00.51|-00.71|-02.67
