万向钱潮|000559.SZ|20250911|7.85|7.96|7.75|7.96|00.89|00.89|-00.51|-01.38|01.00|00.25
钒钛股份|000629.SZ|20250911|2.89|2.92|2.87|2.91|00.34|00.69|-00.34|-01.02|-00.34|-00.34
亚钾国际|000893.SZ|20250911|37.65|38.5|37.65|38.46|02.04|02.15|-00.11|-00.48|01.21|-01.19
大中矿业|001203.SZ|20250911|12.01|12.27|11.85|12.18|01.42|02.16|00.00|-01.48|00.16|-01.56
鱼跃医疗|002223.SZ|20250911|39.3|39.42|38.68|39.37|-00.13|00.00|-00.30|-02.09|00.99|-00.05
杭氧股份|002430.SZ|20250911|24.47|24.59|24.28|24.56|00.20|00.33|-00.16|-01.09|00.65|-00.89
以岭药业|002603.SZ|20250911|16.9|17.18|16.51|17.12|00.53|00.88|-00.76|-00.76|00.87|-00.06
福田汽车|600166.SH|20250911|2.83|2.86|2.79|2.85|00.35|00.70|-00.35|-01.05|00.35|00.00
福耀玻璃|600660.SH|20250911|69.13|71.18|68.84|71.09|03.27|03.40|00.42|-00.76|00.68|-00.06
中创智领|601717.SH|20250911|22.69|23.55|22.61|23.05|01.14|03.33|-00.44|-00.13|00.39|00.04
顾家家居|603816.SH|20250911|30.61|31.05|30.51|30.84|00.13|00.81|-00.62|-02.28|-00.38|-00.92
欧派家居|603833.SH|20250911|58.31|58.8|57.7|58.11|-00.55|00.63|-00.21|-01.83|00.22|-00.34
