太阳纸业|002078.SZ|20250828|14.75|15.17|14.69|14.9|02.05|03.90|01.03|-02.99|00.40|00.40
万丰奥威|002085.SZ|20250828|17.7|18.28|17.37|18.06|01.63|02.87|-00.39|-03.89|00.76|-00.59
森麒麟|002984.SZ|20250828|19.77|19.91|19.27|19.83|00.25|00.66|-00.05|-02.37|00.20|00.00
永泰能源|600157.SH|20250828|1.47|1.49|1.43|1.47|-00.68|00.68|-00.68|-02.63|01.32|-00.66
天地科技|600582.SH|20250828|6.3|6.32|6.01|6.15|-02.84|-00.16|-00.47|-01.86|00.62|00.31
东阳光|600673.SH|20250828|19.96|20.61|19.58|20.43|02.61|03.52|00.25|-03.21|02.04|00.00
王府井|600859.SH|20250828|14.33|14.6|14.11|14.45|00.63|01.67|-00.21|-02.91|-00.27|-00.74
中国一重|601106.SH|20250828|3.02|3.06|2.97|3.05|00.66|00.99|-00.33|-02.88|00.64|00.00
桐昆股份|601233.SH|20250828|14.72|14.88|14|14.42|-01.70|01.43|00.34|-01.87|01.54|-00.07
金钼股份|601958.SH|20250828|14.49|14.89|14.41|14.87|02.06|02.20|-00.55|-03.32|00.86|00.07
玲珑轮胎|601966.SH|20250828|15.48|15.6|15.09|15.44|-00.13|00.91|00.13|-02.71|00.38|00.06
金诚信|603979.SH|20250828|59.92|61.29|58.97|61.19|02.38|02.54|00.25|-00.05|02.34|00.30
