博源化工|000683.SZ|20251111|7.21|7.3|7.15|7.23|00.14|01.11|-00.97|-00.14|-01.88|-05.19
正邦科技|002157.SZ|20251111|3.04|3.16|3.02|3.13|02.62|03.61|-00.98|-00.33|-01.66|-03.54
荣盛石化|002493.SZ|20251111|10.87|10.96|10.75|10.93|-00.09|00.18|-01.74|-00.64|-01.16|-03.70
卫星化学|002648.SZ|20251111|18.2|18.32|18.06|18.18|-00.76|00.00|-01.42|-00.66|-00.91|-02.97
永兴材料|002756.SZ|20251111|51.09|51.68|49.26|49.79|-02.39|01.31|-03.43|00.16|-00.60|-04.10
健康元|600380.SH|20251111|12.44|12.48|12.34|12.37|-00.56|00.32|-00.80|00.00|-00.86|-02.19
中远海特|600428.SH|20251111|7.42|7.6|7.35|7.49|01.08|02.56|-00.81|00.13|-01.02|-02.90
济川药业|600566.SH|20251111|26.87|27.87|26.8|27.69|02.33|02.99|-00.96|-00.70|-01.30|-03.46
君正集团|601216.SH|20251111|5.33|5.37|5.32|5.36|00.19|00.37|-00.56|-00.37|-00.51|-01.56
方正证券|601901.SH|20251111|8.32|8.37|8.26|8.28|-00.84|00.24|-01.08|-00.36|-00.86|-02.41
