平安银行|000001.SZ|20250516|10.79|10.85|10.74|10.8|-00.09|00.37|-00.19|-00.37|00.65|00.00
兴业银锡|000426.SZ|20250516|13.73|13.8|13.45|13.61|01.80|03.22|02.69|-03.88|00.43|00.07
大中矿业|001203.SZ|20250516|8.43|8.48|8.41|8.41|-00.47|00.36|-00.24|-01.29|00.12|-00.23
华峰化学|002064.SZ|20250516|6.94|6.94|6.76|6.83|-01.44|00.14|00.14|-02.26|00.56|-00.14
天齐锂业|002466.SZ|20250516|29.2|29.59|29.15|29.15|-00.82|00.68|-00.65|-02.78|-00.50|-00.66
荣盛石化|002493.SZ|20250516|8.6|8.65|8.54|8.54|-00.93|00.35|-00.23|-00.81|00.81|00.12
华夏银行|600015.SH|20250516|7.34|7.36|7.19|7.23|-01.50|00.27|00.00|-00.94|01.08|-00.27
中国石化|600028.SH|20250516|5.55|5.56|5.43|5.44|-01.98|00.18|00.00|-00.89|00.36|-00.18
中国外运|601598.SH|20250516|4.73|4.74|4.62|4.64|-02.32|-00.21|-00.42|-02.86|00.61|00.20
潞安环能|601699.SH|20250516|10.73|10.76|10.65|10.73|-00.28|00.00|-00.28|-01.56|00.73|-00.09
中国石油|601857.SH|20250516|7.82|7.86|7.71|7.72|-01.66|00.13|-00.38|-00.51|00.25|-00.38
