宗申动力|001696.SZ|20250310|23.78|24.04|23.58|23.88|-00.46|00.21|-00.88|-01.64|00.98|-00.90
万丰奥威|002085.SZ|20250310|20.16|20.47|19.81|19.88|-01.24|01.69|00.15|-02.80|01.11|-01.01
广电运通|002152.SZ|20250310|14.26|14.26|13.8|13.94|-02.65|-00.42|-00.42|-01.58|00.82|-00.82
英维克|002837.SZ|20250310|34.25|35.75|34.1|35.66|03.18|03.44|-00.90|-02.76|01.72|-01.49
华西证券|002926.SZ|20250310|8.26|8.3|8.21|8.27|-00.48|-00.12|-00.60|-00.84|-00.24|-00.36
四川长虹|600839.SH|20250310|11.19|11.42|11.09|11.25|-00.09|01.42|-00.62|-03.10|00.17|-00.60
中国电影|600977.SH|20250310|10.78|10.85|10.72|10.82|00.46|00.74|00.09|-01.19|00.46|-00.37
财通证券|601108.SH|20250310|7.9|7.93|7.8|7.85|-01.01|00.00|-00.38|-01.37|-00.37|-00.62
东吴证券|601555.SH|20250310|7.7|7.71|7.61|7.65|-00.78|00.00|-00.13|-01.03|-00.26|-00.64
浙版传媒|601921.SH|20250310|7.72|7.79|7.69|7.77|00.13|00.39|-00.52|-02.39|00.13|-00.25
