粤电力Ａ|000539.SZ|20250523|4.32|4.34|4.29|4.29|-00.69|00.46|00.00|-01.59|00.00|-00.23
美锦能源|000723.SZ|20250523|4.25|4.3|4.18|4.18|-01.88|00.94|-00.23|-02.52|-00.23|-00.46
湖北能源|000883.SZ|20250523|4.58|4.6|4.55|4.55|-00.44|00.66|00.22|-00.87|00.00|-00.22
华峰化学|002064.SZ|20250523|6.96|7.1|6.93|6.99|00.29|01.87|-00.14|-00.85|-00.14|-00.14
老凤祥|600612.SH|20250523|47.53|47.77|47.05|47.07|-01.22|00.25|-00.25|-00.94|00.37|-00.04
中粮糖业|600737.SH|20250523|8.95|8.96|8.82|8.84|-01.23|00.11|00.00|-00.67|-00.11|-00.22
内蒙华电|600863.SH|20250523|3.85|3.87|3.82|3.83|-00.78|00.26|-00.26|-00.52|00.00|00.00
淮北矿业|600985.SH|20250523|11.66|11.75|11.63|11.64|-00.09|00.86|00.09|-00.68|00.68|00.26
白银有色|601212.SH|20250523|2.8|2.82|2.78|2.78|-01.07|00.36|-00.36|-01.40|00.70|00.00
平煤股份|601666.SH|20250523|7.83|7.9|7.82|7.83|00.00|00.89|00.00|-00.51|00.13|00.00
中国科传|601858.SH|20250523|18.57|18.62|18.2|18.2|-01.99|00.27|00.00|-01.38|00.58|-00.42
