中集集团|000039.SZ|20251010|8.35|8.5|8.31|8.38|00.00|01.43|-00.84|-00.36|-01.54|-03.60
科士达|002518.SZ|20251010|42.6|43.38|41.55|41.95|-01.29|02.07|-02.24|00.24|-01.55|-06.46
永兴材料|002756.SZ|20251010|39.6|39.93|39.01|39.38|-01.40|-00.03|-02.33|-00.85|-03.56|-08.50
中航机载|600372.SH|20251010|12.65|12.75|12.54|12.55|-00.87|00.71|-00.95|-00.08|-01.27|-02.85
国睿科技|600562.SH|20251010|34.89|36.45|34.07|34.37|-01.49|04.47|-02.35|00.00|-02.63|-06.49
物产中大|600704.SH|20251010|6.02|6.1|5.97|6.03|00.17|01.33|-00.83|00.00|-01.70|-04.27
盛屯矿业|600711.SH|20251010|10.86|11.64|10.86|11.13|-01.50|03.01|-03.89|-03.89|-09.16|-18.87
航发动力|600893.SH|20251010|43|43.19|42|42.1|-01.15|01.41|-01.39|00.96|-02.53|-05.98
中材国际|600970.SH|20251010|9.02|9.15|8.99|9.12|01.22|01.55|-00.22|00.11|-00.96|-02.29
振华股份|603067.SH|20251010|19.05|20.9|18.93|20.3|06.67|09.83|-00.53|00.11|-00.91|-03.55
药明康德|603259.SH|20251010|111.78|111.8|104.5|104.72|-07.20|-00.93|-07.40|-00.95|-02.81|-06.39
兆易创新|603986.SH|20251010|225.5|230.5|212.12|215.02|-04.64|02.22|-05.93|00.00|-03.84|-11.40
