长江证券|000783.SZ|20250606|6.57|6.6|6.51|6.53|-00.61|00.46|-00.91|00.00|-00.85|-01.96
越秀资本|000987.SZ|20250606|6.4|6.44|6.33|6.34|-00.94|00.63|-01.09|00.00|-00.69|-01.85
纳思达|002180.SZ|20250606|22.71|22.78|22.51|22.59|-00.53|00.31|-00.88|00.00|-01.01|-02.76
水晶光电|002273.SZ|20250606|19.32|19.37|19.06|19.15|-00.88|00.26|-01.35|00.00|-02.07|-04.93
山西证券|002500.SZ|20250606|5.62|5.63|5.55|5.57|-00.89|00.18|-01.25|00.00|-00.59|-01.53
第一创业|002797.SZ|20250606|6.73|6.75|6.66|6.67|-00.74|00.45|-00.89|00.15|-00.41|-01.24
长城证券|002939.SZ|20250606|7.97|8|7.92|7.94|-00.38|00.38|-00.63|00.00|-00.26|-00.80
国金证券|600109.SH|20250606|8.41|8.42|8.34|8.37|-00.36|00.24|-00.71|00.12|-00.71|-01.68
西南证券|600369.SH|20250606|4.2|4.2|4.14|4.15|-00.95|00.24|-01.19|00.24|-00.59|-01.58
盛屯矿业|600711.SH|20250606|5.69|5.81|5.68|5.72|01.24|02.83|00.53|00.71|-01.37|-03.36
中泰证券|600918.SH|20250606|6.31|6.31|6.23|6.23|-00.95|00.32|-00.95|00.32|-01.17|-02.43
招商证券|600999.SH|20250606|16.17|16.2|16.03|16.04|-00.62|00.37|-00.68|00.19|-00.84|-01.97
太平洋|601099.SH|20250606|3.71|3.73|3.66|3.67|-01.08|00.54|-01.35|00.00|-00.66|-01.77
天风证券|601162.SH|20250606|4.03|4.03|3.96|3.98|-01.00|00.25|-01.49|00.25|-00.72|-01.95
君正集团|601216.SH|20250606|5.33|5.35|5.28|5.31|00.19|00.94|-00.38|00.57|-00.10|-01.40
浙商证券|601878.SH|20250606|10.59|10.6|10.46|10.48|-00.95|00.19|-01.13|00.09|-00.85|-02.04
方正证券|601901.SH|20250606|7.7|7.7|7.59|7.61|-00.78|00.39|-01.04|00.39|-00.63|-01.60
