丽珠集团|000513.SZ|20260109|36.29|36.59|36.12|36.58|00.91|00.94|00.11|-01.47|00.14|-00.79
美锦能源|000723.SZ|20260109|4.9|5|4.87|4.96|01.02|01.83|-00.20|-01.21|00.20|00.00
中国稀土|000831.SZ|20260109|50|52.66|49.61|52.04|03.96|05.19|-00.12|-02.66|-00.16|-00.99
横店东磁|002056.SZ|20260109|19.94|20.47|19.91|20.26|01.10|02.15|-00.50|-01.47|-00.25|-00.69
格林美|002340.SZ|20260109|8.7|8.93|8.61|8.77|-00.11|01.71|-00.91|-05.89|-02.25|-02.89
雅克科技|002409.SZ|20260109|85.01|86.9|83.9|86.8|00.67|00.79|-01.40|-02.72|04.13|02.75
天山铝业|002532.SZ|20260109|17.31|18.14|17.25|18.13|02.78|02.83|-01.87|-04.80|-01.46|-02.32
麦格米特|002851.SZ|20260109|97.52|103.96|95.8|100.81|03.39|06.63|00.02|-02.09|01.41|-00.03
上海电力|600021.SH|20260109|21.48|21.75|21.2|21.32|-00.84|01.16|-00.09|-00.88|01.80|00.18
浙江龙盛|600352.SH|20260109|11.34|11.41|11.23|11.28|00.09|01.24|00.62|-02.09|00.09|-00.09
昊华科技|600378.SH|20260109|34.13|35.75|33.77|35.56|03.95|04.50|-00.23|-00.18|02.66|00.58
五矿资本|600390.SH|20260109|5.74|5.9|5.73|5.87|02.44|02.97|00.17|-01.72|-00.51|-00.69
盛和资源|600392.SH|20260109|22.63|23.57|22.56|23.4|03.31|04.06|-00.09|-01.82|00.26|-01.34
厦门钨业|600549.SH|20260109|43.61|48.19|43.61|48.19|10.00|10.00|-00.46|-02.32|00.33|-01.90
淮北矿业|600985.SH|20260109|11.51|11.63|11.49|11.53|-00.43|00.43|-00.60|-01.19|00.77|00.43
南网储能|600995.SH|20260109|12.8|13.09|12.8|13.04|01.40|01.79|-00.47|-00.92|00.77|00.00
平煤股份|601666.SH|20260109|8.36|8.44|8.31|8.41|00.24|00.60|-00.36|-00.12|01.07|01.07
金钼股份|601958.SH|20260109|16.75|18.38|16.7|18.38|09.99|09.99|00.24|-01.99|00.65|-01.00
圣泉集团|605589.SH|20260109|29.48|30.06|29.23|29.94|01.42|01.83|-00.14|-01.20|00.70|00.00
