中金岭南|000060.SZ|20260128|7.94|8.58|7.78|8.58|10.00|10.00|01.79|-05.80|-01.57|-03.38
北方铜业|000737.SZ|20260128|17.1|18.7|16.85|18.7|10.00|10.00|00.59|-05.24|-02.34|-04.57
神火股份|000933.SZ|20260128|33.31|35.95|32.58|35.88|09.56|09.77|01.71|-01.80|01.92|-01.35
万达电影|002739.SZ|20260128|11.58|11.8|11.5|11.53|-01.54|00.77|-01.11|-00.34|00.60|-00.43
华西证券|002926.SZ|20260128|9.26|9.4|9.26|9.34|00.97|01.62|00.11|-00.64|00.00|-00.21
白云山|600332.SH|20260128|25.32|25.4|25.22|25.32|-00.16|00.16|-00.16|-00.78|00.00|00.00
盛和资源|600392.SH|20260128|25.67|27.45|25.18|27.3|06.23|06.81|-00.12|-00.96|01.70|-01.00
驰宏锌锗|600497.SH|20260128|10.31|11.23|10.31|11.21|09.26|09.45|00.49|-03.21|00.94|-02.45
天士力|600535.SH|20260128|15.23|15.26|15.13|15.18|-00.52|00.00|-00.20|-00.78|00.00|00.00
华钰矿业|601020.SH|20260128|37.5|40.77|36.51|39.76|06.65|09.36|00.59|-03.92|00.49|-04.64
东兴证券|601198.SH|20260128|13.9|13.96|13.85|13.89|-00.22|00.29|-00.14|-00.64|00.21|-00.21
中国中冶|601618.SH|20260128|3.14|3.46|3.14|3.3|04.76|09.84|-00.32|-03.08|-00.31|-00.31
