藏格矿业|000408.SZ|20260107|91.81|93.49|90.2|91.15|-00.95|01.60|-01.98|-00.23|-03.02|-07.25
燕京啤酒|000729.SZ|20260107|12|12.3|11.85|12.21|01.75|02.50|-01.25|00.00|-02.49|-05.55
美年健康|002044.SZ|20260107|5.49|5.58|5.4|5.41|-01.28|01.82|-01.46|00.18|-01.22|-03.08
万丰奥威|002085.SZ|20260107|16.52|16.52|16.08|16.13|-02.42|-00.06|-02.72|-00.06|-01.21|-02.97
杭钢股份|600126.SH|20260107|8.43|8.56|8.31|8.39|-00.36|01.66|-01.31|00.12|-01.00|-02.34
复星医药|600196.SH|20260107|27.28|27.63|27.24|27.32|-00.11|01.02|-00.40|-00.26|-01.00|-02.14
山东黄金|600547.SH|20260107|40.99|41.2|40.13|41.09|00.27|00.54|-02.07|00.02|-02.25|-05.28
用友网络|600588.SH|20260107|13.7|13.77|13.5|13.56|-01.60|-00.07|-02.03|-00.58|-01.48|-03.48
中船防务|600685.SH|20260107|30.2|30.28|29.6|29.79|-02.04|-00.43|-02.66|-00.69|-01.90|-04.69
中信金属|601061.SH|20260107|15.21|15.24|14.9|15.02|-01.05|00.40|-01.84|00.20|-01.35|-04.41
新城控股|601155.SH|20260107|14.83|14.9|14.51|14.53|-01.82|00.68|-01.96|00.20|-02.30|-05.65
高能环境|603588.SH|20260107|8.27|8.39|8.21|8.28|00.73|02.07|-00.12|00.61|-00.89|-03.08
