云铝股份|000807.SZ|20260410|35.57|35.58|34.47|34.6|-02.70|00.06|-03.07|00.03|-03.12|-07.07
中国稀土|000831.SZ|20260410|52.23|52.86|51.63|52.01|00.58|02.22|-00.15|01.01|-02.25|-05.40
神火股份|000933.SZ|20260410|34.3|34.41|33.64|33.69|-02.99|-00.92|-03.14|-01.24|-02.67|-06.82
通富微电|002156.SZ|20260410|45.24|46.7|45.07|45.23|01.10|04.38|00.74|01.12|-02.07|-04.93
歌尔股份|002241.SZ|20260410|23.97|24.78|23.89|24.41|03.04|04.60|00.84|01.18|-00.92|-02.82
宏桥控股|002379.SZ|20260410|29.7|29.73|28.48|28.77|-02.47|00.78|-03.46|00.68|-01.99|-05.38
和而泰|002402.SZ|20260410|31.5|32.1|31.3|31.62|00.99|02.52|-00.03|00.61|-01.13|-03.43
云南锗业|002428.SZ|20260410|58.29|59.5|53.65|56.79|02.16|07.03|-03.49|04.86|-01.79|-05.49
兴森科技|002436.SZ|20260410|22.12|23.56|22.12|22.94|03.89|06.70|00.18|00.18|-03.31|-07.10
英维克|002837.SZ|20260410|94.95|102.4|94.65|99.05|06.40|10.00|01.68|02.00|-02.85|-07.08
生益科技|600183.SH|20260410|60.14|62.26|59.2|61.21|03.40|05.17|00.00|01.59|-03.28|-07.45
浙江龙盛|600352.SH|20260410|13.95|14.27|13.71|14.04|01.23|02.88|-01.15|00.58|-01.02|-03.27
厦门钨业|600549.SH|20260410|59.4|60.31|57.91|58.67|00.48|03.29|-00.82|01.73|-01.53|-04.49
太极实业|600667.SH|20260410|9.8|9.93|9.5|9.52|-01.14|03.12|-01.35|01.77|-02.86|-07.23
中国铝业|601600.SH|20260410|12.69|12.72|12.3|12.35|-03.29|-00.39|-03.68|-00.63|-04.47|-09.88
中科曙光|603019.SH|20260410|84|86.86|83.94|85.3|02.40|04.27|00.77|00.84|-01.70|-04.07
景旺电子|603228.SH|20260410|59.8|60.45|58.59|59.43|00.59|02.32|-00.83|01.22|-02.09|-05.05
宏和科技|603256.SH|20260410|77.2|83.82|75.27|81.18|06.54|10.00|-01.22|01.31|-03.24|-08.43
