盛达资源|000603.SZ|20260227|49.68|52.36|49.61|52|03.83|04.55|-00.94|-00.80|0.8876240251759152
华工科技|000988.SZ|20260227|86.82|90.88|85.3|89.86|01.48|02.63|-03.67|-01.95|1.267479008889033
川发龙蟒|002312.SZ|20260227|13.44|13.85|13.4|13.68|00.44|01.69|-01.62|-01.32|1.773864849230468
川恒股份|002895.SZ|20260227|42.78|43.7|42.46|42.98|-00.07|01.60|-01.28|-00.53|1.5737146691876203
兴发集团|600141.SH|20260227|42.66|43.97|42.31|43.1|00.51|02.54|-01.33|-00.51|1.1908740868955634
中油工程|600339.SH|20260227|4.18|4.26|4.15|4.24|01.19|01.67|-00.95|-00.24|1.5056759712974033
保变电气|600550.SH|20260227|17.4|17.93|17.34|17.48|-01.63|00.90|-02.42|-02.08|1.0391270380591133
石化油服|600871.SH|20260227|3.21|3.29|3.17|3.21|00.31|02.81|-00.94|00.31|1.3042522182979377
白银有色|601212.SH|20260227|10.46|10.76|10.36|10.7|02.20|02.77|-01.05|-00.10|0.9034695478092859
中国中铁|601390.SH|20260227|6.18|6.36|6.13|6.3|02.44|03.41|-00.33|00.49|0.7501219277527839
