深桑达Ａ|000032.SZ|20260114|22.46|24.18|22.27|23.26|05.30|09.46|01.67|-03.20|00.83|00.83
深圳华强|000062.SZ|20260114|25.11|25.69|24.96|25.34|00.80|02.19|-00.12|-03.12|00.12|00.04
万向钱潮|000559.SZ|20260114|18.96|20.09|18.53|18.79|-00.84|06.02|00.05|-07.33|02.49|-01.66
太阳能|000591.SZ|20260114|4.67|5.06|4.67|5.06|10.00|10.00|01.52|-00.65|00.22|00.00
航发控制|000738.SZ|20260114|22.69|23.15|21.88|22.12|-02.64|01.89|-00.13|-08.64|-00.88|-00.88
新 大 陆|000997.SZ|20260114|29.1|31.6|29.01|30.44|04.43|08.40|-00.17|-00.07|02.43|01.44
东华软件|002065.SZ|20260114|10.15|11.19|10.13|10.89|07.08|10.03|-00.20|-01.83|01.35|00.97
万丰奥威|002085.SZ|20260114|16.33|17.93|16.31|17.32|06.26|10.00|00.18|-04.06|00.06|00.06
广电运通|002152.SZ|20260114|13.58|14.4|13.58|14.18|05.19|06.82|00.74|-02.64|00.36|00.00
华天科技|002185.SZ|20260114|11.66|11.93|11.54|11.69|00.09|02.14|-00.17|-03.79|00.74|00.74
鱼跃医疗|002223.SZ|20260114|42.3|46.31|42.3|45.4|07.84|10.00|00.48|-03.11|03.01|00.00
广联达|002410.SZ|20260114|14.02|15.12|14.02|14.87|05.84|07.62|-00.21|-01.47|02.31|00.98
启明星辰|002439.SZ|20260114|15.32|15.95|15.31|15.58|01.90|04.32|00.20|-02.11|00.83|00.45
恺英网络|002517.SZ|20260114|26|27.55|25.76|26.08|-00.95|04.63|-01.25|-00.30|04.70|00.53
巨人网络|002558.SZ|20260114|48.72|50|45.6|47.02|-03.94|02.15|-00.47|-00.93|03.83|01.19
百润股份|002568.SZ|20260114|22|22.34|21.7|21.93|-00.32|01.55|00.00|-01.79|00.00|00.00
完美世界|002624.SZ|20260114|18.18|19.1|18|18.41|00.49|04.26|-00.76|-01.08|01.78|01.08
杭钢股份|600126.SH|20260114|8.82|9.76|8.82|9.59|08.12|10.03|-00.56|-03.59|02.07|01.52
华创云信|600155.SH|20260114|7.01|7.21|6.97|6.99|-00.71|02.41|-00.43|-00.28|00.71|00.14
上海贝岭|600171.SH|20260114|32.12|32.93|32.08|32.38|00.65|02.36|-00.16|-03.25|00.30|00.06
安迪苏|600299.SH|20260114|9.11|9.16|8.98|9.01|-01.10|00.55|00.00|-00.33|00.44|-00.22
中文传媒|600373.SH|20260114|10.01|10.55|10|10.22|01.69|04.98|-00.40|-02.43|01.46|00.97
海澜之家|600398.SH|20260114|6.24|6.3|6.14|6.19|-00.48|01.29|00.32|-01.58|00.16|-00.32
方大炭素|600516.SH|20260114|5.96|6.09|5.89|5.96|-00.33|01.84|-00.33|-02.61|00.49|00.16
中交设计|600720.SH|20260114|7.37|7.39|7.27|7.31|-00.54|00.54|00.27|-00.41|00.27|00.14
王府井|600859.SH|20260114|15.49|16.04|15.39|15.57|00.32|03.35|-00.19|-03.96|00.19|-00.74
玲珑轮胎|601966.SH|20260114|14.8|14.87|14.64|14.77|-00.20|00.47|00.00|-00.54|00.07|00.00
龙旗科技|603341.SH|20260114|52.37|52.92|50.6|51.31|-00.64|02.48|01.41|-00.31|03.42|00.95
科沃斯|603486.SH|20260114|83.39|85.55|82.75|83.67|00.31|02.57|-00.02|-02.85|00.73|00.16
中科软|603927.SH|20260114|20.65|21.86|20.65|21.48|03.72|05.55|-00.29|-02.17|00.76|00.00
