美的集团|000333.SZ|20260209|79.18|79.34|78.41|79.16|-00.48|-00.25|-01.42|-00.45|00.85|-00.06
云南白药|000538.SZ|20260209|56.8|57.35|56.71|57.33|00.58|00.61|-00.51|-00.35|00.37|-00.43
华东医药|000963.SZ|20260209|36.4|36.55|36.19|36.31|-00.25|00.41|-00.58|00.00|01.46|00.48
宁波银行|002142.SZ|20260209|32.2|32.9|32.05|32.61|01.05|01.95|-00.68|-00.22|-00.19|-01.22
东方雨虹|002271.SZ|20260209|18.07|18.4|17.73|18.28|01.73|02.39|-01.34|00.56|02.07|00.02
顺丰控股|002352.SZ|20260209|39.03|39.1|38.79|38.97|00.28|00.62|-00.18|00.44|00.34|-00.37
凯莱英|002821.SZ|20260209|102.44|104.2|101.2|103.08|01.00|02.10|-00.84|00.37|-00.34|-01.05
圆通速递|600233.SH|20260209|18.01|18.21|17.86|18.04|00.22|01.17|-00.78|00.06|-00.42|-01.16
洪都航空|600316.SH|20260209|45.21|45.33|43.43|43.62|-02.09|01.75|-02.51|01.48|03.26|00.54
片仔癀|600436.SH|20260209|166.74|169.94|166.73|169.09|-00.54|-00.04|-01.92|-01.92|00.18|-01.13
伊利股份|600887.SH|20260209|27|27.28|26.98|27.08|00.00|00.74|-00.37|-00.30|00.28|-00.35
海天味业|603288.SH|20260209|37|37.46|36.85|37.16|00.19|01.00|-00.65|-00.24|01.26|00.51
益丰药房|603939.SH|20260209|25.5|25.72|25.11|25.42|00.91|02.10|-00.32|01.23|-00.00|-01.23
