亚钾国际|000893.SZ|20260108|53.01|53.01|50.91|51.27|-03.59|-00.32|-04.27|-00.32|-02.95|-06.70
华峰化学|002064.SZ|20260108|11.56|12.12|11.28|11.74|01.38|04.66|-02.59|-00.17|-01.17|-03.69
宏桥控股|002379.SZ|20260108|27.6|27.8|26.63|26.96|-03.02|00.00|-04.21|-00.72|-03.14|-07.78
杭氧股份|002430.SZ|20260108|31.96|34|31.93|32.84|03.34|06.99|00.47|00.57|-00.73|-02.90
卫星化学|002648.SZ|20260108|18.69|19.1|18.48|18.82|00.91|02.41|-00.91|00.21|-01.19|-03.13
联泓新科|003022.SZ|20260108|20.38|20.76|20.25|20.45|00.49|02.01|-00.49|00.15|-00.41|-01.68
北汽蓝谷|600733.SH|20260108|8.3|8.42|8.22|8.35|00.24|01.08|-01.32|-00.36|-00.20|-01.70
江苏金租|600901.SH|20260108|6.3|6.32|6.19|6.2|-01.90|00.00|-02.06|-00.32|-00.53|-02.00
中国铝业|601600.SH|20260108|13.7|14.05|13.48|13.65|-02.85|00.00|-04.06|-02.49|-03.16|-07.82
景旺电子|603228.SH|20260108|79.16|79.85|76.65|77.01|-03.73|-00.18|-04.18|-01.04|-01.81|-05.76
伯特利|603596.SH|20260108|56.98|56.98|54.43|54.94|-03.60|-00.02|-04.49|-00.02|-01.75|-04.69
石英股份|603688.SH|20260108|39.65|40.2|39.18|39.27|-00.98|01.36|-01.21|-00.03|-00.64|-02.95
科博达|603786.SH|20260108|82.2|83.53|80.2|80.69|-03.34|00.06|-03.93|-01.53|-01.24|-04.73
洛阳钼业|603993.SH|20260108|21.55|22.4|21.29|21.68|-01.32|01.96|-03.10|-01.91|-02.44|-06.54
