002463.SZ|91.18|97.04|90.38|97.04|93744080.0|899948.25|88.17
002008.SZ|76.4|83.16|75.86|82.5|55495108.0|454443.53|75.58
603083.SH|118.52|124.0|116.92|120.34|36111684.0|437099.97|118.3
002273.SZ|30.06|30.26|29.35|29.81|60359860.0|180792.78|30.07
603920.SH|54.67|55.98|54.25|55.18|42615824.0|236047.95|54.14
000811.SZ|18.77|18.97|18.45|18.74|27612334.0|51552.94|18.6
002046.SZ|46.88|49.23|46.3|48.75|28161256.0|135913.89|46.06
000962.SZ|44.45|45.7|43.88|44.85|18411600.0|82470.99|43.74
002131.SZ|8.14|8.27|8.0|8.09|626233536.0|510554.41|8.02
001389.SZ|133.2|138.5|130.5|133.08|13477560.0|181221.34|132.0
603516.SH|145.63|147.36|143.23|146.15|5472254.0|79591.3|144.36
