603993.SH|19.77|21.14|19.71|20.04|453558304.0|924544.0|20.17
000630.SZ|7.39|8.02|7.38|7.65|856039552.0|659882.0|7.56
002812.SZ|69.78|70.6|67.6|67.7|34577588.0|237239.02|70.38
600497.SH|10.0|10.55|9.99|10.28|257272416.0|264554.13|10.1
601233.SH|21.58|21.85|20.6|20.99|52240712.0|110031.09|21.63
000737.SZ|14.45|15.52|14.45|15.11|110241304.0|166841.67|14.68
002085.SZ|13.0|13.0|12.63|12.67|52829152.0|67346.8|13.02
600862.SH|18.61|18.95|18.34|18.66|17873698.0|33450.26|18.84
601609.SH|12.18|13.3|12.16|13.0|130156136.0|166073.81|12.17
600961.SH|26.41|29.18|26.41|28.82|82309600.0|231280.95|26.7
