601888.SH|66.31|68.25|65.78|66.68|46445464.0|317862.81|66.65
000617.SZ|6.79|7.28|6.79|7.05|410634464.0|292608.22|6.79
002049.SZ|71.94|71.94|70.09|70.38|37192640.0|263769.28|71.49
600895.SH|25.28|25.58|24.91|25.33|39110108.0|99539.59|25.22
000582.SZ|9.9|11.29|9.78|10.59|344170560.0|366242.75|10.27
601606.SH|12.28|12.45|12.22|12.44|20046500.0|24727.93|12.33
000997.SZ|27.88|28.08|26.9|27.53|46192320.0|127935.58|28.61
000519.SZ|17.5|17.94|17.48|17.74|51369812.0|90897.78|17.69
600685.SH|23.96|24.41|23.71|24.29|20888566.0|50640.39|23.86
002265.SZ|20.59|21.24|20.59|20.78|22473100.0|46962.7|20.38
600967.SH|11.31|11.53|11.21|11.49|40553636.0|46332.7|11.3
600343.SH|11.25|11.49|11.25|11.39|10029200.0|11411.72|11.3
