002463.SZ|86.0|90.12|85.91|88.17|75493192.0|670812.94|87.82
002008.SZ|74.81|76.62|74.81|75.58|32671112.0|247513.83|76.35
002353.SZ|116.0|116.16|110.0|111.73|27023026.0|303328.22|117.46
600105.SH|37.87|39.61|36.7|38.7|217591488.0|826969.56|38.1
002273.SZ|29.37|31.14|29.37|30.07|87252752.0|267389.41|29.68
603083.SH|111.71|119.7|111.27|118.3|37514728.0|433447.78|115.96
603308.SH|69.8|70.8|68.15|68.28|18497496.0|127544.94|71.41
603920.SH|55.0|55.99|53.88|54.44|33164120.0|181356.84|55.7
002131.SZ|7.88|8.16|7.85|8.02|524168096.0|421257.84|7.96
000811.SZ|18.29|18.68|18.14|18.6|23243794.0|42999.3|18.66
000962.SZ|44.48|45.0|43.03|43.74|12950646.0|56633.04|44.88
001389.SZ|126.62|133.67|126.61|132.0|12992314.0|169749.8|126.81
002046.SZ|46.88|48.05|46.2|46.26|13302552.0|62157.31|47.53
603516.SH|148.0|150.82|143.3|144.46|6341946.0|92259.4|148.66
001287.SZ|25.99|27.48|25.99|26.95|42938668.0|115730.91|26.42
002217.SZ|2.5|2.55|2.46|2.5|244339104.0|60987.03|2.54
