20250103|411|142|277|367|23767657|114|555|17694969
20250106|238|307|347|301|23111590|354|299|13133442
20250107|269|268|271|384|20193861|465|192|16162766
20250108|111|480|83|589|23996009|218|447|17868861
20250109|95|517|300|341|23162787|271|390|14233874
20250110|247|294|197|455|24391551|87|576|13906812
20250113|50|601|272|386|23047439|353|304|11672483
20250114|377|186|646|24|27158084|665|8|18338756
20250115|144|414|209|447|25876960|176|478|11728707
20250116|544|71|365|281|26657642|408|242|13596038
20250117|111|490|472|175|20022684|408|226|15291500
20250120|565|67|447|210|25685479|359|286|13048851
20250121|553|59|302|339|24863273|281|368|14269633
20250122|116|468|148|518|24539352|173|483|13930220
20250123|624|31|474|182|30627130|301|347|15463747
20250124|160|400|534|120|24603850|527|123|15551068
20250127|396|170|327|333|23468372|289|370|13497163
20250205|521|95|303|358|28918262|283|376|14301685
20250206|170|389|442|205|30436845|521|134|19801921
20250207|212|329|592|69|38666171|535|129|26927249
20250210|327|213|294|345|36605257|351|285|18885883
20250211|289|229|242|416|33160307|245|412|18439251
20250212|127|452|208|437|30830921|452|191|22356734
20250213|198|333|244|400|37060694|184|467|22478027
20250214|197|346|364|277|33385956|362|277|21092433
20250217|336|217|300|353|41185513|315|340|21438654
20250218|207|336|350|299|33831862|153|517|24417324
20250219|174|363|401|241|34377342|470|182|21411748
20250220|189|353|242|406|34662503|269|378|19940104
20250221|326|213|380|262|44361505|390|262|27635476
20250224|238|339|339|312|47403417|318|336|23217738
20250225|48|576|205|443|36321944|124|534|24888402
20250226|346|194|416|226|34468051|515|149|23976290
20250227|278|251|211|448|40762034|267|387|22331529
20250228|102|493|191|452|33748372|85|582|25183921
20250303|399|145|457|203|32957634|362|281|17841477
20250304|110|504|358|278|25030927|421|218|17715736
20250305|250|273|274|378|27380367|328|319|17458323
20250306|492|92|510|138|35105503|514|144|22664830
20250307|114|456|339|314|31434391|272|389|23107432
20250310|288|263|240|404|29428191|319|336|16673600
20250311|14|650|213|437|27500693|425|225|18651126
20250312|395|139|295|352|28637456|289|363|21224822
20250313|240|292|207|456|30095478|256|403|18334857
20250314|294|274|552|115|38092622|569|94|23451835
20250317|441|133|334|317|32419563|308|340|15929228
20250318|464|117|313|309|28712534|336|306|16631235
20250319|141|413|233|421|25991749|254|399|16947950
20250320|202|318|332|310|24239146|202|450|16729158
20250321|126|454|171|483|27261057|147|510|19346005
20250324|274|265|241|411|24248252|334|317|17734315
20250325|291|238|277|374|22864088|363|297|14579920
20250326|186|371|384|260|21871406|280|362|12949034
20250327|109|437|357|293|22398109|317|336|12190742
20250328|225|316|153|506|20475415|178|472|12506084
20250331|132|481|114|552|25118081|178|482|14526709
20250401|403|143|519|140|21560242|452|200|13593940
20250402|188|358|374|268|18045865|314|335|11076443
20250403|36|635|196|463|22914466|248|406|13256238
20250407|11|663|22|653|38064600|14|661|19610867
20250408|250|346|380|288|36746735|408|258|23746620
20250409|38|621|334|324|39006940|485|170|22240991
20250410|570|71|526|129|38052999|554|104|17569636
20250411|109|508|291|365|24339952|329|316|19758566
20250414|524|98|523|133|27692324|476|176|14755291
20250415|241|268|184|477|20619297|225|432|12564932
20250416|156|422|111|545|20367704|257|405|15999674
20250417|70|569|417|231|18441117|267|361|11967120
20250418|141|420|207|437|14829611|358|275|11979148
20250421|213|342|442|208|18170645|480|168|12955894
20250422|187|355|283|352|19848942|276|362|12053375
20250423|477|120|348|293|21641997|336|312|13926735
20250424|286|243|238|422|20254870|263|384|10168189
20250425|406|161|475|188|20062169|411|244|11888983
20250428|271|291|255|402|20841330|228|435|10735657
20250429|192|381|347|302|18283076|329|328|11750781
20250430|321|258|392|259|22671979|344|308|14290388
20250506|575|48|558|106|26757288|566|98|15329138
20250507|640|21|386|254|28312193|426|224|14912611
20250508|91|491|402|232|22310311|384|253|13549010
20250509|261|268|199|455|21399707|218|443|11693580
20250512|523|79|465|174|25888063|532|122|14853017
20250513|593|52|264|392|26144820|303|344|12041389
20250514|220|326|261|369|20167184|416|229|21756465
20250515|147|430|154|500|21646942|118|541|12874081
20250516|136|434|288|363|17854944|272|378|12524648
20250519|253|270|298|342|18391837|349|294|10340600
20250520|295|224|389|230|17519147|403|223|12303821
20250521|249|280|369|258|19875184|344|285|12558183
20250522|118|455|210|449|18137542|160|507|10571717
20250523|194|341|400|232|17351256|123|540|15091611
20250526|232|308|267|364|18380516|364|282|10785201
20250527|205|290|149|502|15635875|216|417|10813844
20250528|289|213|293|346|15027702|260|391|9623260
20250529|267|266|537|107|18772308|519|133|11159624
20250530|153|428|200|445|17572114|178|476|11086355
20250603|141|472|381|258|20992061|373|269|11047437
20250604|320|203|494|155|18220771|480|159|11589921
20250605|333|195|317|309|17822804|355|292|16463965
20250606|351|180|326|311|19174284|325|321|10983660
20250609|383|148|397|246|22806555|446|196|13332933
20250610|291|205|271|362|19303804|168|490|16945165
20250611|319|202|512|137|21677375|479|162|13396426
20250612|181|373|300|334|20928899|278|366|13920860
20250613|175|402|184|478|25578034|182|473|17345232
20250616|149|441|313|324|22532736|363|285|12598231
20250617|306|209|283|347|19442104|342|304|12334182
20250618|205|344|236|423|19672712|287|373|12644918
20250619|146|396|100|568|20954233|113|551|13540360
20250620|221|288|336|300|17451819|253|390|12504083
20250623|97|520|326|324|19064710|432|213|13051284
20250624|413|168|545|119|25637838|563|107|14602768
20250625|356|150|377|265|24775745|560|100|21201960
20250626|254|259|337|293|27478539|197|459|16860728
20250627|375|185|482|177|30211298|397|245|17534283
20250630|374|171|343|293|25464273|402|235|16223816
20250701|301|224|270|381|24649357|367|285|14414321
20250702|245|284|317|325|23134960|312|344|16016225
20250703|301|234|352|289|22300566|382|257|15609875
20250704|232|305|307|332|24332767|272|376|17645967
20250707|210|352|258|380|21164996|311|336|12582685
20250708|244|260|493|152|25138484|522|138|17723273
20250709|293|225|297|347|27172881|220|430|17084285
20250710|232|318|339|302|27696893|436|222|19346152
20250711|335|207|513|149|33851954|384|257|25213591
20250714|355|201|356|301|31433901|362|296|16114185
20250715|253|308|130|536|33944806|211|456|16883166
20250716|263|259|304|338|26050219|271|369|15483386
20250717|259|247|342|287|25857747|451|182|21365914
20250718|402|147|386|252|34068628|432|219|17740098
20250721|343|212|403|257|35987535|483|181|20628545
20250722|261|277|390|262|37699576|436|225|28489404
20250723|352|234|381|279|40479145|205|442|26668744
20250724|231|324|463|195|40513745|512|148|26973114
20250725|322|226|236|414|39220303|242|411|23703418
20250728|296|278|234|433|40036710|282|377|21262824
20250729|147|412|192|466|36056908|333|324|23358653
20250730|240|328|359|295|36522505|282|380|25815456
20250731|114|490|159|514|39228817|101|569|27369125
20250801|216|335|294|337|31165253|283|356|19542354
20250804|71|551|277|365|27239933|415|219|16906694
20250805|426|119|446|200|28319055|519|127|18225504
20250806|245|261|349|280|29011366|435|206|19447739
20250807|282|212|274|372|33196983|283|368|19975519
20250808|186|349|372|273|30321176|329|326|18468544
20250811|337|202|452|196|33330618|426|217|20847215
20250812|254|239|314|316|33970717|340|310|21234788
20250813|373|165|409|221|39332428|397|248|27945763
20250814|330|193|236|410|43874225|138|527|27182644
20250815|134|451|519|137|42719460|539|120|31045026
20250818|472|114|519|139|57044108|428|215|33632078
20250819|289|252|301|343|53156643|266|382|32033324
20250820|127|436|273|376|50434051|538|115|31632236
20250821|336|205|370|281|54222953|326|333|27801195
20250822|241|302|327|317|50812944|469|180|36525476
20250825|505|82|489|171|71992155|559|108|36467858
20250826|184|376|381|273|57755193|323|333|34745838
20250827|259|299|351|311|57427520|90|583|50071208
20250828|191|370|287|367|59436757|474|185|40310876
20250829|361|212|360|299|69579331|345|317|36944631
20250901|432|167|283|383|70534920|334|333|34531100
20250902|281|267|174|492|69710684|198|467|35543565
20250903|441|121|130|536|53603078|131|536|33406333
20250904|247|309|126|531|58732667|198|462|35410821
20250905|305|243|451|204|47865883|593|75|34348369
20250908|337|228|413|254|58502482|445|222|27978860
20250909|177|399|256|397|47952829|257|399|29026062
20250910|186|393|225|433|45290648|213|440|23853090
20250911|203|363|464|191|53313598|581|79|33646619
20250912|293|259|335|314|59941424|270|395|32951853
20250915|274|276|295|345|53265279|224|430|28960611
20250916|344|221|241|419|53729218|314|351|29607224
20250917|217|338|407|232|53784144|410|246|29749650
20250918|221|333|278|387|61079906|146|528|52988028
20250919|235|317|375|277|54567108|339|324|30485484
20250922|301|246|236|432|49654096|282|386|27597081
20250923|229|339|116|555|62400824|228|439|29546530
20250924|90|537|398|247|50795959|501|151|33847198
20250925|239|335|298|361|59733798|266|398|31348665
20250926|124|481|319|321|53189535|249|390|30240541
20250929|288|254|354|307|49717871|484|171|37207203
20250930|304|273|334|319|53468120|361|300|33158779
20251009|392|203|463|205|72010178|493|174|37694319
20251010|128|479|337|320|68755898|312|345|35375143
20251013|30|642|128|542|63885093|238|426|32614462
20251014|483|111|351|308|69768480|252|405|38583932
20251015|341|229|292|363|51923894|492|163|33417806
20251016|172|403|249|409|47756634|237|424|28973293
20251017|223|347|171|488|46312183|82|586|30056376
20251020|557|84|437|216|44277236|422|243|22342262
20251021|393|171|540|121|43466608|525|133|27642551
20251022|99|506|220|438|39115198|236|416|20303209
20251023|155|421|212|440|36941058|408|253|21920102
20251024|357|200|320|330|43068081|391|270|27118759
20251027|494|133|533|129|60563031|506|153|29543701
20251028|215|361|318|334|50531116|230|433|29663522
20251029|256|320|425|232|52991466|500|164|32920414
20251030|214|360|302|357|58788517|223|442|35724326
20251031|285|298|268|396|59519662|251|407|28822600
20251103|298|275|270|392|51153100|370|290|25990193
20251104|187|375|194|470|42927860|157|505|26120660
20251105|36|618|333|323|38514378|367|293|25965921
20251106|308|235|530|126|47334422|505|150|26848865
20251107|147|448|294|355|45316436|287|367|26478856
20251110|359|212|380|270|52516455|412|252|27597145
20251111|342|217|253|407|42223068|231|427|25229021
20251112|205|368|203|457|43815810|223|441|23973629
20251113|246|313|464|197|43878997|510|150|26881205
20251114|73|545|228|420|39752787|141|519|24916022
20251117|218|345|228|431|41331526|244|420|21752210
20251118|142|433|197|464|39927991|153|514|22417299
20251119|212|330|223|443|34585280|290|365|21761767
20251120|437|157|361|291|37591250|220|431|21071041
20251121|40|617|61|610|42360495|46|624|22671044
20251124|519|86|283|361|33580039|378|280|24118900
20251125|516|94|570|86|37145816|473|174|21236499
20251126|278|273|392|246|34719357|269|381|20816375
20251127|282|265|389|250|33171344|285|349|19644012
20251128|230|322|406|215|28122397|485|176|19642184
20251201|373|212|468|185|41647824|513|150|21555936
20251202|155|408|158|501|32350375|179|468|17280905
20251203|276|263|356|300|31211241|259|398|19960630
20251204|251|298|294|351|32675496|282|369|15716147
20251205|213|322|361|284|30427689|488|178|25949066
20251208|403|145|361|292|42439262|356|300|24607371
20251209|151|444|203|458|40755869|170|491|22050245
20251210|179|387|263|385|35639929|419|236|20307254
20251211|386|169|235|418|36644590|159|503|22981722
20251212|315|245|409|243|41701360|462|192|30771026
20251215|120|498|322|333|39468401|285|371|20333331
20251216|165|415|90|572|36715706|135|536|20297793
20251217|256|311|328|312|32613093|549|105|29146989
20251218|105|493|319|328|34727949|271|385|21391910
20251219|348|216|526|133|36074642|481|178|22808361
20251222|416|154|436|211|41301140|415|238|24515799
20251223|279|241|346|301|42865519|274|386|24052751
20251224|234|313|385|251|39350733|457|193|26112863
20251225|216|337|367|283|38198020|395|253|24150924
20251226|234|304|260|385|48545402|350|294|24817156
20251229|293|255|300|352|49274234|244|412|26139774
20251230|83|527|302|341|43640594|263|388|29699706
20251231|296|241|241|406|45620261|255|394|24319550
20260105|448|125|504|154|59330331|531|134|31259604
20260106|308|234|530|130|65993540|558|107|38912034
20260107|296|272|332|325|66262093|284|382|38249618
20260108|164|425|317|335|61416672|294|363|36221828
20260109|253|319|384|265|70891190|485|171|34032256
20260112|364|205|381|270|74659950|434|222|40745727
20260113|316|236|315|336|80593992|242|412|40724043
20260114|271|312|533|121|73135259|260|402|60326275
20260115|134|462|291|372|62958425|317|340|35748787
20260116|510|115|249|411|71766674|256|401|37808149
20260119|208|389|387|259|66370662|436|209|33431385
20260120|322|206|304|350|68435863|388|277|36256264
20260121|133|470|326|335|59752234|326|334|37305480
20260122|357|180|335|320|68236307|381|276|33422915
20260123|410|162|384|262|67781053|403|247|45433563
20260126|314|243|309|349|84440462|303|356|37604803
20260127|173|411|193|476|68812427|232|438|38646382
20260128|299|267|378|285|74050120|353|309|43701709
20260129|219|389|278|385|80891222|322|340|51470149
20260130|122|496|142|526|76288030|171|490|32713753
20260202|174|451|215|446|60586119|101|571|38383251
20260203|582|58|476|185|60239978|564|105|36299956
20260204|242|365|343|311|57767067|472|200|32360188
20260205|126|486|154|514|52450678|210|459|27532490
20260206|58|592|340|309|49223248|240|419|26634866
20260209|591|53|530|121|49716177|572|95|25739077
20260210|288|243|246|407|44344241|288|372|24513975
20260211|220|341|400|244|43853381|348|313|24016024
20260212|302|260|365|291|47855531|326|338|27839201
20260213|156|423|189|464|41524292|108|562|29089562
20260224|623|38|538|129|54370745|491|171|25509777
20260225|378|178|550|116|58278151|454|212|37635571
20260226|355|218|329|327|61640129|322|333|32434736
20260227|138|440|317|326|58475422|411|243|34045707
20260302|150|506|293|370|81625971|329|336|39536045
20260303|275|293|266|391|82024894|127|541|44675518
20260304|34|623|184|482|68011953|212|451|29228492
20260305|591|70|489|171|58020560|443|219|32947895
20260306|96|530|450|208|53282891|431|229|31130773
20260309|118|546|150|512|70954018|196|466|34333765
20260310|507|137|459|190|59096265|500|164|29107548
20260311|301|252|340|303|61111901|378|284|33572002
20260312|192|406|194|461|62320539|288|369|33321213
20260313|139|466|278|382|58792731|178|482|35105032
20260316|241|336|214|447|60042202|257|400|32034908
20260317|400|187|325|338|51686579|183|480|32671709
20260318|334|223|210|456|45178949|332|325|30646787
20260319|61|603|118|547|47498299|80|589|31839043
20260320|403|183|400|251|49152989|148|522|31134994
20260323|48|618|93|581|54991225|59|616|36917505
20260324|629|40|514|154|49462382|609|65|28777627
20260325|480|132|549|114|55898396|594|77|26305518
20260326|189|402|206|451|43524750|143|518|27587924
20260327|30|630|401|256|41377595|462|199|26268807
20260330|87|572|350|308|48776179|340|317|22007776
20260331|251|318|226|434|50209815|157|513|25917958
20260401|621|43|527|131|47663782|544|121|25164036
20260402|155|440|189|473|41849806|192|475|24379366
20260403|383|186|149|516|35993342|139|531|20127513
20260407|351|194|284|369|37501538|345|313|20135363
20260408|589|76|583|89|58042328|622|50|33051426
20260409|71|574|193|472|52715856|202|460|25423660
20260410|548|90|466|192|56482834|436|224|30912311
20260413|114|524|292|372|52868083|326|327|28872068
20260414|508|116|360|291|55401736|472|191|32935570
20260415|447|140|333|321|59675665|266|397|30208305
20260416|376|206|430|221|51018053|459|189|31055228
20260417|162|423|231|432|56445708|261|395|29245820
20260420|284|278|415|236|63475367|387|269|32368219
20260421|226|333|273|386|56727936|311|353|30999213
20260422|151|442|373|284|58439944|387|273|36146943
20260423|292|286|188|473|76111698|241|419|32365293
20260424|142|468|181|483|62030361|227|434|33984137
20260427|256|337|300|356|64285955|298|363|32967218
20260428|177|416|300|361|61644718|303|362|32995701
20260429|164|446|439|217|61503768|487|171|37443590
20260430|253|370|286|380|72109501|271|391|36236761
20260506|446|142|472|194|76926484|491|174|42430558
20260507|426|163|348|312|76684129|388|270|41204668
20260508|166|449|249|407|73177157|312|346|41506091
20260511|368|200|429|224|87162954|435|222|45551327
20260512|306|235|241|422|82705177|256|404|40626803
20260513|168|425|310|356|76491319|368|294|45080193
20260514|339|237|141|528|85589344|124|543|40643222
20260515|252|313|281|374|80688900|151|513|43112536
20260518|138|482|244|419|70008191|262|405|36006232
20260519|232|323|292|363|64993944|429|235|39692764
20260520|120|491|210|457|69032854|246|425|37444093
20260521|410|191|373|289|77537323|148|520|50609475
20260522|464|114|348|284|63172484|361|271|41177192
20260525|385|178|308|329|73857121|353|277|38556774
20260526|106|464|227|402|80793785|309|321|42557248
20260527|153|434|142|498|79745069|174|467|44316026
20260528|164|386|218|416|67976457|228|399|44398773
20260529|317|234|338|301|82140257|300|339|47484911
20260601|234|334|341|293|77091444|369|268|36130016
20260602|254|297|217|424|71210234|273|362|39969080
20260603|140|425|272|367|73326938|242|401|50160266
20260604|68|539|179|461|67695585|177|464|41465429
20260605|229|333|377|259|73379314|255|378|46306442
20260608|33|601|116|523|69066162|113|533|39789271
20260609|444|146|326|302|60595154|439|193|38697560
20260610|70|537|225|415|65655367|265|376|34821192
20260611|111|484|189|448|60384262|233|406|37626781
20260612|468|144|540|102|80403890|483|159|46858592
20260615|438|161|393|237|83867232|461|179|38490594
20260616|193|384|281|357|76831799|253|386|43214411
20260617|174|381|227|407|76754971|263|376|42713429
20260618|133|457|181|462|84260201|195|450|46978231
20260622|198|378|306|335|98147277|476|164|50097207
20260623|168|415|252|379|94631367|165|473|46066618
20260624|191|378|210|434|84835474|252|385|45546739
20260625|158|434|283|354|96748598|271|370|44575201
20260626|208|371|114|531|99757234|105|540|44368669
20260629|216|325|362|270|98609950|391|242|38718317
20260630|153|443|259|383|81302804|290|353|43914798
20260701|225|301|497|147|91664649|439|202|47208224
20260702|188|406|289|346|87744937|244|398|44316473
20260703|374|188|370|265|81768269|418|215|43613289
20260706|311|248|323|311|87505631|352|283|35151293
20260707|177|394|118|526|64058208|110|533|37911559
20260708|235|325|236|387|65445587|202|429|33292420
20260709|219|376|131|507|68512851|318|317|47505120
20260710|243|322|465|176|87579722|367|274|47665378
20260713|108|496|163|470|72547601|162|474|37220303
20260714|214|374|310|321|66604112|503|140|44863291
20260715|224|372|402|237|72454054|394|245|36061321
20260716|60|544|237|396|60312960|193|447|36444580
20260717|145|407|235|397|62055485|124|515|39744119
20260720|397|178|475|172|69027961|433|213|39200000
20260721|287|301|378|262|82220498|415|216|37288608
20260722|104|493|312|319|74618752|349|284|37439289
20260723|197|356|385|244|63238538|451|186|30984357
20260724|95|513|86|554|51098487|64|580|30344134
20260727|237|325|483|147|48673843|540|93|29239854
20260728|70|528|183|457|50301205|207|431|25706280
20260729|263|251|462|183|57703460|517|127|32182460
20260730|123|474|256|360|56919482|331|304|34274172
20260731|295|325|367|270|67657952|402|225|29934634
