中国宝安|000009.SZ|20241010|9.56|9.91|9.3|9.4|-01.98|03.34|-03.02|-00.31|-25918402.076855533
河钢股份|000709.SZ|20241010|2.15|2.24|2.12|2.17|01.40|04.67|-00.93|00.47|-89370775.55555578
首钢股份|000959.SZ|20241010|3.28|3.41|3.2|3.32|00.61|03.33|-03.03|-00.61|-51027770.48076925
世纪华通|002602.SZ|20241010|4.17|4.31|4|4.12|-00.96|03.61|-03.85|00.24|-138724722.35739693
南网能源|003035.SZ|20241010|4.75|4.88|4.69|4.76|00.42|02.95|-01.05|00.21|-34133988.91996868
中稀有色|600259.SH|20241010|28.55|29.8|28.06|28.69|00.46|04.34|-01.75|-00.04|-7944368.450792101
华海药业|600521.SH|20241010|19.44|19.92|19.06|19.35|02.11|05.12|00.58|02.59|-19881473.41604474
哈药股份|600664.SH|20241010|3.66|3.8|3.63|3.69|00.82|03.83|-00.82|00.00|0
彩虹股份|600707.SH|20241010|7.55|7.65|7.13|7.32|-02.40|02.00|-04.93|00.67|-43900345.92495063
远东股份|600869.SH|20241010|4.45|4.6|4.36|4.38|-01.13|03.84|-01.58|00.45|-34677554.047618985
海油发展|600968.SH|20241010|4.36|4.6|4.35|4.45|01.60|05.02|-00.68|-00.46|-43107101.53846169
海南橡胶|601118.SH|20241010|5.96|6.12|5.82|5.89|-00.34|03.55|-01.52|00.85|-64627545.50382283
拓普集团|601689.SH|20241010|47.93|49.18|45.27|46.57|-02.90|02.54|-05.61|-00.06|-23362179.105683886
千里科技|601777.SH|20241010|4.85|5.34|4.78|5.34|10.10|10.10|-01.44|00.00|-41262997.73088018
和邦生物|603077.SH|20241010|2.03|2.11|2.01|2.05|00.99|03.94|-00.99|00.00|-148632144.16666633
三祥新材|603663.SH|20241010|16.43|16.71|15.81|16.04|-00.37|03.79|-01.80|02.05|0
岱美股份|603730.SH|20241010|7.83|8.04|7.63|7.79|-00.38|02.81|-02.43|00.13|-5548420.528413275
