铜陵有色|000630.SZ|20260617|7.56|7.7|7.33|7.56|-00.13|01.72|-03.17|-00.13|0
北方铜业|000737.SZ|20260617|14.69|14.8|14.44|14.68|-00.20|00.61|-01.84|-00.14|0
万丰奥威|002085.SZ|20260617|13.24|13.48|13.01|13.07|-02.39|00.67|-02.84|-01.12|0
恩捷股份|002812.SZ|20260617|69.78|70.55|68.7|70.38|00.87|01.12|-01.53|00.01|0
驰宏锌锗|600497.SH|20260617|10.04|10.43|9.88|10.1|00.30|03.57|-01.89|-00.30|0
中航高科|600862.SH|20260617|18.95|19.36|18.73|18.84|-00.95|01.79|-01.52|-00.37|0
株冶集团|600961.SH|20260617|26.92|27.41|26.39|26.7|-01.69|00.92|-02.84|-00.88|0
桐昆股份|601233.SH|20260617|22.67|22.9|21.53|21.63|-05.30|00.26|-05.74|-00.74|0
金田股份|601609.SH|20260617|12.56|12.64|12.11|12.17|-04.25|-00.55|-04.72|-01.18|0
洛阳钼业|603993.SH|20260617|19.83|20.5|19.58|20.17|00.70|02.35|-02.25|-01.00|0
