000021.SZ|深科技|63311870901.76|20260722|39.43|42.48|39.43|40.22|220930336.0|909071.13|38.65|0|0|4.0621|1|0|1|0|1|0|39.27|46.24|51.25|48.31|41.81|35.77|0|0
000426.SZ|兴业银锡|56327270641.92|20260722|30.6|32.58|30.59|31.73|112602472.0|361917.13|29.62|0|1|7.1236|1|0|1|0|1|0|29.27|30.47|32.24|34.44|38.6|43.44|0|0
002156.SZ|通富微电|113657166784.00|20260722|71.71|76.23|70.88|74.9|247883776.0|1863601.0|69.3|0|1|8.0808|1|0|1|0|1|0|70.3|72.48|71.44|69.39|65.28|56.36|0|0
002203.SZ|海亮股份|40659157314.56|20260722|18.55|19.77|18.34|18.38|52812188.0|100373.78|18.33|0|0|0.2728|1|0|0|1|1|0|17.9|18.58|20.07|21.26|20.62|17.53|0|0
002396.SZ|星网锐捷|26198988447.36|20260722|30.16|34.77|30.1|34.59|218924192.0|734990.13|31.61|0|1|9.4274|1|0|1|0|1|0|30.68|29.5|25.75|23.49|22.98|22.36|0|0
002409.SZ|雅克科技|47733824410.24|20260722|146.42|157.91|146.4|149.86|49218204.0|749191.0|143.55|0|1|4.3957|1|0|1|0|1|0|144.98|168.89|185.04|172.05|138.57|113.35|0|0
600206.SH|有研新材|34403930501.12|20260722|39.45|42.48|39.0|40.64|119545320.0|491691.53|39.46|0|0|2.9904|1|0|1|0|1|0|39.92|47.33|52.8|48.64|38.91|30.62|0|0
600460.SH|士兰微|55230547555.84|20260722|32.87|35.16|32.86|33.19|151827568.0|514772.06|32.87|0|0|0.9735|1|0|1|0|1|0|33.04|38.0|43.89|42.46|37.15|33.0|0|0
600988.SH|赤峰黄金|63594694625.28|20260722|36.82|39.03|36.59|38.22|108472160.0|415997.56|35.48|0|1|7.7227|1|0|1|0|1|0|34.46|33.72|31.08|30.78|33.64|37.28|0|0
603005.SH|晶方科技|20680364987.52|20260722|31.1|33.18|31.1|31.71|81807088.0|262903.47|31.05|0|0|2.1256|1|0|1|0|1|0|31.31|36.42|41.98|43.1|40.06|35.08|0|0
