000603.SZ|盛达资源|33615838467.84|20260225|49.88|51.44|48.73|50.42|45559912.0|229544.63|49.6|0|0|1.6532|1|0|1|0|1|0|47.86|48.16|52.15|47.44|0.0|0.0|0|0
000988.SZ|华工科技|86278013760.00|20260225|85.45|86.65|83.87|85.85|127027376.0|1087868.0|82.17|0|0|4.4785|1|0|1|0|1|0|78.73|77.08|77.35|78.78|0.0|0.0|0|0
002312.SZ|川发龙蟒|25732971146.24|20260225|12.91|13.95|12.82|13.66|300811008.0|409076.75|12.67|0|1|7.8137|1|0|1|0|1|0|12.25|11.94|12.04|11.82|0.0|0.0|0|0
002895.SZ|川恒股份|25481245600.00|20260225|40.52|44.52|40.52|42.5|33587184.0|148675.13|40.88|0|0|3.9628|1|0|1|0|1|0|39.26|37.91|38.62|38.09|0.0|0.0|0|0
600141.SH|兴发集团|51975245312.00|20260225|41.66|44.99|41.66|43.25|67434864.0|295457.56|41.05|0|0|5.3593|1|0|1|0|1|0|39.6|38.44|39.62|39.26|0.0|0.0|0|0
600339.SH|中油工程|23840039910.40|20260225|4.25|4.37|4.16|4.27|286888256.0|123482.91|4.23|0|0|0.9456|1|0|1|0|1|0|4.08|3.99|3.92|3.77|0.0|0.0|0|0
600550.SH|保变电气|32042594995.20|20260225|16.7|17.79|16.36|17.4|219730672.0|378984.31|16.7|0|0|4.1916|1|0|1|0|1|0|16.07|15.86|15.44|14.72|0.0|0.0|0|0
600871.SH|石化油服|45247020400.64|20260225|3.22|3.42|3.16|3.34|711751104.0|235886.19|3.22|0|0|3.7267|1|0|1|0|1|0|3.12|3.05|2.95|2.74|0.0|0.0|0|0
601212.SH|白银有色|79379181568.00|20260225|10.65|10.95|10.42|10.72|441563232.0|473471.78|10.42|0|0|2.8791|1|0|1|0|1|0|9.96|10.12|10.98|9.55|0.0|0.0|0|0
601390.SH|中国中铁|123975911219.20|20260225|5.97|6.38|5.9|6.1|1258048640.0|786800.19|5.96|0|0|2.349|1|0|1|0|1|0|5.68|5.57|5.53|5.49|0.0|0.0|0|0
