000962.SZ|东方钽业|22753695413.12|20260409|44.4|46.1|43.7|45.22|26346700.0|118768.66|44.4|0|0|1.8468|1|0|1|0|1|0|42.47|43.96|45.49|48.62|44.62|0.0|0|0
002008.SZ|大族激光|72864350863.36|20260409|70.8|77.68|70.34|76.16|66494032.0|496987.91|70.6|0|1|7.8754|1|0|1|0|1|0|67.22|64.91|64.8|66.84|57.94|0.0|0|0
002046.SZ|国机精工|24637372403.52|20260409|45.11|46.95|44.83|46.47|20389986.0|94499.47|45.77|0|0|1.5294|1|0|1|0|1|0|43.75|43.61|44.89|46.91|46.71|0.0|0|0
002131.SZ|利欧股份|46662746818.56|20260409|8.0|8.09|7.85|7.97|828566272.0|663809.06|7.92|0|0|0.6313|1|0|0|1|1|0|7.52|7.6|7.62|7.98|8.45|0.0|0|0
002273.SZ|水晶光电|40859494913.28|20260409|28.38|30.35|28.03|29.91|149637648.0|445560.63|27.98|0|0|6.8978|1|0|1|0|1|0|26.53|24.58|24.75|25.43|25.61|0.0|0|0
002353.SZ|杰瑞股份|77251204199.68|20260409|110.91|114.24|107.9|111.79|26690812.0|298685.28|111.13|0|0|0.5939|1|0|1|0|1|0|107.57|102.18|101.04|106.7|97.16|0.0|0|0
002463.SZ|沪电股份|164092647728.64|20260409|84.18|86.61|83.65|85.34|101395352.0|870283.19|83.57|0|0|2.118|1|0|1|0|1|0|79.29|78.8|80.84|79.83|75.4|0.0|0|0
600105.SH|永鼎股份|50628882694.40|20260409|33.94|34.91|33.19|34.63|186437472.0|637185.25|33.22|0|0|4.2444|1|0|1|0|1|0|31.86|29.61|28.27|28.27|27.83|0.0|0|0
603083.SH|剑桥科技|31767073023.68|20260409|112.65|116.76|112.65|115.27|43028136.0|496007.63|111.27|0|0|3.5949|1|0|1|0|1|0|106.47|105.3|109.08|110.32|111.09|0.0|0|0
603308.SH|应流股份|46542134155.52|20260409|67.64|70.0|66.8|68.54|23573566.0|161980.47|66.84|0|0|2.5434|1|0|1|0|1|0|64.53|63.62|62.49|64.05|58.6|0.0|0|0
603516.SH|淳中科技|30110133871.52|20260409|141.89|151.9|141.57|148.13|9795026.0|144217.83|141.58|0|0|4.6264|1|0|1|0|1|0|136.19|137.9|142.89|147.69|171.8|0.0|0|0
603920.SH|世运电路|40915228295.68|20260409|54.32|58.12|53.7|56.78|58261868.0|330600.38|53.78|0|0|5.5783|1|0|1|0|1|0|51.43|51.02|51.95|54.44|58.02|0.0|0|0
