002384.SZ|东山精密|261779119813.12|20260805|162.0|193.88|162.0|188.83|135106896.0|2444070.25|179.09|0|0|5.4386|1|0|1|0|1|0|172.8|185.22|214.62|224.67|225.51|175.18|0|0
002463.SZ|沪电股份|222276893337.60|20260805|109.65|119.0|109.5|115.6|81661528.0|934871.25|111.77|0|0|3.4267|1|0|1|0|1|0|105.86|108.57|118.39|125.39|126.26|105.66|0|0
002916.SZ|深南电路|232138193780.48|20260805|330.78|356.47|328.0|349.18|14465590.0|498075.44|332.54|0|0|5.0039|1|0|1|0|1|0|315.31|323.44|349.65|378.46|382.1|322.46|0|0
002938.SZ|鹏鼎控股|210585595251.20|20260805|88.11|94.2|86.15|91.13|36327700.0|327505.53|89.0|0|0|2.3933|1|0|1|0|1|0|83.72|85.63|91.48|94.4|99.2|78.83|0|0
003031.SZ|中瓷电子|36951222755.52|20260805|98.67|109.83|97.78|108.63|14155231.0|148756.33|100.3|0|0|8.3051|1|0|1|0|1|0|97.18|100.68|112.15|130.07|143.05|118.27|0|0
600105.SH|永鼎股份|53435912864.00|20260805|33.01|37.2|32.72|36.55|261450256.0|915719.88|34.29|0|0|6.5908|1|0|1|0|1|0|33.4|33.35|38.42|45.25|49.23|41.31|0|0
600183.SH|生益科技|296138643010.56|20260805|110.0|123.45|110.0|122.79|89347128.0|1057671.25|112.23|0|1|9.4092|1|0|1|0|1|0|108.55|113.41|127.0|139.28|137.82|101.52|0|0
600330.SH|天通股份|24273990881.28|20260805|17.7|19.93|17.68|19.68|147672624.0|284164.47|18.12|0|1|8.6093|1|0|1|0|1|0|17.45|18.09|19.71|22.73|26.8|23.27|0|0
600378.SH|昊华科技|47267956120.32|20260805|41.7|44.66|41.4|44.07|69065504.0|299414.44|41.47|0|0|6.2696|1|0|1|0|1|0|40.67|42.29|46.95|54.98|51.11|42.55|0|0
601126.SH|四方股份|36782306062.08|20260805|41.71|45.27|41.03|44.58|43860616.0|192435.02|42.13|0|0|5.8153|1|0|1|0|1|0|39.95|41.11|44.76|50.11|62.78|54.81|0|0
603259.SH|药明康德|364808837760.00|20260805|143.96|150.0|141.47|147.5|134475488.0|1974016.0|141.35|0|0|4.3509|1|0|1|0|1|0|134.25|129.79|127.15|125.21|113.02|105.47|0|0
605589.SH|圣泉集团|32914707356.16|20260805|35.77|39.08|35.7|38.91|54432320.0|205489.58|36.21|0|0|7.4565|1|0|1|0|1|0|35.06|36.22|41.25|47.87|50.49|42.04|0|0
