002289.SZ|宇顺电子|0.00|20260805|31.32|33.7|31.32|32.36|7845252.0|25705.97|31.32|0|0|3.3206|1|0|1|0|1|0|29.94|31.52|35.31|38.85|40.27|34.58|0|0
002384.SZ|东山精密|0.00|20260805|162.0|193.88|162.0|188.83|135106896.0|2444070.25|179.09|0|0|5.4386|1|0|1|0|1|0|172.8|185.22|214.62|224.67|225.51|175.18|0|0
002463.SZ|沪电股份|0.00|20260805|109.65|119.0|109.5|115.6|81661528.0|934871.25|111.77|0|0|3.4267|1|0|1|0|1|0|105.86|108.57|118.39|125.39|126.26|105.66|0|0
002916.SZ|深南电路|0.00|20260805|330.78|356.47|328.0|349.18|14465590.0|498075.44|332.54|0|0|5.0039|1|0|1|0|1|0|315.31|323.44|349.65|378.46|382.1|322.46|0|0
002938.SZ|鹏鼎控股|0.00|20260805|88.11|94.2|86.15|91.13|36327700.0|327505.53|89.0|0|0|2.3933|1|0|1|0|1|0|83.72|85.63|91.48|94.4|99.2|78.83|0|0
003031.SZ|中瓷电子|0.00|20260805|98.67|109.83|97.78|108.63|14155231.0|148756.33|100.3|0|0|8.3051|1|0|1|0|1|0|97.18|100.68|112.15|130.07|143.05|118.27|0|0
600105.SH|永鼎股份|0.00|20260805|33.01|37.2|32.72|36.55|261450256.0|915719.88|34.29|0|0|6.5908|1|0|1|0|1|0|33.4|33.35|38.42|45.25|49.23|41.31|0|0
600183.SH|生益科技|0.00|20260805|110.0|123.45|110.0|122.79|89347128.0|1057671.25|112.23|0|1|9.4092|1|0|1|0|1|0|108.55|113.41|127.0|139.28|137.82|101.52|0|0
600330.SH|天通股份|0.00|20260805|17.7|19.93|17.68|19.68|147672624.0|284164.47|18.12|0|1|8.6093|1|0|1|0|1|0|17.45|18.09|19.71|22.73|26.8|23.27|0|0
600378.SH|昊华科技|0.00|20260805|41.7|44.66|41.4|44.07|69065504.0|299414.44|41.47|0|0|6.2696|1|0|1|0|1|0|40.67|42.29|46.95|54.98|51.11|42.55|0|0
601126.SH|四方股份|0.00|20260805|41.71|45.27|41.03|44.58|43860616.0|192435.02|42.13|0|0|5.8153|1|0|1|0|1|0|39.95|41.11|44.76|50.11|62.78|54.81|0|0
603259.SH|药明康德|0.00|20260805|143.96|150.0|141.47|147.5|134475488.0|1974016.0|141.35|0|0|4.3509|1|0|1|0|1|0|134.25|129.79|127.15|125.21|113.02|105.47|0|0
603358.SH|华达科技|0.00|20260805|39.61|42.42|38.6|41.73|17666758.0|71750.67|39.61|0|0|5.3522|1|0|1|0|1|0|38.06|36.3|36.74|38.74|38.13|39.47|0|0
603757.SH|大元泵业|0.00|20260805|54.6|61.0|54.6|58.4|13158910.0|76231.27|55.72|0|0|4.8098|1|0|1|0|1|0|53.49|56.36|65.02|67.84|62.71|55.12|0|0
603938.SH|三孚股份|0.00|20260805|37.39|40.28|36.67|39.8|22277254.0|86912.09|37.39|0|0|6.4456|1|0|1|0|1|0|36.43|38.23|42.61|50.83|50.81|39.12|0|0
605589.SH|圣泉集团|0.00|20260805|35.77|39.08|35.7|38.91|54432320.0|205489.58|36.21|0|0|7.4565|1|0|1|0|1|0|35.06|36.22|41.25|47.87|50.49|42.04|0|0
