000539.SZ|粤电力Ａ|0.00|20260721|5.92|6.11|5.47|6.05|241629984.0|139545.86|5.82|0|0|3.9519|1|0|1|0|1|0|5.58|5.73|6.17|6.64|7.04|6.21|0|0
000596.SZ|古井贡酒|0.00|20260721|93.58|98.61|92.01|96.0|18438576.0|176006.84|93.83|0|0|2.3127|1|0|1|0|1|0|89.5|82.28|79.05|79.84|87.51|100.08|0|0
000767.SZ|晋控电力|0.00|20260721|3.85|4.11|3.62|3.99|474574112.0|180711.45|3.76|0|0|6.117|1|0|1|0|1|0|3.58|3.48|3.66|4.0|4.4|4.02|0|0
002440.SZ|闰土股份|0.00|20260721|12.01|12.95|11.95|12.29|132851040.0|163023.59|11.78|0|0|4.3294|1|0|1|0|1|0|11.39|10.63|10.76|10.37|10.15|11.17|0|0
600126.SH|杭钢股份|0.00|20260721|6.3|6.76|6.25|6.74|233771520.0|153435.83|6.23|0|0|8.1862|1|0|1|0|1|0|6.07|5.93|6.02|6.31|7.47|8.24|0|0
600188.SH|兖矿能源|0.00|20260721|20.78|21.13|19.66|20.62|86500992.0|178425.55|20.47|0|0|0.7328|1|0|0|1|1|0|19.75|18.84|18.35|19.28|20.53|19.19|0|0
600396.SH|华电辽能|0.00|20260721|12.98|13.99|11.8|13.56|332667904.0|424463.88|12.82|0|0|5.7722|1|0|1|0|1|0|12.48|12.28|13.39|14.86|15.12|10.1|0|0
600578.SH|京能电力|0.00|20260721|5.73|6.25|5.31|6.11|326908896.0|185839.56|5.72|0|0|6.8182|1|0|1|0|1|0|5.59|5.57|5.92|6.53|6.76|5.96|0|0
600863.SH|华能蒙电|0.00|20260721|4.78|5.12|4.58|4.94|412034496.0|208194.13|4.8|0|0|2.9167|1|0|1|0|1|0|4.61|4.51|4.51|4.78|5.08|4.93|0|0
601991.SH|大唐发电|0.00|20260721|6.32|6.81|6.0|6.62|1012262272.0|644810.56|6.38|0|0|3.7618|1|0|1|0|1|0|6.05|6.23|6.81|7.31|7.03|5.51|0|0
