000657.SZ|中钨高新|0.00|20260806|61.45|63.17|59.47|62.5|171501568.0|1052245.5|57.43|0|1|8.8281|1|0|1|0|1|0|53.93|53.91|59.4|68.91|71.55|63.17|0|0
001337.SZ|四川黄金|0.00|20260806|46.0|46.87|43.97|45.01|33304052.0|150705.41|43.27|0|0|4.0213|1|0|0|1|1|0|41.4|39.93|37.84|37.76|42.95|46.73|0|0
002396.SZ|星网锐捷|0.00|20260806|27.98|29.4|27.61|29.02|107231560.0|307388.94|28.7|0|0|1.115|1|0|1|0|1|0|26.97|27.81|28.9|26.95|24.2|22.94|0|0
002636.SZ|金安国纪|0.00|20260806|55.61|61.62|55.61|59.99|81932568.0|480917.88|56.18|0|0|6.7818|1|0|1|0|1|0|53.08|54.8|68.33|81.12|74.88|54.31|0|0
002842.SZ|翔鹭钨业|0.00|20260806|36.0|37.88|35.27|36.98|73543624.0|266411.25|34.56|0|0|7.0023|1|0|1|0|1|0|32.42|31.38|32.49|36.37|37.03|35.99|0|0
600172.SH|黄河旋风|0.00|20260806|11.21|11.96|11.05|11.74|232915040.0|269694.09|11.22|0|0|4.6346|1|0|1|0|1|0|10.49|10.56|11.87|13.72|13.45|11.12|0|0
600367.SH|红星发展|0.00|20260806|30.38|31.95|29.96|31.49|58100376.0|180680.77|29.92|0|0|5.2473|1|0|1|0|1|0|28.24|28.65|31.57|38.8|40.43|31.33|0|0
600629.SH|华建集团|0.00|20260806|15.5|16.24|15.32|15.59|60681128.0|95499.3|15.57|0|0|0.1285|1|0|1|0|1|0|14.79|13.8|13.37|12.89|13.69|15.49|0|0
601869.SH|长飞光纤|0.00|20260806|310.56|333.0|310.5|328.25|18989548.0|611128.19|312.4|0|0|5.0736|1|0|1|0|1|0|291.69|297.27|343.45|388.51|412.56|353.87|0|0
603268.SH|松发股份|0.00|20260806|176.1|184.37|171.53|180.0|13319988.0|239794.23|172.87|0|0|4.1245|1|0|1|0|1|0|162.45|155.98|155.71|154.04|149.73|135.82|0|0
603297.SH|永新光学|0.00|20260806|101.5|107.74|100.02|105.07|3195509.0|33411.84|102.22|0|0|2.7881|1|0|1|0|1|0|95.49|94.13|97.74|108.94|119.39|116.84|0|0
