000021.SZ|深科技|0.00|20260625|52.8|54.27|52.0|53.2|224494560.0|1192239.75|50.27|0|0|5.8285|1|0|1|0|1|0|47.98|43.92|41.03|40.03|34.34|0.0|0|0
000032.SZ|深桑达Ａ|0.00|20260625|26.48|27.19|24.5|25.68|110324256.0|284254.56|25.34|0|0|1.3418|1|0|0|1|1|0|24.65|22.63|19.37|19.18|18.69|0.0|0|0
000967.SZ|盈峰环境|0.00|20260625|11.13|11.99|11.12|11.68|303716960.0|357776.78|10.89|0|1|7.2544|1|0|1|0|1|0|10.57|10.28|10.39|11.14|11.63|0.0|0|0
002046.SZ|国机精工|0.00|20260625|72.05|76.95|72.05|75.41|53501948.0|407122.13|69.95|0|1|7.8056|1|0|1|0|1|0|68.26|64.49|60.31|57.94|53.9|0.0|0|0
002364.SZ|中恒电气|0.00|20260625|56.95|58.3|55.18|56.1|55709480.0|314822.75|55.18|0|0|1.6673|1|0|0|1|1|0|53.73|51.9|52.81|52.45|45.26|0.0|0|0
002600.SZ|领益智造|0.00|20260625|18.15|18.28|17.51|17.88|444447584.0|794935.31|17.66|0|0|1.2458|1|0|0|1|1|0|17.02|15.93|15.37|15.67|14.78|0.0|0|0
600563.SH|法拉电子|0.00|20260625|183.0|191.55|178.97|190.04|20915560.0|390276.06|178.76|0|0|6.3101|1|0|1|0|1|0|174.49|165.9|163.95|160.09|140.67|0.0|0|0
600877.SH|电科芯片|0.00|20260625|16.2|16.8|16.0|16.64|70356312.0|116121.33|16.2|0|0|2.716|1|0|1|0|1|0|15.11|14.4|14.24|14.9|15.79|0.0|0|0
601133.SH|柏诚股份|0.00|20260625|33.88|35.06|33.03|34.73|39985692.0|136847.55|32.3|0|0|7.5232|1|0|1|0|1|0|31.48|31.5|29.47|29.91|26.44|0.0|0|0
603713.SH|密尔克卫|0.00|20260625|70.88|75.65|70.88|75.65|12487161.0|92792.59|68.77|0|1|10.0044|1|0|1|0|1|0|65.86|61.98|58.27|56.4|56.95|0.0|0|0
