000021.SZ|深科技|0.00|20260722|39.43|42.48|39.43|40.22|220930336.0|909071.13|38.65|0|0|4.0621|1|0|1|0|1|0|39.27|46.24|51.25|48.31|41.81|35.77|0|0
000426.SZ|兴业银锡|0.00|20260722|30.6|32.58|30.59|31.73|112602472.0|361917.13|29.62|0|1|7.1236|1|0|1|0|1|0|29.27|30.47|32.24|34.44|38.6|43.44|0|0
000555.SZ|神州信息|0.00|20260722|10.48|10.87|10.41|10.75|69675576.0|74385.61|10.49|0|0|2.4786|1|0|1|0|1|0|10.0|9.91|10.1|10.49|12.05|14.4|0|0
002156.SZ|通富微电|0.00|20260722|71.71|76.23|70.88|74.9|247883776.0|1863601.0|69.3|0|1|8.0808|1|0|1|0|1|0|70.3|72.48|71.44|69.39|65.28|56.36|0|0
002167.SZ|东方锆业|0.00|20260722|17.37|18.06|16.5|17.1|184672000.0|322991.09|16.85|0|0|1.4837|1|0|0|1|1|0|16.72|17.62|20.22|18.86|15.99|14.7|0|0
002203.SZ|海亮股份|0.00|20260722|18.55|19.77|18.34|18.38|52812188.0|100373.78|18.33|0|0|0.2728|1|0|0|1|1|0|17.9|18.58|20.07|21.26|20.62|17.53|0|0
002396.SZ|星网锐捷|0.00|20260722|30.16|34.77|30.1|34.59|218924192.0|734990.13|31.61|0|1|9.4274|1|0|1|0|1|0|30.68|29.5|25.75|23.49|22.98|22.36|0|0
002409.SZ|雅克科技|0.00|20260722|146.42|157.91|146.4|149.86|49218204.0|749191.0|143.55|0|1|4.3957|1|0|1|0|1|0|144.98|168.89|185.04|172.05|138.57|113.35|0|0
002913.SZ|奥士康|0.00|20260722|43.44|45.5|42.71|43.9|11351646.0|50135.44|42.59|0|0|3.0758|1|0|1|0|1|0|43.21|47.77|53.8|56.71|55.18|50.73|0|0
002987.SZ|京北方|0.00|20260722|10.68|11.08|10.63|10.89|56092620.0|60836.38|10.63|0|0|2.4459|1|0|1|0|1|0|10.11|9.83|9.82|10.36|11.35|13.04|0|0
600206.SH|有研新材|0.00|20260722|39.45|42.48|39.0|40.64|119545320.0|491691.53|39.46|0|0|2.9904|1|0|1|0|1|0|39.92|47.33|52.8|48.64|38.91|30.62|0|0
600460.SH|士兰微|0.00|20260722|32.87|35.16|32.86|33.19|151827568.0|514772.06|32.87|0|0|0.9735|1|0|1|0|1|0|33.04|38.0|43.89|42.46|37.15|33.0|0|0
600552.SH|凯盛科技|0.00|20260722|16.15|17.25|16.11|16.28|112379824.0|187906.05|16.07|0|0|1.3068|1|0|1|0|1|0|16.14|18.56|22.85|22.87|20.48|17.09|0|0
600988.SH|赤峰黄金|0.00|20260722|36.82|39.03|36.59|38.22|108472160.0|415997.56|35.48|0|1|7.7227|1|0|1|0|1|0|34.46|33.72|31.08|30.78|33.64|37.28|0|0
603005.SH|晶方科技|0.00|20260722|31.1|33.18|31.1|31.71|81807088.0|262903.47|31.05|0|0|2.1256|1|0|1|0|1|0|31.31|36.42|41.98|43.1|40.06|35.08|0|0
603124.SH|江南新材|0.00|20260722|117.4|126.45|117.25|119.8|7942452.0|98121.12|114.95|0|1|4.2192|1|0|1|0|1|0|116.64|130.64|152.17|164.63|149.54|127.34|0|0
