000791.SZ|甘肃能源|0.00|20260529|9.67|10.16|9.45|9.84|170851792.0|167199.19|9.68|0|0|1.6529|1|0|1|0|1|0|9.23|9.11|9.03|8.69|8.26|0.0|0|0
002348.SZ|高乐股份|0.00|20260529|15.0|16.09|14.93|15.37|64436904.0|101088.38|14.63|0|1|5.0581|1|0|1|0|1|0|13.82|13.93|13.13|11.99|10.08|0.0|0|0
002428.SZ|云南锗业|0.00|20260529|95.09|96.99|89.04|91.17|127487824.0|1188619.0|89.84|0|0|1.4804|1|0|0|1|1|0|87.03|87.9|87.21|80.93|64.12|0.0|0|0
002636.SZ|金安国纪|0.00|20260529|55.0|56.8|53.02|53.51|70616816.0|386943.91|53.5|0|0|0.0187|1|0|0|1|1|0|49.71|46.95|46.62|44.96|37.91|0.0|0|0
002975.SZ|博杰股份|0.00|20260529|140.99|147.71|139.5|144.3|24216164.0|353336.97|134.28|0|1|7.462|1|0|1|0|1|0|132.26|125.15|113.16|102.04|80.02|0.0|0|0
600032.SH|浙江新能|0.00|20260529|10.58|11.19|10.55|10.58|123893200.0|134173.14|10.37|0|0|2.0251|1|0|0|0|1|0|9.91|10.38|10.48|10.5|10.04|0.0|0|0
600063.SH|皖维高新|0.00|20260529|7.65|7.65|6.92|7.0|267223712.0|197084.91|6.95|0|1|0.7194|1|0|0|1|1|0|6.7|6.43|6.59|6.73|6.87|0.0|0|0
601101.SH|昊华能源|0.00|20260529|11.54|12.29|11.31|11.81|80407568.0|97623.19|11.54|0|0|2.3397|1|0|1|0|1|0|10.92|10.75|10.71|10.05|9.18|0.0|0|0
603031.SH|安孚科技|0.00|20260529|59.4|62.5|58.99|60.1|33982072.0|205799.38|58.04|0|0|3.5493|1|0|1|0|1|0|55.8|55.48|51.31|46.96|40.97|0.0|0|0
603678.SH|火炬电子|0.00|20260529|48.92|51.36|47.92|48.36|85305600.0|422754.28|47.23|0|0|2.3925|1|0|0|1|1|0|43.7|39.29|36.19|35.66|35.51|0.0|0|0
