000630.SZ|铜陵有色|0.00|20260525|6.45|6.8|6.4|6.69|686901312.0|462713.75|6.31|0|0|6.0222|1|0|1|0|1|0|6.11|6.32|6.34|6.32|6.47|0.0|0|0
000997.SZ|新 大 陆|0.00|20260525|24.43|25.53|23.65|25.49|83887840.0|209282.34|24.56|0|0|3.7866|1|0|1|0|1|0|23.75|22.9|21.68|21.19|21.42|0.0|0|0
002046.SZ|国机精工|0.00|20260525|56.78|57.54|54.24|56.13|26043468.0|145867.5|54.79|0|0|2.4457|1|0|0|1|1|0|52.57|54.28|53.92|52.51|49.73|0.0|0|0
002859.SZ|洁美科技|0.00|20260525|63.79|65.94|62.14|64.17|29856772.0|191448.0|59.93|0|1|7.0749|1|0|1|0|1|0|58.27|55.19|51.98|49.7|45.66|0.0|0|0
002916.SZ|深南电路|0.00|20260525|401.62|407.34|385.47|397.6|16196269.0|647278.63|375.87|0|0|5.7813|1|0|0|1|1|0|355.27|343.32|328.59|310.52|278.88|0.0|0|0
600888.SH|新疆众和|0.00|20260525|10.61|11.21|10.37|10.92|233149664.0|260139.02|10.18|0|1|7.2692|1|0|1|0|1|0|9.7|9.06|8.79|8.68|8.63|0.0|0|0
601208.SH|东材科技|0.00|20260525|53.95|55.2|52.75|53.69|85985160.0|462700.81|52.4|0|0|2.4618|1|0|0|1|1|0|50.59|48.69|44.11|41.0|36.14|0.0|0|0
603267.SH|鸿远电子|0.00|20260525|69.5|69.5|66.81|67.79|28635970.0|194671.23|64.89|0|0|4.4691|1|0|0|1|1|0|62.24|59.55|56.44|54.8|54.74|0.0|0|0
603678.SH|火炬电子|0.00|20260525|41.24|41.26|39.03|39.42|55655032.0|222290.0|37.6|0|0|4.8404|1|0|0|1|1|0|36.23|34.63|34.17|34.02|35.36|0.0|0|0
603800.SH|洪田股份|0.00|20260525|68.42|68.52|62.2|64.6|16021717.0|102762.14|62.62|0|0|3.1619|1|0|0|1|1|0|60.13|58.7|55.15|52.31|45.45|0.0|0|0
603806.SH|福斯特|0.00|20260525|17.83|18.64|17.73|18.36|103670984.0|191066.95|17.37|0|0|5.6995|1|0|1|0|1|0|16.9|17.37|17.97|17.77|17.81|0.0|0|0
