002266.SZ|浙富控股|0.00|20260123|4.95|5.1|4.86|5.0|526912512.0|264903.06|4.92|0|0|1.626|1|0|1|0|1|0|4.66|4.53|0.0|0.0|0.0|0.0|0|0
002565.SZ|顺灏股份|0.00|20260123|15.77|16.99|15.51|16.48|177583440.0|290494.0|15.55|0|0|5.9807|1|0|1|0|1|0|15.3|17.1|0.0|0.0|0.0|0.0|0|0
002815.SZ|崇达技术|0.00|20260123|15.67|16.41|15.53|16.02|139335600.0|225736.19|16.0|0|0|0.125|1|0|1|0|1|0|14.94|14.47|0.0|0.0|0.0|0.0|0|0
600330.SH|天通股份|0.00|20260123|13.29|13.78|13.11|13.64|178054304.0|238849.05|13.17|0|0|3.5687|1|0|1|0|1|0|12.59|12.91|0.0|0.0|0.0|0.0|0|0
601106.SH|中国一重|0.00|20260123|5.78|5.99|5.65|5.87|507929888.0|294579.75|5.45|0|0|7.7064|1|0|1|0|1|0|5.27|5.62|0.0|0.0|0.0|0.0|0|0
601608.SH|中信重工|0.00|20260123|8.18|8.45|7.85|8.2|305132032.0|248928.0|7.97|0|0|2.8858|1|0|1|0|1|0|7.56|7.39|0.0|0.0|0.0|0.0|0|0
601992.SH|金隅集团|0.00|20260123|2.05|2.1|2.0|2.08|572103424.0|120930.18|2.0|0|0|4.0|1|0|1|0|1|0|1.9|1.97|0.0|0.0|0.0|0.0|0|0
603220.SH|中贝通信|0.00|20260123|25.18|25.88|24.68|25.3|41539924.0|105010.07|25.23|0|0|0.2774|1|0|1|0|1|0|23.91|24.03|0.0|0.0|0.0|0.0|0|0
603305.SH|旭升集团|0.00|20260123|20.46|21.59|20.15|21.32|127934864.0|268447.41|20.1|0|0|6.0697|1|0|1|0|1|0|19.43|19.74|0.0|0.0|0.0|0.0|0|0
603601.SH|再升科技|0.00|20260123|10.29|10.99|10.28|10.69|218274448.0|232860.19|10.14|0|0|5.4241|1|0|1|0|1|0|9.85|10.94|0.0|0.0|0.0|0.0|0|0
