000506.SZ|招金黄金|0.00|20260409|18.24|19.72|18.04|19.69|70790016.0|133187.63|18.71|0|0|5.2378|1|0|1|0|1|0|17.74|17.3|17.21|18.3|18.7|0.0|0|0
000811.SZ|冰轮环境|0.00|20260409|18.25|18.85|18.12|18.62|33501264.0|62563.97|18.33|0|0|1.5821|1|0|1|0|1|0|17.4|17.54|17.9|18.77|17.78|0.0|0|0
000962.SZ|东方钽业|0.00|20260409|44.4|46.1|43.7|45.22|26346700.0|118768.66|44.4|0|0|1.8468|1|0|1|0|1|0|42.47|43.96|45.49|48.62|44.62|0.0|0|0
001287.SZ|中电港|0.00|20260409|25.14|25.8|24.93|25.46|54417824.0|139537.42|25.14|0|0|1.2729|1|0|1|0|1|0|23.69|24.08|24.03|23.69|24.02|0.0|0|0
001389.SZ|广合科技|0.00|20260409|127.48|133.05|125.49|126.47|14124961.0|182723.59|124.97|0|0|1.2003|1|0|0|1|1|0|119.28|117.7|114.48|114.04|104.67|0.0|0|0
002008.SZ|大族激光|0.00|20260409|70.8|77.68|70.34|76.16|66494032.0|496987.91|70.6|0|1|7.8754|1|0|1|0|1|0|67.22|64.91|64.8|66.84|57.94|0.0|0|0
002046.SZ|国机精工|0.00|20260409|45.11|46.95|44.83|46.47|20389986.0|94499.47|45.77|0|0|1.5294|1|0|1|0|1|0|43.75|43.61|44.89|46.91|46.71|0.0|0|0
002131.SZ|利欧股份|0.00|20260409|8.0|8.09|7.85|7.97|828566272.0|663809.06|7.92|0|0|0.6313|1|0|0|1|1|0|7.52|7.6|7.62|7.98|8.45|0.0|0|0
002273.SZ|水晶光电|0.00|20260409|28.38|30.35|28.03|29.91|149637648.0|445560.63|27.98|0|0|6.8978|1|0|1|0|1|0|26.53|24.58|24.75|25.43|25.61|0.0|0|0
002353.SZ|杰瑞股份|0.00|20260409|110.91|114.24|107.9|111.79|26690812.0|298685.28|111.13|0|0|0.5939|1|0|1|0|1|0|107.57|102.18|101.04|106.7|97.16|0.0|0|0
002463.SZ|沪电股份|0.00|20260409|84.18|86.61|83.65|85.34|101395352.0|870283.19|83.57|0|0|2.118|1|0|1|0|1|0|79.29|78.8|80.84|79.83|75.4|0.0|0|0
002929.SZ|润建股份|0.00|20260409|53.87|54.97|53.14|53.58|34084008.0|184665.47|52.1|0|0|2.8407|1|0|0|1|1|0|49.38|49.17|49.62|49.85|48.24|0.0|0|0
600105.SH|永鼎股份|0.00|20260409|33.94|34.91|33.19|34.63|186437472.0|637185.25|33.22|0|0|4.2444|1|0|1|0|1|0|31.86|29.61|28.27|28.27|27.83|0.0|0|0
600589.SH|大位科技|0.00|20260409|10.87|11.1|10.7|11.04|233099488.0|255257.55|10.87|0|0|1.5639|1|0|1|0|1|0|10.41|10.61|10.73|11.12|10.73|0.0|0|0
600986.SH|浙文互联|0.00|20260409|10.15|10.6|10.06|10.41|278302112.0|286072.34|10.1|0|0|3.0693|1|0|1|0|1|0|9.63|9.66|9.91|10.37|11.28|0.0|0|0
603083.SH|剑桥科技|0.00|20260409|112.65|116.76|112.65|115.27|43028136.0|496007.63|111.27|0|0|3.5949|1|0|1|0|1|0|106.47|105.3|109.08|110.32|111.09|0.0|0|0
603203.SH|快克智能|0.00|20260409|31.83|34.14|30.98|33.62|11960000.0|51910.39|32.0|0|0|5.0625|1|0|1|0|1|0|30.16|28.71|28.57|29.16|28.99|0.0|0|0
603308.SH|应流股份|0.00|20260409|67.64|70.0|66.8|68.54|23573566.0|161980.47|66.84|0|0|2.5434|1|0|1|0|1|0|64.53|63.62|62.49|64.05|58.6|0.0|0|0
603328.SH|依顿电子|0.00|20260409|12.21|12.65|12.16|12.53|82005960.0|103503.86|12.11|0|0|3.4682|1|0|1|0|1|0|11.53|11.42|11.69|11.91|11.66|0.0|0|0
603516.SH|淳中科技|0.00|20260409|141.89|151.9|141.57|148.13|9795026.0|144217.83|141.58|0|0|4.6264|1|0|1|0|1|0|136.19|137.9|142.89|147.69|171.8|0.0|0|0
603920.SH|世运电路|0.00|20260409|54.32|58.12|53.7|56.78|58261868.0|330600.38|53.78|0|0|5.5783|1|0|1|0|1|0|51.43|51.02|51.95|54.44|58.02|0.0|0|0
605060.SH|联德股份|0.00|20260409|53.3|54.9|52.28|53.31|10562000.0|56999.36|52.63|0|0|1.292|1|0|1|0|1|0|50.19|51.26|53.58|56.59|50.69|0.0|0|0
605289.SH|罗曼股份|0.00|20260409|77.97|82.89|76.04|79.15|7752025.0|86802.04|77.97|0|0|1.5134|1|0|1|0|1|0|75.47|73.71|80.02|84.11|68.53|0.0|0|0
