000630.SZ|铜陵有色|0.00|20260615|7.3|7.71|7.27|7.66|1246721024.0|934247.94|7.1|0|0|7.8873|1|0|1|0|1|0|6.76|6.69|6.55|6.54|6.3|0.0|0|0
000737.SZ|北方铜业|0.00|20260615|13.95|14.95|13.95|14.92|139370432.0|204376.31|13.94|0|0|7.0301|1|0|1|0|1|0|13.4|13.73|13.82|14.15|13.81|0.0|0|0
000758.SZ|中色股份|0.00|20260615|7.0|7.17|6.91|7.17|129253056.0|91879.1|6.91|0|0|3.7627|1|0|1|0|1|0|6.6|6.65|6.75|6.94|6.81|0.0|0|0
002085.SZ|万丰奥威|0.00|20260615|13.78|13.95|13.48|13.67|129746960.0|178353.28|13.54|0|0|0.9601|1|0|0|1|1|0|12.94|12.31|12.47|12.93|13.55|0.0|0|0
002270.SZ|华明装备|0.00|20260615|20.63|20.96|19.95|20.55|38140360.0|77552.94|20.13|0|0|2.0864|1|0|0|1|1|0|19.54|20.01|21.61|22.69|24.93|0.0|0|0
002812.SZ|恩捷股份|0.00|20260615|68.72|69.33|66.69|67.92|47731220.0|323936.66|67.54|0|0|0.5626|1|0|0|1|1|0|64.16|64.36|68.77|72.89|71.77|0.0|0|0
600497.SH|驰宏锌锗|0.00|20260615|9.74|10.16|9.57|10.12|376944800.0|372789.69|9.28|0|0|9.0517|1|0|1|0|1|0|8.9|9.08|9.42|9.59|8.95|0.0|0|0
600531.SH|豫光金铅|0.00|20260615|12.99|13.52|12.88|13.51|119599168.0|161116.83|12.88|0|0|4.8913|1|0|1|0|1|0|12.2|12.38|12.92|13.83|13.81|0.0|0|0
600862.SH|中航高科|0.00|20260615|18.48|19.03|18.33|18.9|44988588.0|85576.91|18.65|0|0|1.3405|1|0|1|0|1|0|17.7|17.6|18.11|18.88|20.02|0.0|0|0
600906.SH|财达证券|0.00|20260615|7.07|7.61|7.07|7.25|272994496.0|203176.08|6.91|0|1|4.9204|1|0|1|0|1|0|6.74|6.73|6.57|6.51|6.4|0.0|0|0
600961.SH|株冶集团|0.00|20260615|25.97|26.88|25.82|26.58|97471016.0|256522.58|25.41|0|0|4.6045|1|0|1|0|1|0|24.09|24.48|25.62|26.81|23.68|0.0|0|0
601233.SH|桐昆股份|0.00|20260615|22.96|24.41|22.79|23.35|102662016.0|242920.31|22.18|0|1|5.275|1|0|1|0|1|0|21.66|20.94|20.25|20.76|19.89|0.0|0|0
601609.SH|金田股份|0.00|20260615|12.22|12.89|12.22|12.61|166141088.0|208094.8|12.55|0|0|0.4781|1|0|1|0|1|0|12.11|12.36|12.77|12.37|11.19|0.0|0|0
603993.SH|洛阳钼业|0.00|20260615|19.49|21.0|19.49|20.92|731318656.0|1503772.38|19.11|0|0|9.4715|1|0|1|0|1|0|18.25|18.47|18.5|18.8|18.58|0.0|0|0
