000776.SZ|广发证券|0.00|20260623|23.0|23.62|22.65|22.82|298182656.0|704747.44|22.2|0|0|2.7928|1|0|0|1|1|0|21.42|20.24|19.34|19.33|19.18|0.0|0|0
000962.SZ|东方钽业|0.00|20260623|75.04|76.12|71.6|72.8|73661280.0|550343.5|69.2|0|1|5.2023|1|0|0|1|1|0|66.28|61.53|60.27|58.52|52.13|0.0|0|0
000987.SZ|越秀资本|0.00|20260623|8.14|8.49|8.11|8.24|114638472.0|97085.18|8.1|0|0|1.7284|1|0|1|0|1|0|7.78|7.55|7.64|7.87|8.24|0.0|0|0
002312.SZ|川发龙蟒|0.00|20260623|9.82|9.95|9.56|9.59|108459544.0|105823.55|9.26|0|0|3.5637|1|0|0|1|1|0|8.95|8.78|8.82|9.22|10.25|0.0|0|0
002440.SZ|闰土股份|0.00|20260623|11.2|11.52|10.87|11.0|108151872.0|120917.29|10.99|0|0|0.091|1|0|0|1|1|0|10.35|9.59|9.33|9.43|10.37|0.0|0|0
600703.SH|三安光电|0.00|20260623|19.5|20.52|19.03|19.83|555968832.0|1100597.63|19.29|0|0|2.7994|1|0|1|0|1|0|18.13|16.8|16.46|16.47|14.89|0.0|0|0
601066.SH|中信建投|0.00|20260623|28.6|29.91|28.4|28.81|151982608.0|441362.59|27.39|0|0|5.1844|1|0|1|0|1|0|26.55|25.87|25.16|24.25|23.08|0.0|0|0
601108.SH|财通证券|0.00|20260623|8.18|8.6|8.13|8.44|176852224.0|150613.83|8.22|0|0|2.6764|1|0|1|0|1|0|7.97|7.75|7.75|7.92|8.0|0.0|0|0
601519.SH|大智慧|0.00|20260623|9.4|9.96|9.27|9.55|111203768.0|107942.46|9.42|0|0|1.38|1|0|1|0|1|0|9.09|8.88|9.38|9.82|10.22|0.0|0|0
603083.SH|剑桥科技|0.00|20260623|240.0|249.58|227.37|238.37|36499508.0|876071.25|235.99|0|0|1.0085|1|0|0|1|1|0|218.05|200.26|197.86|195.85|166.68|0.0|0|0
603588.SH|高能环境|0.00|20260623|18.95|19.37|17.93|18.24|226394384.0|425702.22|17.61|0|1|3.5775|1|0|0|1|1|0|16.41|15.27|14.07|13.89|14.62|0.0|0|0
603629.SH|利通电子|0.00|20260623|139.03|150.0|131.88|143.97|40378752.0|801166.56|138.48|0|0|3.9645|1|0|1|0|1|0|128.43|118.67|132.41|130.51|99.94|0.0|0|0
603906.SH|龙蟠科技|0.00|20260623|27.06|28.25|26.9|27.46|81959480.0|225113.83|26.18|0|0|4.8892|1|0|1|0|1|0|25.63|24.7|24.81|25.92|25.96|0.0|0|0
