000547.SZ|航天发展|0.00|20260226|30.04|31.55|29.13|30.74|365490720.0|1117435.38|30.34|0|0|1.3184|1|0|1|0|1|0|29.04|29.44|29.09|30.23|0.0|0.0|0|0
000581.SZ|威孚高科|0.00|20260226|23.08|24.84|22.9|24.19|90948376.0|223823.05|22.84|0|0|5.9107|1|0|1|0|1|0|21.68|20.91|20.82|20.58|0.0|0.0|0|0
000657.SZ|中钨高新|0.00|20260226|60.95|64.48|59.61|59.97|138300960.0|855636.38|58.6|0|1|2.3379|1|0|0|1|1|0|55.82|51.86|49.67|45.0|0.0|0.0|0|0
000661.SZ|长春高新|0.00|20260226|101.84|105.84|98.07|98.34|33191294.0|338505.09|97.1|0|0|1.277|1|0|0|1|1|0|91.67|90.67|93.32|95.42|0.0|0.0|0|0
000962.SZ|东方钽业|0.00|20260226|53.0|55.79|52.23|54.89|39223404.0|212864.61|51.21|0|0|7.1861|1|0|1|0|1|0|49.82|45.97|43.18|41.27|0.0|0.0|0|0
002176.SZ|江特电机|0.00|20260226|11.3|11.3|10.61|10.68|255877072.0|279314.03|10.48|0|0|1.9084|1|0|0|1|1|0|9.8|9.46|9.67|9.82|0.0|0.0|0|0
002348.SZ|高乐股份|0.00|20260226|7.57|7.82|7.43|7.69|66780992.0|51031.41|7.57|0|0|1.5852|1|0|1|0|1|0|7.04|6.63|6.42|6.3|0.0|0.0|0|0
600010.SH|包钢股份|0.00|20260226|3.0|3.0|2.89|2.98|3099828480.0|912696.63|2.93|0|0|1.7065|1|0|0|1|1|0|2.77|2.65|2.59|2.56|0.0|0.0|0|0
600206.SH|有研新材|0.00|20260226|25.43|26.18|24.95|25.19|114673320.0|292568.66|24.86|0|0|1.3274|1|0|0|1|1|0|23.5|22.49|22.46|22.31|0.0|0.0|0|0
600301.SH|华锡有色|0.00|20260226|58.66|62.11|58.02|58.48|18488092.0|110588.23|56.45|0|1|3.5961|1|0|0|1|1|0|54.0|52.1|54.17|51.76|0.0|0.0|0|0
601208.SH|东材科技|0.00|20260226|32.95|34.61|31.3|33.88|137495968.0|452000.56|31.69|0|0|6.9107|1|0|1|0|1|0|30.03|28.24|27.57|27.49|0.0|0.0|0|0
603826.SH|坤彩科技|0.00|20260226|16.12|16.42|15.38|15.72|19976812.0|41130.95|15.71|0|0|0.0637|1|0|0|1|1|0|14.85|14.87|13.88|13.66|0.0|0.0|0|0
