000657.SZ|中钨高新|0.00|20260430|57.77|59.67|57.07|57.96|124194848.0|724982.81|57.08|0|0|1.5417|1|0|1|0|1|0|55.09|56.15|52.21|51.05|53.47|0.0|0|0
000901.SZ|航天科技|0.00|20260430|23.09|24.25|22.87|23.99|80561232.0|191360.63|23.21|0|0|3.3606|1|0|1|0|1|0|22.5|22.93|22.62|22.43|24.33|0.0|0|0
001203.SZ|大中矿业|0.00|20260430|51.8|54.45|50.88|52.11|46065528.0|241900.27|51.1|0|0|1.9765|1|0|1|0|1|0|48.79|47.01|43.87|42.2|38.3|0.0|0|0
002174.SZ|游族网络|0.00|20260430|10.17|10.35|10.11|10.24|70075896.0|71877.05|10.18|0|0|0.5894|1|0|1|0|1|0|9.63|9.63|9.64|9.59|10.34|0.0|0|0
002354.SZ|天娱数科|0.00|20260430|6.16|6.43|6.06|6.2|229271952.0|142473.44|5.95|0|0|4.2017|1|0|1|0|1|0|5.74|5.73|5.69|5.69|6.24|0.0|0|0
002378.SZ|章源钨业|0.00|20260430|32.68|34.61|32.23|33.74|136202640.0|461043.56|32.8|0|0|2.8659|1|0|1|0|1|0|31.25|31.91|31.54|31.75|32.59|0.0|0|0
002568.SZ|百润股份|0.00|20260430|18.69|19.14|18.32|18.76|39276556.0|75094.91|17.96|0|0|4.4543|1|0|1|0|1|0|17.24|17.03|16.94|16.97|18.24|0.0|0|0
002709.SZ|天赐材料|0.00|20260430|59.59|61.0|58.53|60.51|182189152.0|1089951.38|59.32|0|0|2.0061|1|0|1|0|1|0|56.29|53.27|49.53|47.74|45.16|0.0|0|0
002832.SZ|比音勒芬|0.00|20260430|19.36|19.94|19.28|19.54|38794348.0|78855.98|18.97|0|0|3.0047|1|0|1|0|1|0|18.05|17.75|17.16|16.89|16.02|0.0|0|0
002851.SZ|麦格米特|0.00|20260430|121.36|124.54|118.19|120.18|38484192.0|464423.88|115.58|0|0|3.9799|1|0|0|1|1|0|110.67|109.37|105.58|103.99|113.11|0.0|0|0
600111.SH|北方稀土|0.00|20260430|51.75|53.22|51.23|52.91|271321024.0|1430195.38|50.82|0|0|4.1126|1|0|1|0|1|0|48.75|49.11|49.59|48.62|51.14|0.0|0|0
600367.SH|红星发展|0.00|20260430|23.39|23.86|23.04|23.46|47511036.0|111398.58|23.21|0|0|1.0771|1|0|1|0|1|0|22.42|22.41|21.5|21.86|21.79|0.0|0|0
600606.SH|绿地控股|0.00|20260430|1.47|1.62|1.44|1.57|398549696.0|61731.02|1.47|0|1|6.8027|1|0|1|0|1|0|1.41|1.42|1.45|1.48|1.57|0.0|0|0
