000158.SZ|常山北明|0.00|20260610|15.36|16.23|15.18|15.45|86102112.0|135650.31|15.3|0|0|0.9804|1|0|1|0|1|0|14.73|15.12|15.72|16.36|17.18|0.0|0|0
002129.SZ|TCL中环|0.00|20260610|10.0|10.3|9.81|10.13|477023968.0|481918.88|9.81|0|0|3.262|1|0|1|0|1|0|9.57|9.58|9.56|9.37|9.21|0.0|0|0
002240.SZ|盛新锂能|0.00|20260610|47.7|49.08|47.1|47.7|91641040.0|440802.63|46.88|0|0|1.7491|1|0|0|0|1|0|44.65|44.66|47.29|50.42|46.15|0.0|0|0
600176.SH|中国巨石|0.00|20260610|40.0|40.72|38.9|39.37|209086624.0|832836.38|39.12|0|0|0.6391|1|0|0|1|1|0|37.88|39.01|37.91|37.37|32.42|0.0|0|0
600226.SH|亨通股份|0.00|20260610|7.44|7.89|7.3|7.79|291162432.0|224310.77|7.43|0|0|4.8452|1|0|1|0|1|0|7.12|6.69|6.38|6.09|5.57|0.0|0|0
600641.SH|先导基电|0.00|20260610|26.9|28.9|26.7|27.53|63412424.0|176377.52|27.03|0|0|1.8498|1|0|1|0|1|0|26.31|26.52|27.59|27.77|24.3|0.0|0|0
601208.SH|东材科技|0.00|20260610|62.52|64.29|61.05|62.3|148350272.0|930510.75|59.57|0|0|4.5828|1|0|0|1|1|0|58.46|55.21|52.38|49.05|40.68|0.0|0|0
603039.SH|泛微网络|0.00|20260610|45.0|48.58|43.66|45.7|40216324.0|184710.77|45.27|0|0|0.9499|1|0|1|0|1|0|41.9|40.54|39.69|39.45|37.71|0.0|0|0
603260.SH|合盛硅业|0.00|20260610|38.98|40.65|38.8|39.85|17719508.0|70872.57|39.33|0|0|1.3221|1|0|1|0|1|0|38.15|37.92|39.58|41.29|42.54|0.0|0|0
603303.SH|得邦照明|0.00|20260610|28.77|30.17|28.04|29.71|11228890.0|33288.22|29.06|0|0|2.2368|1|0|1|0|1|0|27.95|27.2|24.95|22.63|18.59|0.0|0|0
603663.SH|三祥新材|0.00|20260610|50.79|53.56|50.07|53.35|35654752.0|259722.02|49.79|0|0|7.15|1|0|1|0|1|0|48.53|46.51|40.69|38.05|34.69|0.0|0|0
