000510.SZ|新金路|0.00|20260107|13.24|14.16|13.19|13.5|96763672.0|132172.22|13.34|0|0|1.1994|1|0|1|0|1|0|0.0|0.0|0.0|0.0|0.0|0.0|0|0
000949.SZ|新乡化纤|0.00|20260107|5.94|6.25|5.88|6.0|125487056.0|75732.67|5.96|0|0|0.6711|1|0|1|0|1|0|0.0|0.0|0.0|0.0|0.0|0.0|0|0
000960.SZ|锡业股份|0.00|20260107|31.31|32.52|31.08|31.84|75034592.0|241691.88|30.75|0|0|3.5447|1|0|1|0|1|0|0.0|0.0|0.0|0.0|0.0|0.0|0|0
002025.SZ|航天电器|0.00|20260107|56.87|62.07|56.67|57.13|73105184.0|428491.53|56.72|0|0|0.7228|1|0|1|0|1|0|0.0|0.0|0.0|0.0|0.0|0.0|0|0
002092.SZ|中泰化学|0.00|20260107|5.37|5.83|5.36|5.49|280437504.0|156206.27|5.42|0|0|1.2915|1|0|1|0|1|0|0.0|0.0|0.0|0.0|0.0|0.0|0|0
002865.SZ|钧达股份|0.00|20260107|57.0|63.77|56.3|62.3|54897944.0|329141.91|57.97|0|1|7.4694|1|0|1|0|1|0|0.0|0.0|0.0|0.0|0.0|0.0|0|0
002920.SZ|德赛西威|0.00|20260107|138.74|141.54|135.63|136.32|30583470.0|426924.53|136.14|0|0|0.1322|1|0|0|1|1|0|0.0|0.0|0.0|0.0|0.0|0.0|0|0
002945.SZ|华林证券|0.00|20260107|18.79|19.56|18.59|18.74|155559376.0|299447.31|17.78|0|1|5.3993|1|0|0|1|1|0|0.0|0.0|0.0|0.0|0.0|0.0|0|0
600295.SH|鄂尔多斯|0.00|20260107|13.91|14.8|13.65|14.63|37991496.0|56549.02|13.6|0|0|7.5735|1|0|1|0|1|0|0.0|0.0|0.0|0.0|0.0|0.0|0|0
601068.SH|中铝国际|0.00|20260107|6.15|6.27|5.94|6.12|89540904.0|54255.57|5.98|0|0|2.3411|1|0|0|1|1|0|0.0|0.0|0.0|0.0|0.0|0.0|0|0
