000612.SZ|焦作万方|0.00|20260414|13.46|13.47|13.03|13.24|121102288.0|163508.25|13.19|0|0|0.3791|1|0|0|1|1|0|12.49|11.94|11.71|12.52|12.98|0.0|0|0
000791.SZ|甘肃能源|0.00|20260414|7.83|8.11|7.61|7.92|151107824.0|122302.46|7.77|0|0|1.9305|1|0|1|0|1|0|7.37|7.24|7.71|7.83|7.23|0.0|0|0
002080.SZ|中材科技|0.00|20260414|50.1|51.5|48.71|51.27|83214320.0|423401.34|49.71|0|0|3.1382|1|0|1|0|1|0|46.42|43.03|41.89|43.13|42.49|0.0|0|0
002240.SZ|盛新锂能|0.00|20260414|46.01|48.57|45.32|48.48|94375680.0|445920.97|44.86|0|0|8.0695|1|0|1|0|1|0|42.53|40.97|39.36|39.53|38.66|0.0|0|0
002436.SZ|兴森科技|0.00|20260414|24.95|25.97|24.8|25.39|228363488.0|581739.25|25.2|0|0|0.754|1|0|1|0|1|0|23.45|21.75|21.57|22.51|23.13|0.0|0|0
002439.SZ|启明星辰|0.00|20260414|14.5|15.1|14.38|14.6|79333632.0|116872.22|14.26|0|0|2.3843|1|0|1|0|1|0|13.57|13.16|13.36|13.67|14.19|0.0|0|0
002929.SZ|润建股份|0.00|20260414|58.94|61.81|57.94|59.76|36521920.0|217207.78|56.92|0|0|4.9895|1|0|1|0|1|0|54.82|51.35|50.31|50.62|48.75|0.0|0|0
003018.SZ|金富科技|0.00|20260414|29.45|31.68|29.04|31.01|18316284.0|67632.01|29.44|0|0|5.3329|1|0|1|0|1|0|27.79|26.18|24.03|23.52|19.93|0.0|0|0
600032.SH|浙江新能|0.00|20260414|9.86|10.13|9.68|9.77|123166560.0|122122.81|9.76|0|0|0.1025|1|0|0|1|1|0|9.3|9.35|10.05|9.58|8.75|0.0|0|0
600176.SH|中国巨石|0.00|20260414|32.88|33.11|31.75|32.28|173827904.0|565209.56|31.92|0|0|1.1278|1|0|0|1|1|0|29.63|27.52|25.75|25.88|23.97|0.0|0|0
600773.SH|西藏城投|0.00|20260414|19.86|21.24|19.31|20.65|69117816.0|137762.14|19.36|0|0|6.6632|1|0|1|0|1|0|18.57|18.2|18.01|17.49|15.77|0.0|0|0
603283.SH|赛腾股份|0.00|20260414|39.06|39.57|37.93|38.85|26854736.0|136854.11|38.43|0|0|1.0929|1|0|0|1|1|0|36.26|34.12|33.76|34.16|35.94|0.0|0|0
