000062.SZ|深圳华强|0.00|20260408|28.25|28.7|27.55|28.21|87181512.0|244831.97|26.93|0|0|4.7531|1|0|0|1|1|0|25.96|26.23|26.33|25.51|25.29|0.0|0|0
000703.SZ|恒逸石化|0.00|20260408|14.11|14.88|13.81|14.78|104321632.0|151807.91|14.11|0|0|4.7484|1|0|1|0|1|0|13.4|12.91|12.36|12.43|12.01|0.0|0|0
000766.SZ|通化金马|0.00|20260408|22.07|22.25|21.3|21.51|39622304.0|85944.13|21.02|0|0|2.3311|1|0|0|1|1|0|20.25|19.86|20.14|20.76|23.1|0.0|0|0
002025.SZ|航天电器|0.00|20260408|70.9|72.37|68.87|70.98|38480684.0|271383.22|66.59|0|0|6.5926|1|0|1|0|1|0|64.76|64.35|62.06|58.76|56.78|0.0|0|0
600259.SH|中稀有色|0.00|20260408|91.41|93.83|90.71|91.48|20690644.0|190217.23|86.81|0|0|5.3796|1|0|1|0|1|0|83.19|80.32|82.61|87.39|82.15|0.0|0|0
600596.SH|新安股份|0.00|20260408|11.67|11.95|11.4|11.8|53249424.0|62744.56|11.4|0|0|3.5088|1|0|1|0|1|0|11.01|10.92|11.4|11.96|12.28|0.0|0|0
601133.SH|柏诚股份|0.00|20260408|22.37|23.09|21.73|22.37|50511048.0|113319.16|21.36|0|0|4.7285|1|0|0|0|1|0|20.15|19.17|17.74|17.44|17.53|0.0|0|0
603002.SH|宏昌电子|0.00|20260408|10.73|11.07|10.7|11.0|102091296.0|111355.55|10.66|0|0|3.1895|1|0|1|0|1|0|10.24|10.06|10.19|10.46|9.59|0.0|0|0
603260.SH|合盛硅业|0.00|20260408|44.0|44.0|42.83|43.42|16634295.0|71970.8|43.02|0|0|0.9298|1|0|0|1|1|0|41.26|41.38|44.04|45.88|48.92|0.0|0|0
605099.SH|共创草坪|0.00|20260408|40.32|42.89|39.93|41.66|8428241.0|35783.98|40.32|0|0|3.3234|1|0|1|0|1|0|39.61|40.88|40.37|41.52|40.66|0.0|0|0
