000060.SZ|中金岭南|0.00|20260507|7.66|8.12|7.54|8.03|723581440.0|569822.75|7.38|0|1|8.8076|1|0|1|0|1|0|7.01|6.8|6.59|6.41|6.81|0.0|0|0
000620.SZ|盈新发展|0.00|20260507|3.03|3.24|2.97|3.11|643501888.0|198329.02|3.08|0|0|0.974|1|0|1|0|1|0|2.9|2.83|2.84|2.86|2.99|0.0|0|0
000815.SZ|美利云|0.00|20260507|21.4|23.0|21.1|22.13|222024608.0|494853.06|20.92|0|0|5.7839|1|0|1|0|1|0|20.4|20.32|20.45|20.31|17.93|0.0|0|0
001389.SZ|广合科技|0.00|20260507|182.52|183.34|174.55|179.67|13193737.0|236736.39|178.93|0|0|0.4136|1|0|0|1|1|0|169.8|167.38|149.36|136.85|122.77|0.0|0|0
002015.SZ|协鑫能科|0.00|20260507|20.29|20.81|20.0|20.49|242570256.0|497830.03|19.43|0|0|5.4555|1|0|1|0|1|0|18.99|19.17|18.49|18.22|16.63|0.0|0|0
002203.SZ|海亮股份|0.00|20260507|19.57|20.88|18.73|20.76|113651960.0|225096.73|19.66|0|0|5.5951|1|0|1|0|1|0|18.67|18.12|16.86|15.86|14.81|0.0|0|0
002364.SZ|中恒电气|0.00|20260507|44.98|46.65|44.37|46.2|81033032.0|368880.66|44.77|0|0|3.1941|1|0|1|0|1|0|42.24|42.5|39.98|35.9|34.37|0.0|0|0
002792.SZ|通宇通讯|0.00|20260507|48.77|51.73|47.66|51.43|73905632.0|363635.91|48.01|0|0|7.1235|1|0|1|0|1|0|45.58|47.09|47.69|45.66|45.59|0.0|0|0
600113.SH|浙江东日|0.00|20260507|52.1|53.56|48.32|49.38|15622109.0|79152.66|49.15|0|0|0.468|1|0|0|1|1|0|46.6|45.96|46.26|47.45|52.48|0.0|0|0
600301.SH|华锡有色|0.00|20260507|57.69|59.91|57.29|59.43|29730492.0|174950.83|55.19|0|0|7.6826|1|0|1|0|1|0|52.63|53.38|51.75|50.31|53.66|0.0|0|0
600589.SH|大位科技|0.00|20260507|11.08|11.4|10.93|11.37|240364640.0|269083.78|11.08|0|0|2.6173|1|0|1|0|1|0|10.38|10.41|10.72|10.66|11.0|0.0|0|0
601016.SH|节能风电|0.00|20260507|4.82|5.08|4.75|4.99|971242368.0|478949.84|4.69|0|0|6.3966|1|0|1|0|1|0|4.65|4.51|4.28|4.39|3.96|0.0|0|0
603063.SH|禾望电气|0.00|20260507|49.44|50.86|48.68|50.62|44455416.0|222732.47|48.14|0|0|5.1516|1|0|1|0|1|0|45.29|43.37|39.12|36.77|33.63|0.0|0|0
603156.SH|养元饮品|0.00|20260507|41.8|42.6|39.66|40.49|25174188.0|105002.41|40.31|0|0|0.4465|1|0|0|1|1|0|37.08|34.74|32.48|31.27|30.44|0.0|0|0
