000875.SZ|电投绿能|0.00|20260526|6.87|7.07|6.8|7.0|153292448.0|106961.53|6.84|0|0|2.3392|1|0|1|0|1|0|6.54|6.67|6.65|6.63|6.94|0.0|0|0
002056.SZ|横店东磁|0.00|20260526|22.2|23.55|22.2|22.85|128321248.0|300179.72|21.81|0|0|4.7685|1|0|1|0|1|0|20.6|19.8|19.24|19.11|19.89|0.0|0|0
002156.SZ|通富微电|0.00|20260526|72.94|76.68|69.85|75.31|339104128.0|2482094.5|69.7|0|1|8.0488|1|0|1|0|1|0|66.45|62.41|58.42|54.67|50.0|0.0|0|0
002645.SZ|华宏科技|0.00|20260526|27.5|27.83|26.03|27.08|53048844.0|171264.27|26.56|0|0|1.9578|1|0|0|1|1|0|25.28|24.29|22.69|21.24|17.64|0.0|0|0
002851.SZ|麦格米特|0.00|20260526|133.97|139.36|132.62|137.96|37530008.0|510350.03|132.33|0|0|4.2545|1|0|1|0|1|0|125.96|128.02|122.49|117.28|114.33|0.0|0|0
002947.SZ|恒铭达|0.00|20260526|99.44|105.0|98.05|101.81|19892402.0|201096.95|98.34|0|0|3.5286|1|0|1|0|1|0|94.64|89.81|85.84|80.79|65.26|0.0|0|0
600376.SH|首开股份|0.00|20260526|4.98|5.25|4.96|5.02|456831840.0|236145.41|4.77|0|1|5.2411|1|0|1|0|1|0|4.6|4.58|4.58|4.63|4.95|0.0|0|0
600396.SH|华电辽能|0.00|20260526|16.02|17.6|15.51|16.88|308191872.0|516969.63|16.02|0|0|5.3683|1|0|1|0|1|0|15.25|15.87|13.66|11.73|8.71|0.0|0|0
600863.SH|华能蒙电|0.00|20260526|5.7|6.08|5.48|5.88|459372288.0|279805.38|5.71|0|0|2.9772|1|0|1|0|1|0|5.46|5.12|4.82|4.72|4.85|0.0|0|0
603203.SH|快克智能|0.00|20260526|53.86|55.33|49.6|52.6|22119896.0|150310.41|50.81|0|0|3.5229|1|0|0|1|1|0|48.45|47.93|42.48|39.78|34.47|0.0|0|0
603303.SH|得邦照明|0.00|20260526|24.09|26.87|23.7|25.48|12489190.0|32380.09|24.51|0|0|3.9576|1|0|1|0|1|0|23.4|22.03|19.83|18.35|16.37|0.0|0|0
603730.SH|岱美股份|0.00|20260526|13.2|13.83|12.67|13.62|62263768.0|85196.73|12.94|0|0|5.255|1|0|1|0|1|0|12.26|11.57|11.1|10.55|9.74|0.0|0|0
