000155.SZ|川能动力|0.00|20260330|16.51|17.7|16.36|17.15|191904752.0|324010.13|16.16|0|0|6.1262|1|0|1|0|1|0|15.34|14.61|14.6|14.16|0.0|0.0|0|0
002176.SZ|江特电机|0.00|20260330|10.8|11.09|10.47|10.71|263106128.0|283598.66|10.29|0|0|4.0816|1|0|0|1|1|0|9.77|9.54|9.78|9.79|0.0|0.0|0|0
002294.SZ|信立泰|0.00|20260330|61.15|63.41|60.48|62.55|13829002.0|86988.94|61.33|0|0|1.9892|1|0|1|0|1|0|58.31|57.69|54.1|52.62|0.0|0.0|0|0
002428.SZ|云南锗业|0.00|20260330|51.35|54.29|50.19|52.34|107266704.0|566498.69|51.35|0|0|1.9279|1|0|1|0|1|0|48.69|44.79|44.42|42.64|0.0|0.0|0|0
002755.SZ|奥赛康|0.00|20260330|15.32|15.69|15.27|15.48|40610720.0|63314.63|15.27|0|0|1.3752|1|0|1|0|1|0|14.53|14.43|14.46|14.81|0.0|0.0|0|0
002773.SZ|康弘药业|0.00|20260330|27.44|28.31|27.31|27.76|24707154.0|70442.3|26.95|0|0|3.0056|1|0|1|0|1|0|25.75|25.74|26.32|26.97|0.0|0.0|0|0
002842.SZ|翔鹭钨业|0.00|20260330|33.0|33.82|31.91|33.66|60322272.0|200766.45|32.99|0|0|2.0309|1|0|1|0|1|0|31.76|32.05|36.06|36.34|0.0|0.0|0|0
600110.SH|诺德股份|0.00|20260330|9.01|9.38|8.77|9.1|330232128.0|297189.0|8.66|0|0|5.0808|1|0|1|0|1|0|8.26|8.03|8.0|7.84|0.0|0.0|0|0
603127.SH|昭衍新药|0.00|20260330|30.35|32.27|30.28|31.98|46322516.0|146684.64|30.12|0|0|6.1753|1|0|1|0|1|0|28.86|28.54|30.66|32.5|0.0|0.0|0|0
603132.SH|金徽股份|0.00|20260330|16.53|16.82|16.1|16.75|12339300.0|20658.8|16.5|0|0|1.5152|1|0|1|0|1|0|15.61|15.78|16.79|16.92|0.0|0.0|0|0
603738.SH|泰晶科技|0.00|20260330|25.99|26.92|25.57|26.81|59789852.0|157339.73|26.15|0|0|2.5239|1|0|1|0|1|0|25.54|24.52|23.84|22.1|0.0|0.0|0|0
