000400.SZ|许继电气|0.00|20260120|32.12|34.41|31.53|32.67|153987984.0|503981.47|32.18|0|0|1.5227|1|0|1|0|1|0|30.13|28.85|0.0|0.0|0.0|0.0|0|0
000506.SZ|招金黄金|0.00|20260120|16.5|17.57|16.04|17.57|99231968.0|167722.34|15.97|0|1|10.0188|1|0|1|0|1|0|15.44|14.58|0.0|0.0|0.0|0.0|0|0
000738.SZ|航发控制|0.00|20260120|23.92|25.4|23.72|24.44|120688648.0|294939.66|23.46|0|0|4.1773|1|0|1|0|1|0|22.61|22.86|0.0|0.0|0.0|0.0|0|0
002258.SZ|利尔化学|0.00|20260120|16.48|17.05|16.33|16.76|69010616.0|116082.95|16.18|0|0|3.5847|1|0|1|0|1|0|15.37|14.67|0.0|0.0|0.0|0.0|0|0
002558.SZ|巨人网络|0.00|20260120|51.61|53.16|50.21|50.95|69033616.0|356123.41|49.75|0|0|2.4121|1|0|0|1|1|0|47.72|47.39|0.0|0.0|0.0|0.0|0|0
600268.SH|国电南自|0.00|20260120|13.23|14.6|13.1|13.67|150756592.0|209596.59|13.26|0|1|3.092|1|0|1|0|1|0|12.54|11.96|0.0|0.0|0.0|0.0|0|0
600312.SH|平高电气|0.00|20260120|22.8|23.95|22.36|23.37|141186816.0|328204.28|22.62|0|0|3.3156|1|0|1|0|1|0|21.1|20.0|0.0|0.0|0.0|0.0|0|0
600893.SH|航发动力|0.00|20260120|45.91|48.43|45.01|45.36|124505048.0|574996.81|44.56|0|0|1.7953|1|0|0|1|1|0|42.58|43.0|0.0|0.0|0.0|0.0|0|0
601126.SH|四方股份|0.00|20260120|39.07|39.88|36.78|39.11|50693880.0|198189.91|38.44|0|0|1.743|1|0|1|0|1|0|36.29|34.22|0.0|0.0|0.0|0.0|0|0
601965.SH|中国汽研|0.00|20260120|19.31|19.94|18.94|19.65|59405644.0|116756.34|18.65|0|0|5.3619|1|0|1|0|1|0|17.8|17.55|0.0|0.0|0.0|0.0|0|0
603186.SH|华正新材|0.00|20260120|64.96|67.59|63.77|65.74|18480334.0|121485.09|63.68|0|0|3.2349|1|0|1|0|1|0|59.33|56.78|0.0|0.0|0.0|0.0|0|0
605376.SH|博迁新材|0.00|20260120|73.61|76.13|71.49|73.89|28341696.0|210325.59|69.2|0|1|6.7775|1|0|1|0|1|0|65.56|64.99|0.0|0.0|0.0|0.0|0|0
