000070.SZ|特发信息|0.00|20260508|19.97|21.22|19.69|21.07|160818912.0|332716.13|20.11|0|0|4.7737|1|0|1|0|1|0|19.37|19.85|20.05|19.04|17.74|0.0|0|0
000700.SZ|模塑科技|0.00|20260508|13.82|14.85|13.62|14.5|134889376.0|193448.88|13.56|0|0|6.9322|1|0|1|0|1|0|12.75|12.04|11.77|11.76|12.68|0.0|0|0
002183.SZ|怡 亚 通|0.00|20260508|6.79|6.99|6.52|6.83|440337568.0|296301.22|6.5|0|0|5.0769|1|0|1|0|1|0|6.12|5.95|5.94|5.8|5.51|0.0|0|0
600522.SH|中天科技|0.00|20260508|37.94|40.9|37.94|40.64|312118080.0|1244950.0|38.12|0|0|6.6107|1|0|1|0|1|0|36.05|35.19|32.27|30.96|28.46|0.0|0|0
601208.SH|东材科技|0.00|20260508|46.2|47.68|44.96|46.05|116689616.0|542087.63|45.11|0|0|2.0838|1|0|0|1|1|0|41.97|38.62|36.53|34.39|32.23|0.0|0|0
601868.SH|中国能建|0.00|20260508|3.2|3.28|3.15|3.22|2325353728.0|748702.81|3.12|0|0|3.2051|1|0|1|0|1|0|2.97|2.94|2.91|2.95|2.88|0.0|0|0
603179.SH|新泉股份|0.00|20260508|48.45|51.89|48.2|50.61|51494400.0|366531.06|49.06|0|0|3.1594|1|0|1|0|1|0|45.73|44.71|45.51|45.77|51.1|0.0|0|0
603226.SH|菲林格尔|0.00|20260508|47.1|48.67|45.02|46.2|7411453.0|34017.75|44.7|0|0|3.3557|1|0|0|1|1|0|41.93|40.36|39.81|38.81|35.79|0.0|0|0
603688.SH|石英股份|0.00|20260508|63.23|67.71|62.71|65.41|45051932.0|296650.13|63.23|0|0|3.4477|1|0|1|0|1|0|59.36|56.38|53.04|49.48|48.02|0.0|0|0
603950.SH|长源东谷|0.00|20260508|66.07|69.87|61.92|68.37|18027496.0|118733.3|63.67|0|0|7.3818|1|0|1|0|1|0|60.31|60.59|57.77|50.84|46.22|0.0|0|0
