钒钛股份|000629.SZ|20241010|2.83|2.9|2.75|2.81|01.08|04.32|-01.08|01.80|-162531488.58058622
河钢股份|000709.SZ|20241010|2.15|2.24|2.12|2.17|01.40|04.67|-00.93|00.47|-89370775.55555578
中国稀土|000831.SZ|20241010|26.5|28.43|26.24|27.43|02.73|06.48|-01.72|-00.75|-43284743.16014319
华菱钢铁|000932.SZ|20241010|4.21|4.59|4.18|4.35|03.33|09.03|-00.71|00.00|-242781721.46708676
首钢股份|000959.SZ|20241010|3.28|3.41|3.2|3.32|00.61|03.33|-03.03|-00.61|-51027770.48076925
禾盛新材|002290.SZ|20241010|12.26|13.1|12.18|12.58|04.05|08.35|00.74|01.41|-3623289.629298325
世纪华通|002602.SZ|20241010|4.17|4.31|4|4.12|-00.96|03.61|-03.85|00.24|-138724722.35739693
南网能源|003035.SZ|20241010|4.75|4.88|4.69|4.76|00.42|02.95|-01.05|00.21|-34133988.91996868
包钢股份|600010.SH|20241010|1.66|1.73|1.63|1.7|02.41|04.22|-01.81|00.00|-455374317.77777743
上海建工|600170.SH|20241010|2.25|2.38|2.2|2.3|04.07|07.69|-00.45|01.81|-168049589.76190475
亨通股份|600226.SH|20241010|2.14|2.2|2.09|2.13|00.00|03.29|-01.88|00.47|0
中稀有色|600259.SH|20241010|28.55|29.8|28.06|28.69|00.46|04.34|-01.75|-00.04|-7944368.450792101
宏达股份|600331.SH|20241010|6.51|6.83|6.43|6.65|00.45|03.17|-02.87|-01.66|-38422797.75215779
XD华海药|600521.SH|20241010|19.44|19.92|19.06|19.35|02.11|05.12|00.58|02.59|-19881473.41604474
东阳光|600673.SH|20241010|8.21|8.57|8.01|8.16|-00.49|04.51|-02.32|00.12|-25338019.45464882
三安光电|600703.SH|20241010|13.48|13.65|12.73|12.98|-03.71|01.26|-05.56|00.00|-162266098.75040567
彩虹股份|600707.SH|20241010|7.55|7.65|7.13|7.32|-02.40|02.00|-04.93|00.67|-43900345.92495063
远东股份|600869.SH|20241010|4.45|4.6|4.36|4.38|-01.13|03.84|-01.58|00.45|-34677554.047618985
海油发展|600968.SH|20241010|4.36|4.6|4.35|4.45|01.60|05.02|-00.68|-00.46|-43107101.53846169
海南橡胶|601118.SH|20241010|5.96|6.12|5.82|5.89|-00.34|03.55|-01.52|00.85|-64627545.50382283
旗滨集团|601636.SH|20241010|5.9|6.16|5.8|5.96|-00.17|03.18|-02.85|-01.17|0
拓普集团|601689.SH|20241010|47.93|49.18|45.27|46.57|-02.90|02.54|-05.61|-00.06|-23362179.105683886
千里科技|601777.SH|20241010|4.85|5.34|4.78|5.34|10.10|10.10|-01.44|00.00|-41262997.73088018
晶方科技|603005.SH|20241010|23.78|23.95|22.08|22.97|-04.13|-00.04|-07.85|-00.75|-21156554.356394336
和邦生物|603077.SH|20241010|2.03|2.11|2.01|2.05|00.99|03.94|-00.99|00.00|-148632144.16666633
华正新材|603186.SH|20241010|27.6|28.5|26.42|27.25|-01.27|03.26|-04.28|00.00|0
三祥新材|603663.SH|20241010|16.43|16.71|15.81|16.04|-00.37|03.79|-01.80|02.05|0
岱美股份|603730.SH|20241010|7.83|8.04|7.63|7.79|-00.38|02.81|-02.43|00.13|-5548420.528413275
三孚股份|603938.SH|20241010|11.93|12.48|11.81|11.9|-00.67|04.17|-01.42|-00.42|0
