东山精密|002384.SZ|20260807|190|202.18|190|195.27|04.04|07.73|01.24|01.24|0
沪电股份|002463.SZ|20260807|119.54|127.77|119.54|125.87|07.40|09.02|02.00|02.00|0
深南电路|002916.SZ|20260807|359|388.18|356|382.63|08.09|09.66|00.57|01.42|0
鹏鼎控股|002938.SZ|20260807|94.95|103.24|94.95|101.41|08.06|10.01|01.17|01.17|0
中瓷电子|003031.SZ|20260807|113.71|117|110.52|115.86|03.67|04.69|-01.11|01.74|0
永鼎股份|600105.SH|20260807|37.99|39.91|37.27|39|01.62|03.99|-02.89|-01.02|0
生益科技|600183.SH|20260807|131|139.98|130.98|139.98|10.00|10.00|02.93|02.95|0
昊华科技|600378.SH|20260807|47.05|50.23|46.9|49.09|01.72|04.08|-02.82|-02.51|0
四方股份|601126.SH|20260807|44.86|46.1|43.96|45.97|02.91|03.20|-01.59|00.43|0
药明康德|603259.SH|20260807|144.56|155.48|142.2|154.82|08.49|08.96|-00.35|01.30|0
三孚股份|603938.SH|20260807|41.8|43.53|40.66|43.11|04.31|05.32|-01.62|01.14|0
圣泉集团|605589.SH|20260807|39.53|43.29|39.33|42.38|07.21|09.51|-00.51|00.00|0
