601728.SH|8.6|8.61|8.29|8.36|381932256.0|323769.0|8.6
002281.SZ|57.35|59.38|56.78|57.52|76708496.0|444238.94|57.59
600050.SH|6.88|6.93|6.6|6.73|1657251072.0|1122741.75|6.82
001309.SZ|141.88|147.15|140.45|147.15|12085553.0|176775.83|133.77
002837.SZ|48.49|52.53|48.18|50.71|51695872.0|261706.42|47.75
000938.SZ|33.03|34.0|32.55|33.0|245306032.0|814077.94|32.42
600869.SH|4.8|4.87|4.71|4.78|88349824.0|42230.8|4.86
603296.SH|103.5|105.98|99.6|100.09|19307568.0|198417.2|100.91
601126.SH|17.96|17.96|17.41|17.52|50396308.0|88706.82|17.81
002126.SZ|32.71|33.28|31.29|33.0|93891224.0|306552.28|30.25
000811.SZ|15.13|15.13|14.15|14.18|69452256.0|100919.8|15.16
600845.SH|37.05|38.72|36.7|37.37|64725456.0|242128.45|37.05
603618.SH|6.8|6.8|6.36|6.51|64889560.0|42293.12|6.85
002261.SZ|42.15|44.1|40.26|41.52|390668192.0|1654496.75|41.76
002364.SZ|18.76|20.45|18.69|19.37|139876704.0|269740.41|18.68
002939.SZ|8.88|9.0|8.43|8.53|186777968.0|161715.22|8.69
002518.SZ|29.46|30.34|28.66|29.35|49168328.0|145542.19|29.26
000887.SZ|20.52|21.74|20.2|20.92|170749568.0|357556.19|19.76
000032.SZ|28.46|31.32|27.12|31.32|137464064.0|412258.19|28.47
603728.SH|90.0|90.74|84.19|84.68|22560608.0|195462.69|90.74
002653.SZ|33.78|33.78|32.19|32.55|13056847.0|43107.98|32.78
002335.SZ|48.01|52.14|48.01|52.14|69245416.0|354062.34|47.4
600100.SH|9.19|9.48|9.05|9.48|224266608.0|210215.8|8.62
600126.SH|12.35|12.5|11.04|11.05|637380608.0|737685.25|12.27
603881.SH|42.0|44.41|41.22|42.49|169361104.0|730294.25|40.37
603950.SH|29.41|29.47|25.43|27.6|19504864.0|53708.52|26.79
