002371.SZ|469.33|469.33|442.02|453.65|17473446.0|792452.94|460.68
002156.SZ|39.68|39.98|38.4|38.8|272186208.0|1066646.88|37.72
000021.SZ|25.0|25.58|24.62|24.85|225380544.0|566211.63|25.0
603156.SH|24.4|25.58|24.3|25.58|9996375.0|25395.17|23.25
002812.SZ|46.6|48.18|45.35|45.39|79435400.0|371485.5|44.59
002129.SZ|8.7|9.41|8.61|9.41|348778016.0|323126.69|8.55
603650.SH|41.59|42.6|40.53|42.15|41662136.0|173087.22|41.55
002294.SZ|61.25|65.63|61.2|62.3|24723092.0|156301.63|60.24
600060.SH|25.5|25.98|25.0|25.13|62326984.0|158415.0|24.97
603087.SH|81.97|82.25|78.31|79.62|31869184.0|255468.42|79.34
002015.SZ|12.78|12.94|12.43|12.47|93892048.0|118400.38|12.68
600637.SH|10.06|10.35|9.55|9.87|321577696.0|318717.81|9.76
603728.SH|81.75|88.0|79.88|83.67|34708416.0|288111.59|80.31
601717.SH|27.69|27.69|25.55|25.79|85247512.0|224489.31|27.69
600126.SH|10.9|11.32|10.2|10.69|474029984.0|507184.59|10.43
600095.SH|12.61|12.69|12.18|12.18|174132560.0|215275.78|12.71
