600183.SH|44.45|44.83|43.05|43.49|80591312.0|364519.84|43.63
002080.SZ|33.88|34.2|32.32|33.07|82671280.0|279023.59|31.57
600673.SH|17.34|18.73|16.86|18.0|170258624.0|304577.63|17.03
002636.SZ|13.96|14.17|13.46|13.54|107586800.0|149484.78|13.43
601208.SH|20.37|20.37|18.21|19.65|106095256.0|204302.09|19.12
600601.SH|7.09|7.43|7.07|7.43|414090496.0|303078.16|6.75
002203.SZ|13.37|13.68|12.78|13.05|104299440.0|139806.41|13.12
600021.SH|11.58|12.57|11.43|12.57|115292592.0|145881.33|11.39
603688.SH|39.91|40.63|39.22|39.79|56725696.0|227134.77|38.83
003022.SZ|20.13|20.13|18.96|19.46|68047752.0|132696.41|18.41
002364.SZ|22.58|22.6|21.91|22.6|24246620.0|54753.3|20.54
002518.SZ|28.73|31.25|28.65|30.22|74529144.0|229686.06|28.37
601162.SH|5.76|5.98|5.52|5.8|1888988672.0|1083693.0|5.54
