000657.SZ|18.13|19.58|18.0|19.08|253734432.0|482838.38|17.8
601888.SH|71.97|71.97|67.45|67.8|77990224.0|539908.88|70.59
002466.SZ|41.05|42.94|40.91|41.89|138585120.0|577815.94|40.29
601958.SH|12.72|13.14|12.56|12.81|133073808.0|176377.72|12.68
600010.SH|2.59|2.64|2.43|2.47|3341242368.0|838590.0|2.52
600221.SH|1.69|1.7|1.57|1.6|1856098816.0|303465.44|1.63
002240.SZ|16.06|17.37|15.97|16.55|109822088.0|181668.86|15.9
002821.SZ|112.08|121.0|111.01|114.48|13791183.0|158936.61|113.21
600259.SH|63.26|65.43|60.65|64.25|42251288.0|265633.78|63.24
600114.SH|23.49|23.66|22.41|22.98|66596084.0|155046.02|22.59
600515.SH|4.4|4.5|4.1|4.27|543640320.0|230423.11|4.14
601118.SH|5.5|5.5|5.18|5.2|205712464.0|107960.78|5.5
