002080.SZ|28.46|29.46|27.17|28.04|80761136.0|231723.31|28.01
601868.SH|2.78|2.78|2.78|2.78|285109920.0|80115.88|2.52
601179.SH|7.21|7.56|6.87|7.37|461542624.0|334625.19|6.87
600875.SH|21.18|21.18|21.18|21.18|6467192.0|13956.2|19.22
600585.SH|24.88|26.32|24.87|26.32|270617280.0|715320.94|23.85
601669.SH|6.04|6.04|6.04|6.04|124364552.0|76484.2|5.48
600580.SH|23.52|24.76|22.82|23.93|309210176.0|730613.75|22.93
600392.SH|18.35|20.15|18.2|18.91|326113888.0|627970.69|18.38
600143.SH|12.64|12.64|11.86|12.1|320210048.0|396644.91|11.81
603516.SH|50.25|52.68|49.51|49.9|20603748.0|104523.09|49.73
000877.SZ|6.06|6.06|5.91|6.06|65036208.0|39330.66|5.51
601399.SH|3.58|3.72|3.43|3.72|486974080.0|173723.95|3.38
600801.SH|15.3|15.3|15.3|15.3|5028697.0|7970.48|13.86
002266.SZ|3.91|4.0|3.62|4.0|370664928.0|143106.66|3.63
002497.SZ|14.47|14.47|13.95|14.47|189766896.0|272470.66|13.15
000400.SZ|23.53|25.1|22.86|24.35|134827920.0|326238.41|23.45
000683.SZ|5.17|5.41|5.08|5.4|199466784.0|110553.74|5.17
