603986.SH|179.28|188.0|173.05|176.0|76285240.0|1373602.5|174.88
000988.SZ|75.39|80.12|73.12|74.26|179469408.0|1365181.38|75.26
002028.SZ|96.0|96.7|90.5|90.85|13053597.0|121236.61|96.36
600489.SH|18.07|18.12|17.56|17.76|228715616.0|407820.28|17.57
601958.SH|16.94|17.95|16.6|17.47|113806232.0|196179.03|16.5
002138.SZ|35.58|36.36|33.2|33.6|53427052.0|183151.36|35.84
600021.SH|18.49|18.52|17.88|18.52|45607248.0|83752.02|16.84
002422.SZ|40.11|41.72|39.71|39.94|34035776.0|138215.45|40.11
601212.SH|4.26|4.26|4.26|4.26|83724672.0|35666.71|3.87
002155.SZ|23.12|23.29|22.08|22.29|137760928.0|312070.0|22.74
001267.SZ|16.54|17.49|15.2|15.68|102484496.0|168988.19|15.9
600246.SH|13.52|14.73|13.12|14.25|557809792.0|793005.19|13.39
002131.SZ|5.98|6.2|5.71|5.85|1995574144.0|1192721.0|5.79
000981.SZ|2.5|2.65|2.47|2.65|1120220160.0|292661.47|2.41
603115.SH|21.5|21.88|19.68|19.8|16255672.0|32902.98|21.43
600737.SH|18.5|19.03|17.83|17.97|123923056.0|227965.23|17.79
000661.SZ|120.19|124.71|119.55|124.71|22094748.0|273417.34|113.37
002266.SZ|3.99|4.0|3.83|3.85|270687552.0|105186.83|3.93
601069.SH|23.11|24.1|23.09|24.1|40932632.0|98168.19|21.91
603881.SH|37.78|40.33|37.03|38.33|185344560.0|718524.63|36.66
002716.SZ|6.41|6.67|6.28|6.33|439479040.0|283548.88|6.06
601020.SH|28.49|29.1|27.45|28.01|91772856.0|259248.84|28.12
