601179.SH|9.52|9.89|9.5|9.6|545755968.0|527484.13|9.08
600875.SH|24.4|24.45|23.75|23.81|123116736.0|295889.56|24.05
601611.SH|13.2|13.45|12.8|12.81|149821344.0|195226.25|13.01
002149.SZ|28.93|31.8|27.28|30.17|164417984.0|487122.13|28.93
601399.SH|5.69|5.7|5.35|5.38|765659968.0|422667.5|5.18
000969.SZ|21.69|22.28|20.88|20.94|190653920.0|409417.69|20.83
605090.SH|38.0|39.5|36.23|38.2|48394056.0|182615.38|37.86
601106.SH|3.93|4.14|3.76|3.79|438655840.0|170483.22|3.89
600550.SH|10.25|10.63|10.18|10.38|220920208.0|229810.33|10.25
603127.SH|33.9|36.12|33.7|35.5|59553836.0|208857.92|34.35
