002384.SZ|63.84|66.89|63.1|66.02|116991296.0|762644.75|60.94
002916.SZ|187.61|197.6|182.71|195.6|14791512.0|285248.78|184.05
603256.SH|47.06|47.53|41.67|42.22|44532232.0|193871.28|44.82
601869.SH|91.25|91.25|88.01|91.25|18848268.0|171622.56|82.95
002600.SZ|16.22|16.22|15.22|15.5|642070400.0|1003669.69|16.22
002837.SZ|62.95|65.25|61.1|61.41|121304568.0|992287.31|60.67
002636.SZ|14.97|15.26|14.08|14.11|87768936.0|129127.72|14.48
601208.SH|19.2|20.2|18.8|19.78|110664624.0|215934.27|19.3
000831.SZ|55.69|58.32|55.67|58.32|90681104.0|520074.03|53.02
601877.SH|27.45|27.55|26.55|26.81|64973464.0|179223.97|27.26
600895.SH|40.47|41.33|37.61|37.92|182930432.0|718191.75|38.6
600246.SH|14.21|14.3|12.17|12.17|499815200.0|644032.88|13.52
603290.SH|107.89|113.99|107.54|108.65|24597606.0|271815.31|107.53
000981.SZ|2.25|2.28|2.18|2.19|1255709568.0|278623.28|2.32
002423.SZ|14.61|15.3|14.2|14.29|207918240.0|304605.81|14.23
