000657.SZ|16.0|16.79|15.35|16.18|190532864.0|307590.59|15.26
600089.SH|15.0|15.52|14.16|14.25|454412608.0|671594.25|14.44
601991.SH|4.08|4.14|3.73|3.74|915755712.0|361256.78|3.89
601800.SH|10.6|10.6|9.8|9.8|293610528.0|299386.91|10.33
601699.SH|13.5|13.86|12.95|13.21|220336192.0|293946.69|12.6
600985.SH|13.58|13.8|13.2|13.25|95328216.0|128214.98|13.18
000983.SZ|8.0|8.0|7.53|7.68|325260832.0|250711.11|7.54
601001.SH|14.99|15.49|14.55|14.89|108624688.0|161359.28|14.32
600546.SH|10.5|10.5|9.98|10.0|136510096.0|139638.16|10.08
601608.SH|5.37|5.37|4.89|4.9|359260448.0|182781.41|5.09
601606.SH|31.96|31.96|28.97|29.66|112427616.0|338419.16|32.19
