600183.SH|72.2|72.2|68.18|69.88|52615948.0|371121.84|71.8
600105.SH|23.76|24.96|23.25|23.52|241915008.0|579058.88|23.33
600118.SH|67.54|72.72|66.99|72.72|145425472.0|1024148.69|66.11
601231.SH|30.12|30.81|28.87|30.17|65990804.0|200034.72|30.12
002851.SZ|93.32|95.76|91.21|92.44|29917536.0|278801.03|94.26
002429.SZ|7.41|7.48|7.24|7.4|194440688.0|144920.55|7.34
600330.SH|13.05|13.1|12.27|12.5|200500160.0|251870.8|13.04
002046.SZ|46.8|47.13|43.45|44.35|59013448.0|265759.44|44.71
002364.SZ|27.44|27.44|26.4|26.91|62756208.0|169194.02|27.57
605090.SH|41.65|42.12|40.35|40.49|58286280.0|240969.27|40.12
