603256.SH|41.17|42.33|41.01|42.33|21221700.0|89332.88|38.48
000657.SZ|23.97|24.76|23.95|24.76|72599648.0|178023.02|22.51
601208.SH|21.04|21.95|21.04|21.48|118071392.0|253653.38|20.28
600601.SH|13.4|13.8|12.7|13.52|492843648.0|656051.69|13.19
603688.SH|42.44|43.25|41.88|42.96|31988348.0|136437.53|42.44
002407.SZ|24.9|25.49|24.13|24.94|255791344.0|633008.31|23.95
000547.SZ|8.6|9.0|8.41|8.75|172205104.0|150882.06|8.84
603301.SH|83.7|86.79|83.02|86.38|19995876.0|170877.5|80.95
600516.SH|5.92|6.25|5.84|6.25|388372320.0|235255.98|5.68
601606.SH|54.0|57.97|53.5|55.47|125333160.0|690998.44|54.98
