601899.SH|31.5|32.0|30.35|30.87|466020640.0|1448877.25|32.38
603993.SH|17.09|18.0|16.4|16.72|452534720.0|772391.5|17.27
002916.SZ|231.15|234.0|214.98|216.79|13017189.0|287112.44|238.3
600111.SH|54.7|54.7|51.7|52.48|321618496.0|1709365.88|53.13
600089.SH|19.86|20.39|19.38|19.63|434626656.0|865092.69|19.58
600489.SH|23.48|24.12|23.2|23.6|119150848.0|281590.66|24.12
002156.SZ|45.07|47.99|44.62|45.6|328054368.0|1518620.38|44.19
600547.SH|42.0|42.42|41.01|41.25|70295784.0|292483.47|43.26
601727.SH|11.21|11.22|10.28|10.46|1211459584.0|1292747.13|10.38
600105.SH|15.38|15.38|14.41|14.81|411585760.0|614710.0|13.98
000630.SZ|5.91|6.35|5.79|5.88|833436608.0|501385.0|5.9
002460.SZ|67.0|69.3|62.78|63.93|156177120.0|1025970.19|66.97
601168.SH|24.15|25.15|23.65|23.87|110099248.0|265946.81|24.2
600875.SH|21.2|21.2|20.66|20.79|101546928.0|211828.84|21.22
000426.SZ|35.74|39.38|35.6|36.3|110508536.0|404032.75|36.18
002409.SZ|80.0|86.66|79.49|84.94|48810336.0|412225.03|81.13
600021.SH|23.52|25.52|22.9|25.12|197325696.0|474454.22|23.28
600667.SH|8.7|9.06|8.52|8.76|246237600.0|214764.88|8.95
601212.SH|4.9|5.08|4.59|5.08|260291328.0|128756.98|4.62
000878.SZ|19.4|20.82|19.23|19.58|261984912.0|521307.34|19.23
601611.SH|10.03|10.71|9.85|10.71|132080552.0|136720.27|9.74
603061.SH|134.23|142.28|132.3|141.0|4417703.0|60860.34|137.5
000737.SZ|17.3|18.88|16.6|17.35|224424560.0|397721.69|17.56
000969.SZ|16.41|16.41|15.68|16.41|111521000.0|181853.39|14.92
002430.SZ|27.07|27.85|26.8|27.03|37515176.0|102137.05|26.8
002266.SZ|4.6|4.81|4.51|4.52|516945568.0|240565.97|4.46
603301.SH|53.08|56.46|53.08|56.46|21453378.0|119497.51|51.33
601069.SH|31.5|31.5|29.73|29.91|45591240.0|138392.81|32.89
001287.SZ|24.49|24.5|23.2|23.66|62562700.0|148246.22|24.34
603077.SH|2.32|2.35|2.23|2.25|597558208.0|135966.69|2.29
