001309.SZ|222.21|225.09|201.0|208.08|26310256.0|557509.69|204.69
600760.SH|71.0|71.79|68.0|71.21|61482060.0|430780.81|71.83
600362.SH|39.03|39.04|38.35|39.04|35422228.0|137978.95|35.49
000021.SZ|30.66|30.66|29.8|30.66|176350944.0|538395.88|27.87
000960.SZ|24.19|25.36|24.0|25.13|109496432.0|271925.13|23.14
601618.SH|4.0|4.24|3.91|4.14|889367040.0|367028.84|3.85
600711.SH|10.84|11.35|10.78|11.35|435186336.0|482117.53|10.32
603306.SH|56.0|56.0|51.6|52.35|32192532.0|171869.2|56.06
600641.SH|23.01|23.01|20.5|21.1|112159336.0|242660.2|22.0
600562.SH|34.0|35.98|33.0|35.02|32473414.0|111315.11|34.42
