600487.SH|25.92|26.68|25.56|26.21|227875648.0|597805.44|26.14
601869.SH|124.95|128.05|122.0|126.07|26726896.0|334617.25|127.05
601888.SH|92.67|95.64|88.87|88.91|134030008.0|1227291.38|91.09
601231.SH|28.99|29.37|27.4|27.77|67553008.0|188828.25|28.99
601208.SH|24.89|26.63|24.82|26.63|69909664.0|182602.66|24.21
600221.SH|1.88|1.91|1.78|1.8|2209376512.0|405944.66|1.9
600580.SH|43.81|44.27|42.96|43.35|127473536.0|555860.56|43.81
605358.SH|37.5|37.93|36.55|36.84|53498996.0|199039.33|36.7
002414.SZ|14.78|15.78|14.57|15.19|256463520.0|388520.44|14.47
603929.SH|102.0|108.31|102.0|108.31|8142794.0|87517.47|98.46
601212.SH|5.96|5.96|5.64|5.68|371908128.0|215152.28|5.7
603618.SH|8.56|9.3|8.48|8.82|107381104.0|94382.73|8.61
002518.SZ|50.2|50.98|49.06|50.61|20281244.0|102039.73|49.87
600515.SH|5.62|5.76|5.32|5.39|703066368.0|386626.38|5.25
601118.SH|6.3|6.45|6.01|6.06|235347328.0|146413.09|6.08
003021.SZ|115.7|117.45|113.54|114.2|13439255.0|154799.3|112.19
