603256.SH|9.02|9.08|8.33|8.35|22707690.0|19926.23|8.76
002050.SZ|25.29|27.22|25.29|26.33|339090080.0|903938.56|24.71
000063.SZ|37.68|39.21|37.07|37.09|337007232.0|1296567.63|37.75
002484.SZ|20.06|21.97|19.64|21.4|114545024.0|250893.95|21.7
603228.SH|28.86|28.86|27.47|27.8|60191804.0|177163.88|28.88
600601.SH|5.24|5.24|4.93|5.24|748594112.0|390293.84|4.76
603920.SH|30.9|31.92|30.32|30.38|38633352.0|124669.16|31.28
001389.SZ|54.98|55.42|52.26|52.31|7763212.0|42092.9|55.54
002536.SZ|12.74|13.14|12.26|13.14|55139924.0|73872.38|11.89
603667.SH|30.68|30.86|29.78|30.86|33240148.0|102601.99|28.03
600126.SH|4.9|4.99|4.76|4.77|91884544.0|44680.34|4.98
600316.SH|30.38|32.34|30.38|31.46|31168420.0|98090.45|30.34
