002281.SZ|61.0|61.5|57.18|57.66|78030904.0|456923.03|60.5
600346.SH|16.64|17.11|16.34|16.81|81367496.0|135734.77|16.5
600104.SH|20.15|20.15|19.6|19.8|141430992.0|280568.75|19.8
600660.SH|62.61|65.18|62.0|64.7|75375504.0|482046.5|61.35
000977.SZ|67.37|69.43|65.36|65.46|229449296.0|1546076.63|65.95
600703.SH|15.29|15.29|14.34|14.42|419495424.0|622516.88|14.43
002625.SZ|49.8|49.8|47.84|48.2|66058568.0|322638.44|49.53
003022.SZ|21.51|21.85|20.3|20.47|49921720.0|104192.19|21.22
603444.SH|423.99|449.68|421.41|442.91|3741564.0|163444.98|421.19
601609.SH|13.4|13.83|13.28|13.28|173812608.0|232196.08|14.75
600521.SH|22.4|22.49|21.5|21.94|71670184.0|157190.05|22.68
