001309.SZ|90.56|93.0|88.77|91.97|9666066.0|88222.46|90.3
600673.SH|12.65|13.4|12.33|12.95|164894112.0|210577.95|12.31
600105.SH|5.09|5.17|4.83|5.0|130561952.0|65431.93|4.93
002484.SZ|19.24|20.5|19.18|20.2|111854936.0|222945.09|18.85
002851.SZ|65.0|71.68|64.2|70.06|62797616.0|428437.44|65.16
603893.SH|110.0|118.67|109.7|118.67|16743489.0|194650.95|107.88
600601.SH|4.3|4.43|4.12|4.33|281792736.0|120098.81|4.44
603308.SH|15.63|16.84|15.51|16.31|65985520.0|107192.11|15.63
002491.SZ|4.37|4.57|4.26|4.46|72130344.0|31972.69|4.41
002245.SZ|13.0|13.2|12.24|12.48|271699680.0|343943.91|13.6
000962.SZ|15.04|15.49|14.49|14.87|53450292.0|79652.61|15.02
002131.SZ|3.24|3.43|3.22|3.43|1511044992.0|501359.5|3.12
000981.SZ|2.4|2.63|2.32|2.54|1346250880.0|328533.72|2.48
603516.SH|49.9|52.99|48.64|51.94|13653605.0|68906.04|50.49
603950.SH|18.0|18.49|17.35|18.0|13894825.0|24755.38|18.15
