002636.SZ|9.83|9.83|9.45|9.48|50211184.0|48985.13|9.83
002273.SZ|25.41|25.49|24.66|25.1|167605136.0|428989.59|24.69
002414.SZ|8.08|8.3|7.97|8.16|155881952.0|127324.09|8.24
603179.SH|38.71|39.5|37.79|37.96|15104848.0|82509.06|38.71
000967.SZ|6.33|6.56|5.94|6.56|172729248.0|114205.53|5.93
000547.SZ|7.8|8.11|7.69|7.86|109483312.0|86170.27|7.79
002025.SZ|49.12|50.51|48.02|48.14|14171680.0|70110.39|49.12
002149.SZ|19.4|19.4|18.52|18.7|25282270.0|48480.04|18.93
603127.SH|20.85|21.63|20.75|21.27|33538800.0|71535.17|20.75
600316.SH|34.31|36.97|33.95|35.9|42749724.0|153207.83|34.87
