603986.SH|159.0|163.5|152.88|157.8|83619760.0|1317213.13|150.88
603256.SH|44.5|44.54|40.03|41.69|48007800.0|202667.92|40.5
002080.SZ|36.2|38.82|36.2|38.15|70138872.0|265337.13|35.29
603019.SH|91.11|91.11|91.11|91.11|17488452.0|159337.28|82.83
601208.SH|19.53|19.75|18.52|18.9|78215760.0|148273.33|19.15
600601.SH|8.21|8.3|7.89|8.04|530613888.0|426040.25|7.89
601788.SH|21.0|21.65|20.46|20.63|217037024.0|453860.31|20.78
601059.SH|20.7|21.69|19.79|19.99|194044128.0|400682.88|19.72
002378.SZ|13.0|13.38|12.81|13.38|51648800.0|68527.33|12.16
600637.SH|9.6|9.7|8.96|9.01|251625952.0|232864.53|9.37
000877.SZ|6.72|7.24|6.66|7.24|188715200.0|132335.38|6.58
002290.SZ|34.31|36.18|34.31|35.33|26611672.0|94211.81|32.89
002402.SZ|39.03|39.75|38.5|39.75|71066504.0|280849.72|36.14
