601869.SH|96.98|104.74|93.4|99.68|30123564.0|296506.34|95.65
002050.SZ|40.99|42.18|40.31|41.9|368160608.0|1515166.5|39.23
603083.SH|117.75|123.98|115.57|118.88|50412112.0|599576.13|119.9
603920.SH|48.6|50.55|47.6|49.65|78708352.0|385691.13|46.07
002126.SZ|42.3|43.9|42.3|43.9|31573284.0|136821.39|39.91
603179.SH|78.52|83.6|77.21|79.6|19197708.0|153252.78|80.4
603618.SH|8.35|8.35|8.16|8.35|55101216.0|45958.53|7.59
600699.SH|33.53|33.53|33.53|33.53|12562825.0|42123.15|30.48
002472.SZ|45.78|49.24|45.2|48.45|94812208.0|453967.72|44.76
603516.SH|160.52|169.4|148.0|166.5|25435248.0|410229.94|154.0
000564.SZ|2.93|3.16|2.89|2.96|2254080000.0|674099.81|2.93
603950.SH|37.4|38.43|36.04|37.31|15969100.0|59297.12|37.09
002545.SZ|14.81|14.81|13.44|13.98|70598992.0|97425.44|14.84
