601138.SH|53.99|56.96|52.3|55.62|269519200.0|1479314.13|53.83
600176.SH|16.3|16.72|15.6|16.3|289095936.0|464948.53|15.61
600673.SH|22.88|24.72|22.8|24.19|149080192.0|357457.22|22.47
002156.SZ|35.44|36.0|33.58|34.88|327152960.0|1132389.25|33.09
002484.SZ|35.36|36.64|35.36|36.64|55344532.0|201666.23|33.31
002436.SZ|21.01|22.22|20.74|21.78|261519744.0|559774.19|21.0
603659.SH|22.88|24.3|22.68|23.84|133294328.0|313569.66|22.42
002074.SZ|38.49|40.12|38.3|40.12|161297744.0|633850.75|36.47
600711.SH|8.95|9.43|8.78|9.19|336125728.0|306561.56|8.66
600259.SH|75.0|75.26|69.36|69.7|39272896.0|280608.59|72.51
601717.SH|20.5|21.98|20.45|21.71|95856672.0|205053.06|20.45
601606.SH|71.0|75.4|64.8|70.7|108908384.0|772059.38|69.17
600521.SH|24.25|26.59|24.01|26.59|108536032.0|279869.34|24.17
