002916.SZ|219.6|221.6|212.75|214.28|12218897.0|266849.66|220.13
002281.SZ|68.6|70.77|67.96|68.01|61549992.0|426227.06|68.59
601869.SH|102.0|108.05|102.0|108.05|29292532.0|313966.94|98.23
601231.SH|27.76|28.58|26.57|26.65|67196552.0|187330.38|27.76
002837.SZ|72.95|76.36|72.18|72.29|107801912.0|1039072.56|71.37
003031.SZ|74.77|79.13|74.56|74.81|18778816.0|143655.3|74.44
000688.SZ|24.57|25.32|23.97|24.17|41760528.0|103166.78|25.21
001203.SZ|28.82|29.15|26.69|27.11|65996192.0|183929.61|28.1
002240.SZ|32.44|33.47|31.69|31.96|85234688.0|276832.69|32.32
002491.SZ|6.5|6.84|6.26|6.51|286978592.0|190690.34|6.22
601399.SH|5.25|5.41|5.05|5.22|502123840.0|261789.28|5.32
002536.SZ|30.05|30.05|29.31|29.35|184355232.0|556818.81|27.29
002044.SZ|5.77|6.02|5.5|6.02|545457600.0|318050.59|5.47
002545.SZ|18.76|18.78|17.31|17.39|26895664.0|48099.63|18.43
