600111.SH|58.0|61.69|56.1|56.8|427770080.0|2511427.5|57.73
600105.SH|16.52|16.68|14.77|15.08|320879008.0|498441.84|16.29
600010.SH|2.93|3.07|2.88|2.91|5171252736.0|1553084.38|2.79
000831.SZ|62.87|66.0|60.5|61.39|129561128.0|812728.94|60.14
002407.SZ|21.07|21.6|19.92|20.15|173957808.0|362910.38|20.82
600259.SH|64.88|67.98|61.68|61.8|33669072.0|218264.11|64.85
600206.SH|25.0|25.22|23.68|23.93|144247216.0|352392.34|24.19
000962.SZ|28.66|29.58|27.65|28.22|44222716.0|126142.48|27.62
603516.SH|188.26|192.0|163.18|169.99|20222250.0|349839.13|177.09
600536.SH|53.2|56.09|51.91|55.55|113872896.0|608960.13|54.34
601069.SH|35.0|36.0|32.93|34.0|75339624.0|261429.81|32.9
603026.SH|57.0|59.44|56.8|57.55|28558448.0|166425.56|54.04
