002384.SZ|66.99|68.68|63.3|65.61|112321008.0|739010.75|64.0
605117.SH|53.64|54.97|50.58|52.57|46539832.0|353887.94|51.89
001309.SZ|94.7|95.7|92.64|95.32|9951361.0|94160.4|95.17
000636.SZ|15.39|15.39|14.93|15.04|61796652.0|93751.19|15.47
002460.SZ|46.33|48.68|45.05|48.5|173918720.0|813482.75|44.46
002709.SZ|27.52|27.67|26.35|27.67|156237424.0|429750.44|25.12
002202.SZ|12.49|12.78|12.01|12.28|185261504.0|228189.92|12.22
603659.SH|26.27|27.42|25.43|26.15|148421280.0|392523.84|25.22
605376.SH|48.76|49.17|47.84|48.4|8869941.0|43041.84|48.62
600601.SH|9.45|9.61|9.02|9.28|514904192.0|478068.59|9.64
600580.SH|38.69|42.17|37.87|40.79|355317792.0|1425179.38|38.32
002812.SZ|39.0|40.5|38.58|39.6|92459872.0|364417.06|36.98
600021.SH|21.63|22.48|20.93|21.86|232303328.0|516018.34|20.4
603920.SH|38.9|41.16|38.9|40.47|94602960.0|389756.97|37.36
002407.SZ|16.04|16.51|15.44|16.51|244271968.0|396415.97|14.99
600330.SH|13.0|13.31|11.6|11.6|421311712.0|524749.5|12.1
002859.SZ|31.27|32.01|30.79|31.78|10993737.0|35040.24|31.12
002487.SZ|40.84|41.99|39.98|41.55|45800700.0|189164.73|39.61
001267.SZ|15.44|15.84|14.52|15.66|78856624.0|121757.38|14.67
002046.SZ|34.5|34.75|33.47|34.04|46922824.0|160839.03|33.9
600699.SH|23.81|25.34|23.48|25.34|92122080.0|229621.77|23.02
000962.SZ|23.14|24.09|22.4|23.51|44800008.0|105427.79|22.39
002364.SZ|25.35|27.0|25.3|26.63|107939168.0|282727.72|25.09
601615.SH|13.04|13.1|12.54|12.8|84631560.0|109526.66|12.94
002335.SZ|38.69|38.83|36.56|36.7|38667512.0|211711.97|37.59
600977.SH|15.24|16.49|15.12|16.49|83181584.0|133986.8|14.99
601069.SH|31.58|31.62|27.36|27.94|79901328.0|235476.2|29.66
603127.SH|34.76|35.23|33.68|34.53|49334104.0|170907.53|33.89
