601012.SH|21.01|22.14|21.0|21.51|492543808.0|1067366.25|20.79
601179.SH|8.17|8.17|7.88|7.9|314408320.0|251481.88|8.15
601126.SH|30.06|30.96|28.57|29.06|90748096.0|269003.72|29.46
600438.SH|24.96|25.68|24.61|24.78|167128224.0|420323.88|24.87
600219.SH|4.65|4.84|4.6|4.75|941891968.0|445437.25|4.57
600021.SH|29.6|31.78|29.59|30.19|189932192.0|579109.5|30.14
001203.SZ|17.02|17.73|17.01|17.73|43411928.0|76326.59|16.12
000981.SZ|4.49|4.6|4.16|4.2|2208522240.0|959920.75|4.3
600517.SH|6.57|6.75|6.48|6.5|251774528.0|166428.56|6.3
603516.SH|183.0|191.0|170.01|174.0|16082431.0|290897.06|178.2
002459.SZ|14.42|14.74|14.22|14.35|165266096.0|239895.34|14.12
603067.SH|22.4|23.98|22.26|23.98|71581168.0|165638.83|21.8
600595.SH|6.99|7.32|6.86|7.09|175346192.0|124719.31|6.93
000155.SZ|12.52|12.68|12.25|12.36|141164432.0|175468.19|12.2
603444.SH|521.95|528.4|475.2|483.55|5402653.0|268184.5|503.95
