603228.SH|41.24|42.45|40.15|41.79|55321464.0|231519.31|41.29
003031.SZ|54.69|58.09|54.09|55.19|18613848.0|104355.99|52.77
002558.SZ|23.47|23.86|22.59|22.71|68656800.0|161324.0|23.21
002015.SZ|14.8|14.8|12.91|14.06|285630432.0|402711.34|13.73
000519.SZ|22.58|23.97|22.1|22.68|256804976.0|585928.5|21.87
600562.SH|31.59|32.08|30.78|31.27|36648340.0|116532.48|31.08
002517.SZ|19.4|20.21|19.22|19.88|112443160.0|224076.56|19.21
603444.SH|288.39|305.4|283.4|300.88|3174840.0|100170.05|282.35
603127.SH|21.15|22.61|21.08|22.15|58202680.0|127609.79|20.88
601606.SH|30.38|31.96|28.1|31.96|153524208.0|469366.53|29.05
