601138.SH|17.65|18.09|17.38|17.8|157423760.0|278926.28|17.96
002353.SZ|31.32|32.16|30.53|31.01|15861648.0|49374.03|31.64
002851.SZ|49.76|52.3|48.81|51.33|36002272.0|181953.95|50.88
002625.SZ|38.97|39.9|38.52|39.29|48544776.0|190705.23|38.69
002027.SZ|7.2|7.24|6.93|6.96|396629632.0|279478.38|7.18
603296.SH|65.0|68.88|63.23|68.1|23464680.0|156122.52|64.53
603979.SH|36.73|36.99|35.6|35.78|13581012.0|48855.63|36.73
603129.SH|153.96|161.89|148.58|160.2|4891273.0|75552.22|155.61
002444.SZ|23.41|24.2|22.63|23.63|68157992.0|159117.88|23.73
603063.SH|28.0|30.11|28.0|29.65|28937680.0|84346.51|28.67
601069.SH|17.3|18.29|17.03|17.37|85425176.0|149954.83|16.67
603766.SH|10.96|11.28|10.85|11.2|37363952.0|41538.16|11.03
001287.SZ|17.9|20.13|17.6|20.13|35629872.0|68048.65|18.3
601567.SH|26.72|27.2|26.36|26.72|16098942.0|43082.45|27.27
