600111.SH|44.17|47.0|43.9|44.45|476720800.0|2153076.75|42.9
002600.SZ|11.4|12.24|11.28|12.24|623461632.0|729742.0|11.13
002837.SZ|69.0|69.99|64.99|67.46|124664024.0|838067.19|70.2
603083.SH|60.68|64.83|60.02|64.83|20758896.0|131670.38|58.94
002126.SZ|37.91|41.2|35.88|38.2|88664248.0|332603.16|37.53
600330.SH|9.65|9.66|9.12|9.16|172187152.0|159731.14|9.44
002046.SZ|34.19|36.81|33.99|36.81|48997720.0|176175.67|33.46
000062.SZ|31.01|32.06|29.77|29.99|135711200.0|418021.75|29.18
002131.SZ|4.66|4.88|4.61|4.88|1105283968.0|526423.19|4.44
603516.SH|120.66|123.5|114.02|114.02|19370586.0|225345.59|126.69
000887.SZ|22.08|22.86|20.9|21.94|175821984.0|381867.97|21.53
601606.SH|66.0|70.0|61.01|67.0|118828512.0|796069.0|66.29
600329.SH|48.18|50.97|47.45|47.85|22119354.0|108943.77|48.63
603950.SH|26.84|28.94|26.71|27.96|24894508.0|68976.15|26.84
