001309.SZ|117.4|120.76|114.0|117.91|35643240.0|419980.06|109.78
600580.SH|46.15|48.01|45.8|46.21|282109760.0|1317535.13|46.15
002429.SZ|6.49|6.99|6.33|6.68|387285856.0|255621.53|6.53
000981.SZ|2.98|3.05|2.88|3.05|1286010240.0|387394.25|2.77
000737.SZ|14.04|14.5|13.78|13.96|290434528.0|411692.31|13.63
600977.SH|19.97|21.18|19.7|21.18|167158464.0|342680.13|19.25
600884.SH|14.78|14.96|14.3|14.31|198221312.0|288761.44|14.78
603127.SH|38.6|41.65|38.6|41.65|59791188.0|241770.88|37.86
600961.SH|16.0|16.03|15.44|15.5|67401264.0|105238.64|16.25
002716.SZ|6.51|6.82|6.45|6.72|344965312.0|231315.08|6.61
600170.SH|2.92|2.92|2.92|2.92|188565568.0|55061.14|2.65
