600183.SH|61.5|62.59|60.16|60.32|45654120.0|278632.31|62.06
002050.SZ|42.0|43.97|41.85|42.92|234364256.0|1006046.81|44.18
002436.SZ|20.59|21.63|20.4|20.81|122373360.0|258545.09|20.64
601126.SH|26.66|27.37|25.38|27.37|110434200.0|294035.5|24.88
600021.SH|24.39|24.93|23.5|24.0|150571408.0|363111.69|24.23
601611.SH|12.08|12.08|11.21|11.44|255051648.0|293395.97|12.38
605111.SH|40.0|42.14|39.65|40.37|83738392.0|341358.81|40.13
002364.SZ|32.59|33.25|30.0|30.82|109216296.0|344089.13|31.12
603667.SH|43.55|43.94|42.56|42.8|36788480.0|159262.59|45.55
600595.SH|6.15|6.2|5.82|5.92|195196528.0|117711.18|6.15
