601360.SH|12.2|13.1|12.06|12.88|679535680.0|875573.13|11.91
600580.SH|18.45|20.56|18.4|19.8|265739344.0|628091.13|18.66
600143.SH|9.95|10.04|9.56|10.01|202056928.0|204600.11|9.93
002195.SZ|4.53|4.79|4.44|4.66|720401984.0|331475.75|4.48
002261.SZ|20.32|20.43|19.51|20.43|185573712.0|370558.72|18.57
600588.SH|12.0|12.56|11.8|12.45|124603872.0|152567.97|12.0
002131.SZ|4.01|4.33|3.91|4.04|1811570304.0|746501.13|3.94
603728.SH|69.18|75.36|69.08|75.36|8422511.0|61040.42|68.5
603596.SH|34.0|36.88|34.0|36.88|24647184.0|133191.58|33.48
600126.SH|6.29|6.29|6.29|6.29|29426312.0|18509.15|5.72
603881.SH|14.66|16.19|14.44|15.94|79218184.0|176236.11|15.09
