002475.SZ|54.04|55.5|52.3|52.55|425849216.0|2309305.75|52.74
600183.SH|51.18|53.06|50.71|51.94|73359136.0|387455.78|51.57
603986.SH|179.24|194.41|176.75|189.46|71035704.0|1343252.13|176.67
002916.SZ|201.62|202.51|192.6|192.97|11412093.0|225949.48|199.24
002463.SZ|69.1|72.5|68.6|71.4|90139688.0|643824.38|69.33
002938.SZ|55.79|57.0|54.7|54.75|47577804.0|269088.31|55.76
603256.SH|40.13|41.21|38.68|39.58|51253780.0|205149.8|39.34
000988.SZ|70.75|78.25|70.18|76.84|129052760.0|970237.0|72.02
603019.SH|94.53|99.55|93.45|97.52|166819456.0|1635221.0|91.64
002008.SZ|38.48|39.11|38.01|38.13|58668152.0|227222.53|38.86
002436.SZ|21.16|23.1|21.05|22.44|305055264.0|692014.0|21.0
002636.SZ|13.44|14.01|13.19|13.55|69278320.0|94793.35|13.44
601208.SH|20.08|20.88|19.97|20.42|104642232.0|214734.11|19.74
600601.SH|10.66|11.3|10.45|11.3|339306592.0|376155.63|10.27
603083.SH|93.59|101.16|92.61|101.16|36315864.0|360814.16|91.93
603308.SH|32.35|32.64|31.39|31.42|24882572.0|79349.98|32.16
003022.SZ|23.58|23.82|21.93|21.93|52122512.0|117880.16|22.94
002491.SZ|6.35|6.62|6.27|6.62|124676200.0|81534.53|6.02
600246.SH|14.5|14.5|13.48|13.59|391478432.0|543402.19|14.45
002364.SZ|29.9|30.33|28.47|28.65|82246536.0|242465.16|29.7
002518.SZ|37.49|37.87|36.46|36.75|33081992.0|124299.61|37.48
002335.SZ|45.87|47.27|45.45|47.27|14200874.0|96792.25|42.94
603301.SH|34.2|35.34|33.7|35.34|6695500.0|23682.95|32.1
002130.SZ|26.8|27.77|26.44|27.05|278448576.0|755075.5|26.06
000750.SZ|4.8|4.87|4.71|4.74|571049152.0|274323.03|4.9
003021.SZ|132.85|140.12|131.49|135.58|23071464.0|313170.19|130.0
