600183.SH|63.25|68.93|63.2|66.59|73538888.0|490833.22|63.55
603986.SH|235.75|253.69|233.83|246.2|52729640.0|1290996.0|242.44
600549.SH|34.6|35.81|34.31|34.75|167461616.0|596032.94|34.13
603228.SH|71.02|76.64|70.88|76.64|62291568.0|466292.88|69.62
002595.SZ|44.14|46.81|44.12|46.23|15578863.0|105160.54|43.36
603699.SH|49.52|51.56|49.46|51.07|16992264.0|87629.25|47.92
000962.SZ|32.64|34.93|32.42|34.34|60642664.0|209646.88|31.74
000969.SZ|22.38|22.78|22.1|22.78|100404128.0|229153.38|20.69
601608.SH|7.5|8.14|7.35|7.75|376352544.0|289733.59|7.57
001287.SZ|28.19|28.99|26.71|27.03|142256848.0|398949.5|26.34
002545.SZ|16.63|17.16|16.33|16.87|59917488.0|101180.31|15.73
