600276.SH|63.0|65.43|62.13|63.8|168276896.0|1073132.75|62.04
002916.SZ|145.0|148.6|141.02|144.5|16864272.0|242685.84|145.18
002938.SZ|49.64|53.98|49.57|53.36|60253604.0|313544.72|49.25
603256.SH|23.88|24.26|22.87|23.21|39390004.0|92168.29|23.33
002281.SZ|51.5|52.63|51.38|52.4|82151688.0|427417.91|52.58
002436.SZ|18.4|19.14|17.96|18.27|264157680.0|485788.72|17.89
600601.SH|5.98|6.19|5.95|6.12|426665472.0|259008.8|6.05
600392.SH|23.94|24.65|23.35|24.06|305479424.0|732466.69|24.59
002653.SZ|52.48|55.5|50.58|52.76|8681073.0|45773.85|53.02
600977.SH|15.5|15.76|14.18|14.35|155141472.0|231360.95|14.58
