601138.SH|43.96|45.78|42.98|43.22|242001504.0|1065028.25|43.68
002916.SZ|153.84|154.93|148.21|150.0|12098003.0|182647.42|153.78
002463.SZ|57.98|57.98|54.94|55.07|75684968.0|424802.88|58.28
603256.SH|29.37|29.87|28.8|29.87|23439890.0|69669.43|27.15
601208.SH|18.36|18.4|17.42|17.47|100633296.0|180192.11|17.9
000066.SZ|18.11|19.16|17.5|18.13|664369024.0|1210304.88|17.5
603920.SH|37.3|37.95|36.7|36.9|61642616.0|230204.08|36.99
000962.SZ|19.24|20.58|19.23|19.84|74008968.0|147164.2|19.61
002939.SZ|10.19|10.96|10.11|10.96|440891744.0|473757.5|9.96
603516.SH|106.0|112.53|106.0|108.49|19249880.0|209149.59|102.3
600208.SH|4.98|4.98|4.98|4.98|9263056.0|4613.0|4.53
002536.SZ|25.9|26.93|24.81|26.93|113005000.0|292253.84|24.48
600126.SH|9.8|9.84|9.38|9.44|361661696.0|347423.03|9.81
601609.SH|10.35|10.35|10.17|10.35|89418864.0|92509.78|9.41
601606.SH|67.82|73.25|61.05|62.99|133014048.0|858549.25|67.82
603337.SH|51.78|54.36|48.89|52.12|6838090.0|35037.86|51.76
601020.SH|22.56|23.07|22.28|22.36|82153312.0|186167.89|22.14
