601995.SH|35.3|40.0|35.0|38.87|149659536.0|558134.5|36.43
601881.SH|15.9|17.82|15.68|17.82|416871936.0|698909.5|16.2
603663.SH|24.88|25.78|24.06|25.4|50366324.0|127049.29|23.44
002046.SZ|17.4|18.39|16.66|17.0|67066412.0|116400.09|17.52
000981.SZ|2.54|2.54|2.32|2.37|1325549440.0|321284.66|2.4
603067.SH|17.13|17.15|16.23|16.61|23739216.0|39289.64|16.82
000932.SZ|4.98|5.0|4.86|4.96|279453632.0|137741.05|4.88
603667.SH|52.16|52.16|47.88|49.1|82801240.0|411312.72|53.2
002152.SZ|16.3|16.42|14.87|15.12|242243472.0|377455.13|15.73
603638.SH|21.91|22.15|21.06|21.46|21429452.0|46216.98|21.26
003021.SZ|156.98|163.99|150.01|157.0|16151898.0|252757.2|157.94
002402.SZ|24.55|25.13|23.43|24.01|238198272.0|576197.31|23.08
