603986.SH|128.7|136.71|127.12|131.77|53533608.0|707766.5|128.55
002050.SZ|28.8|29.3|27.9|28.57|293754208.0|857720.0|27.95
002636.SZ|8.27|8.27|8.27|8.27|13085800.0|11096.76|7.5
600601.SH|5.07|5.15|4.81|4.92|542979136.0|269682.44|5.31
600580.SH|15.76|16.46|15.38|15.6|230401552.0|444061.09|15.42
603308.SH|17.37|17.88|16.88|17.17|32790008.0|57209.83|17.12
603629.SH|15.71|16.14|15.36|15.41|42082728.0|94649.92|15.46
600733.SH|7.73|7.98|7.73|7.84|179912960.0|141573.59|7.73
002131.SZ|3.97|3.98|3.82|3.98|588276096.0|235708.67|3.61
000887.SZ|13.45|13.53|13.07|13.1|72575888.0|98868.22|13.2
603728.SH|59.95|63.21|59.42|61.57|27635736.0|168747.7|59.46
002335.SZ|20.9|21.37|20.4|20.54|49863272.0|153312.83|20.17
603667.SH|37.75|37.75|37.75|37.75|14200879.0|53949.14|34.3
000158.SZ|20.97|21.15|19.86|20.05|204942480.0|418521.19|19.98
603950.SH|17.65|17.92|17.3|17.48|9568175.0|17177.14|17.6
