601138.SH|74.0|74.0|67.28|68.6|401745184.0|2812604.25|70.84
600183.SH|98.11|100.5|93.1|93.32|93458992.0|897645.69|94.18
002938.SZ|91.5|91.5|84.1|84.17|36989196.0|321110.75|87.23
002008.SZ|153.0|156.5|147.07|149.23|61222548.0|924250.0|148.13
001309.SZ|699.0|739.48|689.0|721.65|19078196.0|1380837.5|679.8
002851.SZ|144.8|144.8|133.0|133.15|33456632.0|459038.97|137.86
600482.SH|41.46|41.91|38.66|39.04|56196628.0|225353.11|41.39
601126.SH|80.0|82.99|73.94|74.08|45847428.0|353878.09|81.51
605589.SH|43.5|44.0|41.54|42.05|63136700.0|268142.91|42.26
600726.SH|8.86|9.06|8.0|8.0|507910784.0|432855.34|8.47
603156.SH|47.56|48.5|46.1|47.33|21626586.0|102388.63|47.32
600578.SH|6.37|6.37|6.1|6.37|217697744.0|138215.73|5.79
002409.SZ|107.0|109.99|104.5|106.9|40857300.0|438431.66|103.25
603629.SH|175.0|178.88|168.0|170.4|38103592.0|659703.88|172.71
600707.SH|10.52|11.18|10.11|10.77|299105216.0|319853.66|10.45
000811.SZ|32.06|34.98|31.69|33.66|73707536.0|243651.38|31.8
600500.SH|5.86|6.1|5.77|5.88|226220384.0|134556.64|5.7
603290.SH|130.0|135.0|124.26|124.46|26439216.0|340098.81|124.44
002015.SZ|25.38|25.63|23.5|23.5|342945632.0|839992.5|23.39
002364.SZ|50.84|53.13|48.74|48.74|89208536.0|452021.31|48.4
002518.SZ|54.93|58.9|54.11|57.68|41868912.0|238721.66|53.85
600737.SH|16.55|16.6|15.75|15.89|66818032.0|106852.24|16.46
603063.SH|63.4|66.36|61.5|61.55|53993024.0|342179.81|61.86
601016.SH|5.89|5.89|5.08|5.1|1139133184.0|619217.31|5.63
002290.SZ|108.91|108.91|102.5|103.61|29064404.0|309135.28|99.01
