601898.SH|14.08|14.55|13.98|14.32|107639696.0|153599.36|14.08
600188.SH|15.27|15.67|15.1|15.44|190258752.0|292155.97|15.27
600115.SH|6.25|6.41|6.21|6.37|249455472.0|158149.2|6.28
605376.SH|100.1|102.5|96.23|98.8|13577860.0|134135.86|100.1
601699.SH|13.75|13.94|13.25|13.39|65876044.0|88497.69|13.97
002129.SZ|10.47|11.19|10.24|10.74|582870016.0|622700.94|10.57
000983.SZ|7.09|7.24|6.99|7.08|126264552.0|89029.84|7.36
601001.SH|15.9|15.95|15.48|15.71|47861476.0|75112.97|15.86
600546.SH|11.3|11.42|11.05|11.14|63440952.0|70755.91|11.67
603826.SH|18.19|19.46|18.01|19.46|15641889.0|29865.36|17.69
