002916.SZ|284.0|288.2|276.81|285.46|12240844.0|345698.97|290.14
002463.SZ|85.36|85.8|82.5|83.6|117552776.0|985254.19|85.36
600487.SH|42.24|47.6|42.24|47.5|187329456.0|844778.94|44.33
600522.SH|27.58|29.58|27.0|29.14|278412416.0|796464.13|27.59
002008.SZ|69.72|73.21|68.72|72.3|83346616.0|593094.06|69.72
600498.SH|45.55|51.55|45.55|51.55|157100448.0|767111.63|46.86
600875.SH|38.05|38.2|36.1|37.07|148155264.0|547491.25|37.35
603308.SH|73.4|76.94|69.16|70.0|56501216.0|409915.41|73.06
002491.SZ|10.12|10.98|10.08|10.59|246958368.0|260452.42|10.48
001389.SZ|119.23|120.31|115.0|119.74|14365425.0|169766.89|117.67
603530.SH|57.45|60.17|57.14|60.17|11119433.0|66039.35|54.7
603950.SH|42.0|44.51|42.0|44.51|4992592.0|22065.72|40.46
