600487.SH|74.97|80.54|73.13|75.29|237217088.0|1821887.25|76.85
601869.SH|399.99|399.99|367.0|371.58|18322340.0|698498.44|402.81
601991.SH|8.63|8.7|7.77|8.37|949034560.0|780027.5|8.63
600011.SH|8.6|9.36|8.3|9.36|712492672.0|661487.63|8.47
600869.SH|23.99|24.48|22.97|22.97|122416752.0|288806.78|24.09
603083.SH|199.21|203.0|186.93|187.0|37789024.0|723373.56|207.7
603629.SH|154.49|154.49|154.49|154.49|2686600.0|58207.88|171.69
600995.SH|15.63|16.45|14.88|16.34|117104120.0|184288.89|15.62
002491.SZ|23.61|24.7|22.48|23.2|184185872.0|432761.44|23.93
603618.SH|40.0|40.58|38.44|38.44|76180912.0|296676.75|42.71
002608.SZ|9.83|9.99|9.36|9.99|147142176.0|145366.83|9.07
601918.SH|10.16|11.16|9.99|11.16|146857808.0|158530.14|10.13
