002384.SZ|128.0|131.9|126.11|131.9|93658992.0|1225039.63|119.91
002916.SZ|234.64|242.48|233.6|240.6|15347877.0|368976.94|235.11
002463.SZ|84.18|86.61|83.65|85.34|101395352.0|870283.19|83.57
002008.SZ|70.8|77.68|70.34|76.16|66494032.0|496987.91|70.6
002353.SZ|110.91|114.24|107.9|111.79|26690812.0|298685.28|111.13
600105.SH|33.94|34.91|33.19|34.63|186437472.0|637185.25|33.22
002484.SZ|30.14|31.34|29.94|30.63|30410980.0|94378.33|30.71
600875.SH|37.9|38.98|37.35|38.31|106359176.0|405923.38|38.3
600869.SH|15.63|16.24|15.47|15.97|130465168.0|207407.91|15.82
000426.SZ|43.15|44.25|42.9|43.56|79081776.0|344552.03|43.56
600115.SH|4.53|4.71|4.53|4.61|283645056.0|130782.88|4.66
603083.SH|112.65|116.76|112.65|115.27|43028136.0|496007.63|111.27
002273.SZ|28.38|30.35|28.03|29.91|149637648.0|445560.63|27.98
603308.SH|67.64|70.0|66.8|68.54|23573566.0|161980.47|66.84
603629.SH|50.75|54.73|50.75|53.04|43152432.0|321072.22|50.02
603920.SH|54.32|58.12|53.7|56.78|58261868.0|330600.38|53.78
002155.SZ|30.58|31.16|30.17|30.73|83206008.0|257407.05|31.77
000811.SZ|18.25|18.85|18.12|18.62|33501264.0|62563.97|18.33
603306.SH|89.12|96.98|88.17|96.98|21941760.0|205948.92|88.16
001267.SZ|44.14|45.76|42.34|43.23|61051152.0|265918.34|44.24
002046.SZ|45.11|46.95|44.83|46.47|20389986.0|94499.47|45.77
000962.SZ|44.4|46.1|43.7|45.22|26346700.0|118768.66|44.4
002131.SZ|8.0|8.09|7.85|7.97|828566272.0|663809.06|7.92
600641.SH|20.92|21.61|20.7|21.06|88776120.0|188170.95|21.09
001389.SZ|127.48|133.05|125.49|126.47|14124961.0|182723.59|124.97
603516.SH|141.89|151.9|141.57|148.13|9795026.0|144217.83|141.58
600114.SH|29.7|30.3|29.26|29.75|19996060.0|60353.61|29.74
002797.SZ|7.58|7.67|7.51|7.58|278698656.0|213581.06|7.69
600186.SH|7.56|7.85|7.4|7.47|264707040.0|200518.06|7.63
002536.SZ|30.65|33.26|30.65|33.26|66756048.0|217008.8|30.21
600126.SH|10.24|10.24|9.44|9.49|446265952.0|442379.78|9.31
601069.SH|33.15|35.8|33.15|35.27|54162140.0|188625.31|33.04
603881.SH|32.46|33.05|32.15|32.47|83546416.0|327273.38|32.68
001287.SZ|25.14|25.8|24.93|25.46|54417824.0|139537.42|25.14
603950.SH|44.75|44.75|44.75|44.75|747300.0|3353.88|40.67
002716.SZ|12.06|12.25|11.82|12.07|196138688.0|236022.78|12.49
