002156.SZ|70.01|72.5|69.2|71.1|202609152.0|1446231.5|70.22
601231.SH|43.68|47.46|43.19|45.33|106961256.0|492888.0|43.19
601208.SH|55.4|60.45|54.67|59.55|110633984.0|639518.13|56.44
600578.SH|9.33|9.79|9.16|9.19|444657856.0|427112.16|9.17
603663.SH|49.25|50.79|46.36|47.71|37585216.0|254433.25|48.48
002046.SZ|56.35|57.57|54.7|55.98|29060224.0|163061.13|56.78
001896.SZ|21.65|22.09|21.02|22.09|206152128.0|449033.22|20.08
600396.SH|20.8|22.1|20.8|21.97|273516032.0|587477.13|21.34
600516.SH|5.38|5.43|5.29|5.29|127236512.0|68164.66|5.47
600688.SH|3.38|3.38|3.32|3.38|175745856.0|59390.75|3.07
