601012.SH|19.83|20.05|18.98|19.09|536787520.0|1043939.13|19.35
600498.SH|42.0|42.86|39.51|40.17|162319968.0|666885.13|41.82
600118.SH|107.65|107.65|98.01|98.01|129857592.0|1302981.0|108.9
000630.SZ|7.25|7.5|7.05|7.5|1116182400.0|825663.88|6.81
002202.SZ|29.79|30.53|28.01|28.4|576971456.0|1688031.38|29.58
600879.SH|30.0|30.19|28.31|28.32|712972224.0|2066092.63|31.46
603806.SH|18.5|18.72|17.49|17.72|157039584.0|284194.75|17.16
001203.SZ|32.8|34.78|31.91|32.22|76079032.0|256312.03|32.95
603920.SH|65.7|67.56|63.7|63.87|46280268.0|304389.44|65.41
601615.SH|23.64|23.64|23.64|23.64|11953075.0|28472.22|21.47
600732.SH|15.01|15.09|14.2|14.22|102356528.0|148883.41|14.74
601118.SH|6.9|7.03|6.71|6.85|220825904.0|151537.73|6.78
603939.SH|24.3|24.54|23.3|24.13|39468552.0|96490.42|24.41
