603986.SH|347.0|357.36|339.0|350.16|52387880.0|1817455.0|344.29
603256.SH|135.0|144.11|135.0|144.11|22106044.0|311021.47|131.01
000338.SZ|35.71|35.85|34.24|35.0|180351376.0|628623.88|34.32
002080.SZ|62.95|63.85|60.52|63.18|59176568.0|366928.16|60.69
001309.SZ|603.0|633.0|597.0|616.51|25291332.0|1558130.5|577.29
600673.SH|42.83|42.83|42.83|42.83|18588030.0|79612.53|38.94
002156.SZ|60.8|60.8|57.6|59.08|251739664.0|1484128.63|56.95
601991.SH|4.98|5.04|4.88|5.04|334044704.0|166533.39|4.58
002428.SZ|77.01|81.49|75.21|80.2|105690336.0|828714.75|77.01
603156.SH|42.8|43.6|40.66|41.49|25174188.0|105002.41|41.31
002203.SZ|19.7|21.01|18.86|20.89|113651960.0|225096.73|19.79
603629.SH|160.2|166.55|157.01|158.28|40009976.0|646158.13|158.85
603618.SH|32.62|34.2|32.45|34.2|44010708.0|148743.89|31.09
000060.SZ|7.71|8.17|7.59|8.08|723581440.0|569822.75|7.43
000967.SZ|15.23|16.42|14.74|16.42|288277504.0|446752.66|14.93
002245.SZ|22.9|22.95|22.33|22.61|91604656.0|206728.67|22.73
001389.SZ|183.17|183.99|175.2|180.32|13193737.0|236736.39|179.58
002015.SZ|20.39|20.91|20.1|20.59|242570256.0|497830.03|19.53
002364.SZ|45.08|46.75|44.47|46.3|81033032.0|368880.66|44.87
603115.SH|63.85|65.44|61.56|63.73|9733800.0|61956.67|62.58
603063.SH|49.57|50.99|48.81|50.75|44455416.0|222732.47|48.27
600396.SH|10.91|12.0|10.91|12.0|168280992.0|197135.95|10.91
601016.SH|4.82|5.08|4.75|4.99|971242368.0|478949.84|4.69
001287.SZ|28.56|29.08|28.11|29.08|64867096.0|186376.75|29.11
002290.SZ|92.0|94.5|89.0|93.46|24388502.0|225146.06|89.41
002044.SZ|6.17|6.28|5.89|6.2|532832224.0|326484.38|5.97
