000858.SZ|110.77|110.78|105.0|105.0|66817120.0|715629.81|110.77
600809.SH|176.91|176.91|170.33|171.01|15579542.0|269364.75|177.42
000568.SZ|123.17|124.79|120.62|120.9|31515526.0|385785.34|122.87
002304.SZ|58.8|58.8|55.0|55.32|29614000.0|167804.59|59.82
600392.SH|28.88|28.95|27.03|27.03|173754224.0|477093.69|30.03
000596.SZ|136.2|136.2|131.12|131.12|7960185.0|106993.63|137.58
603369.SH|34.24|34.24|32.3|32.3|20467330.0|69529.85|34.24
600499.SH|16.14|17.59|16.0|17.39|141450864.0|242869.66|15.96
000029.SZ|21.97|22.74|21.29|22.05|23907380.0|52810.7|21.94
603198.SH|40.71|40.71|39.12|39.13|15836952.0|64934.93|41.13
601118.SH|7.73|8.24|7.25|7.34|286658208.0|219415.38|7.84
601155.SH|17.96|18.35|17.15|17.68|54593436.0|96423.28|17.85
603876.SH|17.23|17.73|16.5|17.09|86006984.0|147107.64|17.23
