600989.SH|33.3|34.6|32.2|33.73|251968208.0|843535.63|31.85
605117.SH|135.18|139.97|129.99|135.99|33438408.0|452778.91|131.88
601868.SH|3.52|3.8|3.5|3.8|4784655872.0|1745827.38|3.45
603629.SH|62.4|65.99|61.51|64.22|48032748.0|305228.44|63.15
002432.SZ|60.19|61.3|58.33|58.88|49647324.0|296735.25|58.52
000062.SZ|25.8|26.17|25.48|25.88|40439380.0|104157.89|26.2
600299.SH|14.39|14.9|14.01|14.35|51556484.0|74362.46|14.61
600873.SH|12.6|13.07|12.44|12.7|147404064.0|187117.56|12.62
002831.SZ|35.66|37.04|33.21|34.15|30883856.0|107390.85|34.06
601016.SH|4.23|4.43|4.15|4.43|792429824.0|347042.31|4.03
