002460.SZ|81.0|81.5|78.0|80.15|117570880.0|938959.13|79.67
002428.SZ|51.36|54.3|50.2|52.35|107266704.0|566498.69|51.36
002240.SZ|43.0|44.0|41.58|42.08|79642848.0|338993.5|42.23
603618.SH|24.98|26.71|24.98|26.71|59966384.0|157522.17|24.28
002432.SZ|66.3|73.85|64.05|73.85|58125784.0|410572.41|66.99
002294.SZ|61.15|63.41|60.48|62.55|13829002.0|86988.94|61.33
001896.SZ|15.5|16.1|14.89|14.89|177287168.0|270071.59|16.54
603115.SH|42.78|47.0|41.55|45.17|20144872.0|88766.84|43.43
000155.SZ|16.51|17.7|16.36|17.15|191904752.0|324010.13|16.16
002756.SZ|81.1|82.48|78.1|79.77|24880980.0|199899.72|80.81
603127.SH|30.47|32.39|30.4|32.1|46322516.0|146684.64|30.24
