600111.SH|60.23|60.23|58.7|58.97|186504176.0|1107584.38|60.3
000657.SZ|60.95|64.48|59.61|59.97|138300960.0|855636.38|58.6
600010.SH|3.0|3.0|2.89|2.98|3099828480.0|912696.63|2.93
601208.SH|32.95|34.61|31.3|33.88|137495968.0|452000.56|31.69
002428.SZ|44.37|44.38|42.99|44.38|39781328.0|176096.67|40.34
002378.SZ|35.43|36.79|35.0|36.79|100297808.0|365513.31|33.43
001203.SZ|42.42|43.62|39.71|41.14|70571400.0|293657.75|39.64
600206.SH|25.43|26.18|24.95|25.19|114673320.0|292568.66|24.86
000962.SZ|53.0|55.79|52.23|54.89|39223404.0|212864.61|51.21
000547.SZ|30.04|31.55|29.13|30.74|365490720.0|1117435.38|30.34
000661.SZ|101.84|105.84|98.07|98.34|33191294.0|338505.09|97.1
600884.SH|15.13|15.35|14.82|15.0|192531664.0|288902.34|15.13
603826.SH|16.12|16.42|15.38|15.72|19976812.0|41130.95|15.71
