603986.SH|237.25|252.58|233.25|250.03|50753552.0|1231063.0|234.93
000792.SZ|32.0|32.75|31.51|32.37|214415616.0|691472.0|30.98
000426.SZ|39.9|40.91|38.9|40.29|95843128.0|382111.25|39.16
605358.SH|39.45|41.98|38.87|41.98|49125760.0|202988.14|38.15
002414.SZ|16.5|16.9|16.16|16.31|242846688.0|399250.06|16.14
603929.SH|107.25|113.91|105.68|113.91|7398326.0|83995.63|103.4
002195.SZ|8.58|8.58|8.58|8.58|71448912.0|61303.17|7.8
002465.SZ|18.26|19.0|17.69|19.0|413085152.0|761600.81|17.27
603061.SH|111.56|116.9|111.46|116.9|2818306.0|47280.59|106.25
002555.SZ|25.58|27.07|25.57|25.8|228616832.0|613037.94|25.35
603067.SH|34.06|34.7|33.39|34.34|61371144.0|210290.61|31.53
603127.SH|39.68|39.84|37.68|38.33|33855152.0|130845.3|38.39
002716.SZ|7.91|8.19|7.7|8.06|381793312.0|303331.41|7.61
