601872.SH|13.19|13.21|12.12|12.19|185787328.0|230473.03|13.22
600673.SH|36.21|38.36|35.88|37.8|124910648.0|464322.56|36.58
601231.SH|42.0|42.08|40.4|40.5|53349124.0|218967.66|42.08
002837.SZ|109.51|116.5|109.0|113.14|80649320.0|915203.25|109.45
600026.SH|18.41|18.45|16.9|16.95|104227264.0|180199.48|18.73
600875.SH|33.2|33.45|31.57|31.86|118518064.0|380157.34|33.65
601126.SH|42.75|42.75|40.74|41.4|25876896.0|107918.95|42.78
603308.SH|67.29|67.44|64.48|64.91|27864632.0|183108.64|67.29
603688.SH|47.51|47.88|44.58|44.64|38920292.0|177296.09|47.47
002131.SZ|9.0|9.34|8.75|8.96|1242134272.0|1130292.38|9.08
002364.SZ|34.43|34.74|33.66|33.76|38136176.0|130050.73|34.97
002518.SZ|54.84|55.94|54.03|54.47|12191696.0|67111.17|55.8
002498.SZ|6.28|6.77|6.28|6.77|274156096.0|182973.98|6.15
603950.SH|38.97|41.29|38.28|40.15|14033537.0|55388.08|39.68
