002384.SZ|210.0|213.58|206.01|211.39|89539344.0|1877682.13|211.07
600522.SH|38.2|41.16|38.2|40.9|312118080.0|1244950.0|38.38
002008.SZ|115.4|122.92|112.2|122.06|64952396.0|757838.88|112.41
601868.SH|3.2|3.28|3.15|3.22|2325353728.0|748702.81|3.12
002436.SZ|32.22|32.74|31.57|32.01|141945424.0|455874.75|32.42
601208.SH|46.25|47.73|45.01|46.1|116689616.0|542087.63|45.16
600726.SH|7.8|8.21|7.44|7.51|553487552.0|431796.84|7.61
603688.SH|63.32|67.8|62.8|65.5|45051932.0|296650.13|63.32
600707.SH|8.96|9.04|8.56|8.88|213349568.0|187843.63|9.04
603179.SH|68.13|72.95|67.78|71.15|51494400.0|366531.06|68.98
002491.SZ|20.04|20.66|20.03|20.66|115339496.0|236194.72|18.78
603306.SH|108.78|109.97|106.1|107.52|18600038.0|200707.64|108.69
603067.SH|40.27|40.66|38.8|39.85|40559472.0|160491.69|40.7
002335.SZ|69.0|69.35|67.51|68.23|48118680.0|329038.63|69.16
603950.SH|66.2|70.0|62.05|68.5|18027496.0|118733.3|63.8
