002281.SZ|188.0|198.79|183.02|198.79|77031872.0|1476637.63|180.72
600498.SH|60.0|60.0|55.6|58.61|179435520.0|1035517.88|57.0
605358.SH|51.48|51.52|48.58|50.14|77557232.0|388148.31|49.98
002222.SZ|114.0|114.0|104.32|108.69|66810224.0|728240.94|108.24
001267.SZ|65.7|66.0|61.0|63.8|60004840.0|380183.28|62.38
000547.SZ|28.59|29.97|27.47|28.81|379520960.0|1075337.25|27.59
002536.SZ|45.04|45.51|43.4|44.5|63874236.0|283584.78|43.34
603667.SH|78.2|80.5|76.0|79.18|60844388.0|479677.75|78.17
000582.SZ|13.7|13.7|12.68|12.75|155951264.0|203065.88|13.67
600536.SH|43.45|43.7|41.88|42.28|54985476.0|232798.92|43.45
002624.SZ|18.0|18.0|16.73|16.82|157149696.0|267470.72|17.55
