600584.SH|56.66|56.89|54.5|55.14|224398592.0|1249785.5|55.73
002008.SZ|134.0|139.62|128.08|134.46|66462436.0|881822.44|134.07
000636.SZ|28.97|29.85|28.03|29.45|138517632.0|402720.5|28.46
002179.SZ|41.22|41.95|40.12|40.3|141075584.0|584877.19|40.06
000425.SZ|10.75|10.86|10.24|10.27|253640176.0|269865.97|10.77
600869.SH|21.46|22.9|21.31|22.9|67183696.0|150173.42|20.82
600236.SH|11.94|12.41|11.13|11.7|84263872.0|102085.16|11.39
600601.SH|13.85|14.66|13.85|14.31|724767552.0|1040497.69|13.33
003031.SZ|156.22|156.86|147.41|151.19|17145724.0|260465.31|153.64
600330.SH|33.97|34.0|31.03|32.66|243712416.0|789180.56|32.08
000811.SZ|29.1|30.05|28.3|28.81|54292512.0|158754.92|28.81
600259.SH|109.18|110.0|104.33|107.18|21733464.0|231626.59|108.96
000062.SZ|39.5|39.5|37.0|37.39|114009776.0|430955.13|39.09
001389.SZ|194.3|194.95|185.88|190.68|9212303.0|174046.33|190.3
000029.SZ|24.46|26.46|24.07|26.46|25545742.0|66319.48|24.05
605090.SH|47.81|47.85|44.69|45.35|39683032.0|183137.8|47.35
603063.SH|55.97|57.86|55.02|56.11|49635164.0|281355.78|56.52
600396.SH|14.0|15.05|12.93|15.05|330553760.0|472768.34|13.68
601609.SH|11.88|12.41|11.75|11.95|221877296.0|272337.41|11.27
