601138.SH|65.55|69.8|64.87|68.27|246661520.0|1671842.13|65.92
603256.SH|138.0|150.98|137.02|148.74|31655088.0|457947.03|138.11
601869.SH|310.56|333.0|310.5|328.25|18989548.0|611128.19|312.4
000657.SZ|61.45|63.17|59.47|62.5|171501568.0|1052245.5|57.43
601231.SH|25.96|27.88|25.8|27.52|73795512.0|200477.25|25.96
002636.SZ|55.61|61.62|55.61|59.99|81932568.0|480917.88|56.18
605376.SH|160.0|165.0|155.98|163.82|21608232.0|347717.28|157.65
002222.SZ|58.21|60.68|57.07|59.55|38052160.0|224501.94|58.21
603979.SH|81.04|81.13|77.22|78.4|11351332.0|89455.17|78.68
002491.SZ|15.9|16.75|15.73|16.52|204843760.0|333050.53|16.06
603663.SH|37.27|39.63|37.0|39.31|43793716.0|168913.0|37.26
600206.SH|40.8|43.79|40.5|43.79|103009992.0|441332.53|39.81
603618.SH|26.68|27.26|25.68|26.51|103421064.0|273280.22|26.22
603268.SH|176.1|184.37|171.53|180.0|13319988.0|239794.23|172.87
000981.SZ|3.12|3.18|2.97|3.01|976210816.0|299053.66|3.17
603826.SH|17.93|18.0|17.17|17.22|25084388.0|43826.15|17.36
