603986.SH|740.0|775.39|735.0|775.21|50867836.0|3843277.25|705.09
600176.SH|66.1|71.3|65.66|70.8|214851120.0|1487681.88|64.82
600584.SH|100.0|104.17|99.99|104.17|119722976.0|1232078.88|94.7
601872.SH|21.0|22.16|20.88|21.6|247695648.0|533349.81|21.91
002080.SZ|87.04|92.93|85.0|92.93|37853240.0|340559.78|84.48
002600.SZ|18.15|18.28|17.51|17.88|444447584.0|794935.31|17.66
600105.SH|70.5|73.97|68.1|72.96|131976200.0|945529.38|68.74
600703.SH|22.35|22.88|21.09|21.67|686953088.0|1505250.88|21.81
600026.SH|22.51|22.75|21.6|21.78|166338080.0|367228.97|22.83
000021.SZ|52.8|54.27|52.0|53.2|224494560.0|1192239.75|50.27
002428.SZ|124.54|132.87|123.08|130.09|94909312.0|1230426.38|123.08
603083.SH|260.0|263.3|253.03|260.4|32378772.0|835567.44|262.21
600497.SH|12.09|12.78|12.0|12.31|501765088.0|620943.63|12.1
002409.SZ|184.0|186.5|172.0|181.03|40754696.0|731033.94|173.05
600141.SH|44.93|47.48|43.06|47.48|121121000.0|549989.06|43.16
603929.SH|255.07|255.07|248.11|255.07|2673791.0|67971.59|231.88
600909.SH|11.99|12.65|11.27|12.05|550543168.0|645385.56|11.51
600667.SH|25.25|25.25|25.25|25.25|15254082.0|38608.08|22.95
002240.SZ|46.88|49.5|46.3|46.51|82224576.0|392024.16|47.36
603650.SH|80.0|81.51|75.68|78.03|46253936.0|360564.0|77.22
002821.SZ|140.81|153.72|140.27|150.16|17562142.0|257824.56|140.27
600563.SH|183.0|191.55|178.97|190.04|20915560.0|390276.06|178.76
002491.SZ|39.55|39.71|37.0|38.5|206044640.0|785011.88|37.05
600246.SH|19.5|20.22|18.62|19.71|205689296.0|401185.25|19.13
000967.SZ|11.26|12.12|11.25|11.81|303716960.0|357776.78|11.02
002046.SZ|72.05|76.95|72.05|75.41|53501948.0|407122.13|69.95
603678.SH|72.33|75.13|71.98|75.13|14883438.0|110892.66|68.3
603061.SH|405.0|415.0|391.96|400.05|3158363.0|127126.04|387.09
002364.SZ|56.95|58.3|55.18|56.1|55709480.0|314822.75|55.18
600226.SH|11.41|11.99|11.03|11.2|421202112.0|478614.88|11.41
002025.SZ|69.8|73.27|69.41|73.27|54304132.0|393322.56|66.61
000032.SZ|26.48|27.19|24.5|25.68|110324256.0|284254.56|25.34
002552.SZ|74.34|78.0|70.0|72.72|21608508.0|158820.02|75.99
002536.SZ|52.04|53.28|51.16|51.89|67181008.0|349794.44|49.49
002497.SZ|23.59|24.15|22.17|22.21|70167072.0|159934.17|23.6
002192.SZ|95.89|97.82|91.29|91.68|36058476.0|338744.19|93.17
600596.SH|17.3|17.84|16.9|17.15|109557008.0|189407.89|17.29
