000988.SZ|179.0|187.66|173.03|184.61|109049712.0|1972240.75|177.03
605499.SH|122.82|124.24|119.74|123.43|13119811.0|160754.66|121.99
600378.SH|71.77|75.38|69.54|75.38|102071744.0|744688.13|68.53
000021.SZ|59.45|64.75|57.6|64.27|266114656.0|1637252.25|58.86
002409.SZ|216.24|228.1|207.47|224.5|44721880.0|971319.19|207.46
002422.SZ|38.85|38.85|37.3|38.52|39927148.0|152220.61|39.16
002407.SZ|49.79|50.23|48.6|50.23|188369952.0|939266.88|45.66
002859.SZ|113.13|113.13|103.03|109.51|39364352.0|426419.66|114.15
002821.SZ|170.76|171.8|158.5|162.0|18550008.0|304165.88|167.75
601611.SH|11.13|11.44|10.88|11.1|86812424.0|97640.6|11.05
603606.SH|41.86|42.56|41.16|41.51|23147468.0|96329.06|41.82
603061.SH|470.0|502.22|456.6|502.22|3925471.0|189253.19|456.56
603516.SH|138.18|142.03|128.35|134.61|11018422.0|146346.63|135.11
002653.SZ|63.44|67.16|62.89|66.34|21218160.0|138835.08|61.06
000959.SZ|3.47|3.62|3.39|3.51|96060672.0|33557.28|3.44
601636.SH|9.82|10.58|9.36|10.23|434243424.0|440563.31|9.82
603283.SH|83.3|84.38|79.47|80.98|42060784.0|340790.34|78.74
002624.SZ|12.46|12.59|11.95|12.42|127868128.0|155970.02|12.69
603950.SH|80.0|84.43|79.44|84.43|4747560.0|39388.53|76.75
