600089.SH|30.54|32.63|28.75|30.42|851523776.0|2628502.5|30.14
600893.SH|45.91|48.43|45.01|45.36|124505048.0|574996.81|44.56
601179.SH|14.95|15.75|14.75|15.58|715355328.0|1102579.25|14.31
002636.SZ|20.86|22.29|20.12|20.4|94262384.0|200097.86|20.25
600378.SH|37.79|38.49|36.82|37.46|16616431.0|63017.05|37.79
601126.SH|39.07|39.88|36.78|39.11|50693880.0|198189.91|38.44
605376.SH|73.61|76.13|71.49|73.89|28341696.0|210325.59|69.2
600372.SH|15.91|16.21|15.37|15.65|214307776.0|338490.13|15.76
002558.SZ|51.61|53.16|50.21|50.95|69033616.0|356123.41|49.75
000987.SZ|10.87|10.88|9.88|10.39|315609056.0|328353.78|10.21
603115.SH|23.4|24.33|22.42|22.96|17956750.0|42741.8|23.64
600114.SH|34.4|35.3|33.72|34.02|41517176.0|144158.33|34.65
600312.SH|22.8|23.95|22.36|23.37|141186816.0|328204.28|22.62
000738.SZ|23.92|25.4|23.72|24.44|120688648.0|294939.66|23.46
000400.SZ|32.12|34.41|31.53|32.67|153987984.0|503981.47|32.18
600550.SH|15.54|17.25|15.29|16.25|399375648.0|651946.63|15.69
