002202.SZ|24.5|26.4|23.81|26.4|680173120.0|1684581.63|24.0
600869.SH|9.3|9.92|9.0|9.92|123190008.0|118252.02|9.02
000960.SZ|31.31|32.52|31.08|31.84|75034592.0|241691.88|30.75
600879.SH|23.48|24.64|22.78|23.69|564557248.0|1340501.75|23.91
000768.SZ|28.43|29.09|27.85|28.07|123870544.0|353904.34|28.33
002920.SZ|138.74|141.54|135.63|136.32|30583470.0|426924.53|136.14
600909.SH|7.4|7.63|7.32|7.41|312301088.0|237141.97|7.48
600707.SH|6.97|7.07|6.78|6.89|152297280.0|106054.6|6.98
002945.SZ|18.79|19.56|18.59|18.74|155559376.0|299447.31|17.78
000981.SZ|4.5|4.78|4.4|4.56|2248161280.0|1021599.56|4.46
000629.SZ|3.53|3.57|3.46|3.53|467894880.0|164554.14|3.53
002025.SZ|56.87|62.07|56.67|57.13|73105184.0|428491.53|56.72
601615.SH|15.93|16.91|15.82|16.52|113922032.0|189023.19|16.02
600295.SH|13.91|14.8|13.65|14.63|37991496.0|56549.02|13.6
