002281.SZ|122.0|125.66|119.38|120.05|76471456.0|934213.94|116.83
600703.SH|13.5|13.92|13.34|13.65|437150240.0|595897.13|13.34
002428.SZ|63.85|68.19|63.67|68.19|115781784.0|777507.81|61.99
003031.SZ|119.86|122.56|116.86|118.57|18160664.0|217170.73|112.04
603083.SH|159.39|159.5|149.77|152.02|62969088.0|972029.75|145.01
002203.SZ|17.49|18.26|17.33|17.78|103654768.0|186089.72|17.26
603629.SH|76.88|78.29|74.02|76.36|54492480.0|582898.44|75.05
600707.SH|8.2|8.5|8.01|8.5|110722160.0|93542.32|7.72
600330.SH|23.9|23.9|23.9|23.9|30982684.0|74048.62|21.73
002487.SZ|87.0|92.5|86.71|89.63|35294144.0|315506.28|85.47
600641.SH|24.22|25.33|24.01|24.85|76363776.0|189024.48|24.29
001389.SZ|151.9|153.88|146.24|148.3|13023121.0|195303.75|149.22
600208.SH|3.58|3.81|3.53|3.71|307380608.0|113020.47|3.58
603063.SH|41.32|42.4|40.75|40.8|71931728.0|298328.06|40.5
