000657.SZ|71.0|71.0|67.22|69.02|130064680.0|901432.75|66.22
600549.SH|74.0|76.26|70.91|74.9|102518424.0|761714.38|70.15
601958.SH|25.31|26.93|24.02|26.48|106346952.0|270502.25|24.53
000960.SZ|46.5|48.8|45.48|48.8|130349264.0|619015.81|44.36
603629.SH|56.81|64.37|56.8|64.37|44431988.0|278988.38|58.52
002155.SZ|40.0|41.47|39.41|41.47|265301376.0|1072996.25|37.7
600259.SH|107.1|112.29|105.0|112.29|28230332.0|307595.34|102.08
603618.SH|18.62|19.5|18.13|18.33|139828192.0|260593.13|18.15
002261.SZ|36.49|37.48|35.65|35.83|251355872.0|921206.88|36.52
002046.SZ|52.6|55.52|52.6|54.0|43134376.0|235125.97|52.57
002015.SZ|13.81|14.5|13.69|13.71|160800432.0|225168.61|14.16
002756.SZ|66.06|67.77|64.67|65.53|27558760.0|181704.31|64.9
600126.SH|9.61|9.69|9.36|9.59|238610752.0|227422.44|9.94
003035.SZ|8.4|8.95|8.22|8.33|325054560.0|277379.03|8.22
