000938.SZ|31.66|32.66|30.9|31.48|280355904.0|891756.56|33.31
000301.SZ|13.89|13.89|12.43|12.43|88421984.0|113387.2|13.81
000066.SZ|18.89|19.29|18.46|18.58|266452832.0|503061.09|18.82
600246.SH|16.88|18.6|16.5|18.6|253302096.0|464198.09|16.91
603268.SH|165.0|168.38|157.5|160.37|15292200.0|246669.64|163.35
002245.SZ|22.42|22.52|20.58|20.79|189059968.0|405417.97|22.37
603087.SH|66.6|68.15|65.47|65.54|24618702.0|163948.94|67.09
002025.SZ|93.59|93.74|87.07|90.02|36513376.0|330024.53|91.94
603067.SH|48.84|49.84|43.98|44.35|58943752.0|271635.91|48.57
001287.SZ|31.0|31.0|28.86|29.2|77563760.0|229319.86|31.47
