603256.SH|69.87|73.2|67.53|73.2|17859832.0|127782.48|66.54
600176.SH|26.21|27.64|26.0|27.29|251261024.0|684027.63|25.46
000657.SZ|51.32|56.8|51.3|55.33|111735608.0|614634.69|52.37
002080.SZ|47.37|49.44|46.27|49.44|129663488.0|631680.88|44.91
603629.SH|61.1|62.68|57.57|59.96|50373616.0|301644.31|57.12
002378.SZ|28.38|30.4|28.0|30.4|105311448.0|315553.44|27.64
002340.SZ|9.51|9.76|9.45|9.64|570705280.0|550163.5|9.5
001267.SZ|29.17|29.97|28.59|29.91|71887456.0|211205.92|28.87
000962.SZ|44.93|48.99|44.2|48.99|46715224.0|221450.06|44.54
001896.SZ|8.29|8.29|8.29|8.29|5343497.0|4429.76|7.54
600186.SH|6.63|6.64|6.33|6.53|257625376.0|166944.67|6.63
600583.SH|7.3|7.42|7.16|7.24|175366336.0|127419.97|7.17
