601727.SH|9.36|9.47|9.24|9.35|597084288.0|558633.75|9.45
600703.SH|17.08|17.3|16.33|16.97|481849824.0|810573.19|16.13
601179.SH|18.55|19.53|18.27|19.25|551658880.0|1047151.19|18.06
600875.SH|42.48|44.85|42.48|43.69|187461824.0|828842.56|41.68
002429.SZ|11.15|11.15|10.34|10.51|362303872.0|391031.63|10.13
000703.SZ|12.68|13.22|12.32|12.9|77556520.0|100586.39|13.04
603688.SH|51.95|55.66|51.95|53.5|42734332.0|231944.58|52.95
002195.SZ|10.77|11.05|10.66|10.76|868430848.0|938100.31|10.69
001267.SZ|36.25|39.92|35.14|39.13|85392784.0|322497.22|36.9
002456.SZ|9.59|9.6|9.39|9.54|140282160.0|133241.39|9.78
603067.SH|46.84|48.19|44.24|46.56|41030040.0|190358.69|45.71
600516.SH|6.76|6.87|6.61|6.72|260859568.0|174750.53|6.87
603337.SH|43.15|46.5|43.08|45.3|8062200.0|36712.56|43.69
