601869.SH|198.37|211.48|198.37|211.48|15565859.0|323991.31|192.25
600875.SH|28.89|31.5|28.75|31.17|218187664.0|660943.88|28.77
601360.SH|13.07|13.22|12.81|13.15|424873024.0|553315.81|12.91
600392.SH|27.5|28.7|27.1|28.48|187407328.0|523823.88|27.14
002429.SZ|11.37|11.37|11.37|11.37|45037456.0|51207.59|10.34
603308.SH|58.61|62.3|57.5|61.16|30663124.0|185170.39|57.18
603929.SH|153.0|153.0|142.8|146.02|5620893.0|82129.57|149.27
603629.SH|50.56|52.97|49.97|51.93|44483024.0|229104.03|50.61
002129.SZ|11.68|11.86|11.27|11.3|480404288.0|554814.38|11.68
600330.SH|17.99|18.65|17.15|17.18|210936576.0|373893.91|17.05
600732.SH|14.89|15.01|14.7|14.76|92775080.0|137444.36|15.04
603301.SH|84.72|88.76|82.01|88.76|6799619.0|59386.76|80.69
002716.SZ|14.2|14.7|13.64|14.28|414312576.0|588780.88|14.12
