603256.SH|124.93|125.43|111.09|119.03|37501036.0|440614.34|120.55
600111.SH|51.75|53.22|51.23|52.91|271321024.0|1430195.38|50.82
000657.SZ|57.77|59.67|57.07|57.96|124194848.0|724982.81|57.08
002851.SZ|121.39|124.57|118.22|120.21|38484192.0|464423.88|115.61
002709.SZ|59.59|61.0|58.53|60.51|182189152.0|1089951.38|59.32
000831.SZ|54.32|55.17|53.47|54.41|57112920.0|310765.66|54.0
603083.SH|178.72|187.22|174.5|174.69|38589984.0|692721.56|170.43
600392.SH|25.89|26.29|25.51|25.73|95769272.0|250237.47|25.89
601233.SH|22.69|24.33|22.69|24.09|68426256.0|163442.11|22.94
002378.SZ|32.68|34.61|32.23|33.74|136202640.0|461043.56|32.8
001203.SZ|51.8|54.45|50.88|52.11|46065528.0|241900.27|51.1
603516.SH|161.1|167.38|142.15|142.15|14463552.0|215367.75|157.95
600186.SH|11.33|11.55|10.42|10.72|480905216.0|528535.63|10.82
002498.SZ|8.98|9.03|8.66|8.68|208936320.0|184207.88|8.98
603345.SH|109.36|110.53|105.56|107.95|13631855.0|149298.2|108.38
002756.SZ|85.35|89.4|84.95|86.84|30396236.0|266562.38|83.4
002497.SZ|30.3|30.9|30.07|30.61|80868832.0|246835.56|30.22
002192.SZ|103.63|109.0|101.88|109.0|33849552.0|364620.38|99.07
603026.SH|119.96|122.12|114.46|114.88|27404312.0|322193.91|119.21
000039.SZ|12.52|12.6|12.05|12.39|74519024.0|91850.17|12.43
