002600.SZ|18.7|18.83|16.82|16.9|600257216.0|1055746.5|18.33
600498.SH|47.1|47.1|39.62|44.32|307959552.0|1391555.25|42.82
600118.SH|121.0|127.77|104.99|121.52|195753184.0|2273966.0|116.66
601360.SH|13.79|13.99|12.95|13.16|558135488.0|749461.94|13.35
000066.SZ|16.99|17.15|16.09|16.14|267762112.0|443651.84|16.62
002195.SZ|12.5|12.5|11.0|11.99|1933924992.0|2327150.25|11.39
600259.SH|72.0|74.98|70.15|71.9|30425848.0|221420.8|70.64
002465.SZ|24.2|24.2|22.5|24.2|313733792.0|749556.5|22.0
600588.SH|16.68|17.62|16.52|17.28|404571968.0|705998.94|16.02
601611.SH|20.09|20.1|17.95|17.95|231509200.0|427954.25|19.94
600839.SH|10.49|10.49|9.85|9.9|387364448.0|389936.88|10.38
000981.SZ|5.3|5.48|5.0|5.15|2129678976.0|1110476.75|5.13
001896.SZ|6.24|6.61|5.96|6.38|160255664.0|100326.87|6.01
601615.SH|18.78|19.68|18.78|19.68|112504032.0|220126.16|19.68
000766.SZ|27.89|28.44|27.12|27.15|32932408.0|90688.98|27.87
