000725.SZ|6.05|6.71|5.95|6.37|5504115712.0|3568479.0|6.09
001309.SZ|655.55|665.38|623.82|630.5|16528073.0|1065361.25|680.85
002353.SZ|162.28|162.28|149.31|150.68|29909036.0|459723.63|156.64
002484.SZ|92.01|95.0|88.48|90.0|83085752.0|762353.19|96.35
600703.SH|17.06|17.6|16.68|16.91|461196576.0|789341.75|17.06
600482.SH|40.3|41.04|37.46|37.59|67160312.0|262147.47|39.81
605358.SH|64.89|68.37|63.13|66.77|102348856.0|677054.88|63.9
600667.SH|16.3|17.18|15.97|16.15|428525184.0|711038.06|16.36
603920.SH|63.28|64.7|60.5|60.95|49240000.0|307896.16|62.39
002491.SZ|26.42|28.58|24.65|24.82|297213504.0|796603.69|26.83
600246.SH|18.3|18.77|17.2|17.39|308436032.0|554790.69|18.87
000733.SZ|61.04|61.77|55.95|56.07|74064440.0|426242.5|59.31
603005.SH|44.58|48.5|44.0|45.8|135989696.0|621341.44|44.58
603516.SH|132.9|138.93|129.9|134.92|18041328.0|245682.13|126.29
603067.SH|37.5|38.19|35.76|36.28|40881468.0|150181.11|38.45
603950.SH|69.0|70.04|64.62|64.62|7104922.0|47328.03|70.05
