601869.SH|555.0|570.58|539.46|570.58|23056210.0|1292887.5|518.71
601066.SH|28.6|29.91|28.4|28.81|151982608.0|441362.59|27.39
600584.SH|91.96|91.96|84.38|86.09|222117472.0|1952584.25|91.33
601872.SH|19.43|20.5|18.9|19.92|221481504.0|438628.72|18.85
600549.SH|96.85|96.85|85.05|85.43|124955312.0|1106271.63|94.5
000776.SZ|23.5|24.12|23.15|23.32|298182656.0|704747.44|22.7
601336.SH|63.8|64.5|61.62|62.32|47936740.0|302627.16|63.31
600160.SH|50.01|50.49|46.2|46.85|139551360.0|673356.88|48.53
601958.SH|31.45|31.61|27.42|27.8|210199440.0|608531.81|30.47
600703.SH|19.5|20.52|19.03|19.83|555968832.0|1100597.63|19.29
601179.SH|16.5|17.0|15.95|16.19|306590976.0|502941.5|16.79
600869.SH|37.74|38.5|35.58|36.08|126556752.0|466887.16|36.15
000960.SZ|48.21|48.77|42.01|42.45|190675760.0|862804.56|45.91
002428.SZ|119.24|120.0|108.5|111.9|130128152.0|1473937.25|110.48
603083.SH|240.0|249.58|227.37|238.37|36499508.0|876071.25|235.99
600096.SH|32.97|33.56|31.81|32.06|88922960.0|291299.63|32.53
600497.SH|11.88|12.18|10.81|11.0|582362560.0|667616.88|11.31
601233.SH|23.52|24.17|22.88|22.97|67651840.0|158058.02|23.09
002409.SZ|160.03|167.8|155.2|157.32|35111664.0|565001.5|165.18
600141.SH|44.99|44.99|39.06|39.24|92228872.0|378723.31|41.97
603629.SH|195.01|210.37|185.0|201.93|40378752.0|801166.56|194.24
000783.SZ|8.91|9.46|8.91|9.46|301860064.0|283926.78|8.6
002407.SZ|43.0|44.95|41.58|41.8|252481248.0|1089697.25|42.66
000987.SZ|8.27|8.62|8.24|8.37|114638472.0|97085.18|8.23
600206.SH|49.01|50.67|46.46|48.35|160786672.0|781526.56|46.76
600352.SH|12.63|13.2|12.01|12.04|155890944.0|193691.86|12.06
000060.SZ|8.87|8.91|7.93|7.93|461754336.0|384614.06|8.81
601108.SH|8.23|8.65|8.18|8.49|176852224.0|150613.83|8.27
600353.SH|48.74|50.0|45.82|48.8|155798848.0|746710.5|46.21
000962.SZ|75.04|76.12|71.6|72.8|73661280.0|550343.5|69.31
002601.SZ|17.18|17.48|16.71|16.8|80642296.0|136742.34|17.03
000519.SZ|22.6|22.83|21.6|21.91|143156256.0|317147.22|22.37
603067.SH|39.33|40.54|37.6|39.03|41621584.0|163225.02|39.7
603002.SH|26.0|26.45|23.35|23.35|116330032.0|281335.91|25.94
603588.SH|18.95|19.37|17.93|18.24|226394384.0|425702.22|17.61
600552.SH|26.51|27.17|25.14|25.61|180537424.0|472163.75|25.65
600961.SH|34.87|34.87|32.68|33.1|133351168.0|449922.81|31.7
603950.SH|72.0|78.24|70.01|75.56|14927600.0|112079.77|72.38
603938.SH|64.14|65.12|60.0|65.12|38427192.0|242080.72|59.2
601020.SH|26.83|26.87|24.38|24.49|61625360.0|156789.66|26.87
