002812.SZ|80.24|84.0|80.01|80.85|82430072.0|672718.06|77.18
002407.SZ|33.43|34.69|33.32|34.32|228532320.0|781301.75|32.84
002240.SZ|51.01|53.36|50.93|52.12|63561332.0|332384.91|50.93
000062.SZ|35.27|37.67|34.24|37.67|107511488.0|395283.31|34.24
600499.SH|19.91|20.48|19.68|19.99|68292080.0|138585.48|19.51
600208.SH|4.81|4.84|4.26|4.26|427024672.0|187577.59|4.73
002756.SZ|78.1|81.9|77.81|80.96|22624108.0|182723.19|77.81
603876.SH|27.76|28.44|27.01|28.13|59708696.0|165391.97|26.95
002192.SZ|89.03|94.79|88.39|90.42|41931696.0|381683.53|86.28
002290.SZ|85.98|88.99|81.79|87.86|34314828.0|295769.03|81.14
