601869.SH|123.0|128.0|115.6|126.6|25568632.0|312745.0|123.84
000657.SZ|49.28|53.22|48.77|50.26|146378368.0|749275.31|49.24
600489.SH|32.3|35.03|32.29|34.28|181634288.0|614562.0|33.0
601958.SH|21.26|22.12|20.55|21.43|82930440.0|180576.45|21.52
601168.SH|33.98|36.17|33.95|35.16|113163824.0|398977.25|34.8
000426.SZ|63.5|66.88|60.94|62.88|148277024.0|951572.38|63.67
000975.SZ|35.62|39.14|34.13|35.25|88769416.0|323945.25|37.5
600988.SH|40.89|44.13|40.43|42.28|146796464.0|621510.06|42.37
002378.SZ|23.0|24.48|22.63|23.41|122453144.0|290301.31|22.95
002155.SZ|27.5|27.5|27.5|27.5|3041605.0|8455.66|24.97
000629.SZ|4.24|4.25|3.88|3.99|630404096.0|253771.11|4.24
601069.SH|36.74|40.92|35.74|40.08|67137216.0|260340.78|37.59
002716.SZ|18.08|19.18|16.27|17.64|664349440.0|1201582.75|18.08
