603986.SH|510.0|538.02|491.2|526.22|64338392.0|3301765.75|514.85
000988.SZ|171.69|175.55|165.71|170.07|111606176.0|1901815.75|171.69
600584.SH|82.9|88.09|81.05|88.09|339836672.0|2878465.0|80.07
002156.SZ|72.94|76.68|69.85|75.31|339104128.0|2482094.5|69.7
002851.SZ|133.97|139.36|132.62|137.96|37530008.0|510350.03|132.33
002185.SZ|18.65|18.65|18.14|18.65|603930944.0|1124329.0|16.95
603083.SH|213.0|219.49|202.0|204.94|31443990.0|657573.63|209.0
600726.SH|7.27|7.61|7.17|7.61|203075856.0|151928.75|6.92
600578.SH|9.32|9.72|8.98|9.0|503383104.0|478687.66|8.87
002409.SZ|125.23|125.88|119.29|122.9|39623448.0|485630.97|127.84
002056.SZ|22.2|23.55|22.2|22.85|128321248.0|300179.72|21.81
600863.SH|5.7|6.08|5.48|5.88|459372288.0|279805.38|5.71
605111.SH|65.18|65.18|59.86|64.16|60467436.0|378445.47|63.03
600637.SH|10.87|10.96|10.17|10.18|211609184.0|222911.33|11.31
603005.SH|46.06|47.33|42.49|45.1|202564480.0|897237.0|43.05
603730.SH|13.2|13.83|12.67|13.62|62263768.0|85196.73|12.94
600396.SH|16.02|17.6|15.51|16.88|308191872.0|516969.63|16.02
601608.SH|6.21|6.25|6.02|6.06|131165224.0|80360.69|6.21
000564.SZ|1.83|1.89|1.77|1.78|751063424.0|136620.7|1.8
