002281.SZ|229.01|246.8|226.24|236.4|76745552.0|1812830.38|230.89
002484.SZ|59.61|59.73|56.8|58.34|58091928.0|339872.03|58.43
000636.SZ|33.5|34.95|33.0|34.0|173589824.0|592044.5|32.37
605376.SH|132.29|138.49|128.4|137.35|17760624.0|236371.78|129.69
603083.SH|196.9|198.99|190.27|193.88|33853712.0|658072.5|202.42
605358.SH|55.89|57.77|55.0|55.78|74685720.0|419301.78|55.17
600021.SH|19.31|19.31|18.25|18.31|202749968.0|385971.88|18.08
000811.SZ|36.4|38.1|35.2|36.88|56472488.0|207149.31|37.96
600563.SH|148.25|160.06|148.25|160.06|7741117.0|124031.17|145.3
600246.SH|14.23|15.27|14.0|14.21|206980000.0|300959.03|13.92
600863.SH|5.7|5.96|5.36|5.38|511047552.0|292115.22|5.42
001896.SZ|16.56|16.64|14.8|14.88|152158720.0|234882.81|16.19
603067.SH|43.31|43.86|40.72|42.01|40989208.0|171686.69|43.09
600186.SH|11.6|11.85|10.95|11.03|322001440.0|363185.31|11.56
002831.SZ|31.66|31.95|30.24|31.18|12173020.0|53849.1|31.27
