002281.SZ|279.0|279.0|260.0|276.08|68480712.0|1849845.5|266.2
000657.SZ|102.85|108.1|101.35|108.1|83131912.0|888373.25|98.25
600362.SH|52.27|54.57|49.87|54.26|160404656.0|846305.69|52.71
605376.SH|240.95|247.39|231.25|245.79|17644872.0|424291.81|231.21
003031.SZ|191.01|193.92|191.01|193.92|8521908.0|164792.44|176.29
002203.SZ|26.44|26.86|25.02|26.17|136694528.0|357051.5|25.39
600392.SH|32.48|34.3|31.9|34.18|294858976.0|990051.13|31.36
600667.SH|21.87|22.89|21.36|22.51|415765824.0|924996.81|20.86
002859.SZ|102.0|104.08|96.1|102.5|37265776.0|372456.22|99.73
600259.SH|116.6|119.5|113.0|118.66|41116632.0|478545.09|116.28
603663.SH|65.54|68.67|64.32|68.67|26815956.0|254700.67|62.42
002432.SZ|73.51|74.0|71.03|72.88|30942768.0|223433.38|73.51
002747.SZ|36.6|38.05|35.58|37.19|137410480.0|506344.91|36.5
603127.SH|34.91|36.73|34.01|36.55|35905664.0|126812.57|35.54
