002281.SZ|78.01|80.99|76.7|78.5|78277032.0|614149.63|77.12
002353.SZ|87.81|87.88|80.39|80.9|28461928.0|234361.14|84.14
002429.SZ|9.14|9.23|8.68|8.7|275284352.0|241750.98|9.64
603929.SH|140.0|149.6|138.78|148.6|7742490.0|112608.63|138.78
601216.SH|5.5|5.66|5.39|5.46|390750688.0|214375.75|5.67
002195.SZ|12.07|12.19|11.87|11.87|286095808.0|342080.72|13.19
603179.SH|93.0|96.97|89.0|90.7|23613802.0|217950.64|91.96
600588.SH|18.61|18.61|17.16|17.5|387957472.0|686549.13|19.01
000981.SZ|5.65|5.65|5.1|5.1|1908175104.0|1001805.63|5.67
601106.SH|6.44|6.45|5.94|5.94|278294528.0|167692.56|6.6
603881.SH|40.0|41.6|37.37|38.18|158983872.0|624889.0|38.52
002290.SZ|59.86|60.95|57.39|59.11|8398800.0|49525.39|59.17
002716.SZ|10.29|10.9|9.9|10.54|593848256.0|621027.94|9.92
