600673.SH|29.5|29.79|28.82|29.46|73199184.0|214550.98|29.11
600869.SH|13.17|13.66|13.0|13.43|127042496.0|168899.5|13.17
603806.SH|19.31|20.03|18.71|20.0|151136400.0|291849.72|18.7
603920.SH|70.0|72.68|68.79|70.68|31429258.0|220486.55|70.06
002126.SZ|41.21|43.21|41.21|43.21|59965160.0|258213.3|39.28
002155.SZ|39.5|39.5|35.33|35.92|216783472.0|803434.0|36.63
600330.SH|15.7|16.94|15.7|16.94|281488928.0|472657.25|15.4
000811.SZ|17.66|17.97|17.4|17.67|52430648.0|92718.23|17.33
601799.SH|143.87|153.82|143.0|149.96|11987056.0|177125.28|143.87
000962.SZ|45.26|46.85|44.25|44.9|37232600.0|169250.22|43.21
000547.SZ|33.47|34.64|32.46|32.5|495677504.0|1663913.75|32.38
002364.SZ|32.7|34.2|32.5|33.07|56853108.0|188665.56|32.74
000738.SZ|26.37|28.19|26.2|27.42|121883960.0|331365.47|25.86
003035.SZ|7.5|7.99|7.22|7.6|321471744.0|244999.42|7.44
000039.SZ|10.55|11.41|10.5|11.41|166820960.0|186292.14|10.37
