600522.SH|65.66|66.48|61.29|61.29|395453056.0|2489911.25|68.1
603019.SH|98.0|102.0|96.65|98.76|150869248.0|1494897.5|97.82
001309.SZ|881.1|980.0|872.31|951.0|21873456.0|1997619.0|891.0
000100.SZ|5.36|5.67|5.29|5.4|2440347136.0|1331978.38|5.34
002484.SZ|113.01|115.44|107.66|109.0|58343664.0|647086.13|111.02
000636.SZ|77.5|80.53|77.34|78.5|141985664.0|1118700.5|79.62
605376.SH|255.0|271.52|254.0|264.0|19984528.0|525659.88|246.84
605589.SH|71.46|71.46|65.99|66.71|69751880.0|478084.41|72.96
002558.SZ|28.29|28.67|26.27|27.44|153408992.0|420921.84|27.73
002056.SZ|30.17|31.97|29.81|30.52|119278400.0|368777.66|30.2
000783.SZ|9.99|10.18|9.68|9.76|430679904.0|426048.06|10.15
600330.SH|36.52|37.37|32.34|32.75|240096288.0|831221.19|35.6
000811.SZ|54.48|55.27|51.56|53.12|65306136.0|350404.03|53.52
000962.SZ|85.0|90.15|81.0|87.03|42830672.0|364890.63|84.02
600500.SH|8.72|9.5|8.65|8.92|402532032.0|363529.69|8.64
002518.SZ|55.95|56.87|50.55|50.9|30959502.0|162046.0|54.43
603115.SH|129.74|131.9|117.6|117.6|11654400.0|143068.7|130.73
603067.SH|46.0|46.38|42.65|42.74|45610056.0|201663.19|46.38
600186.SH|15.75|15.93|14.1|14.3|280680512.0|414340.47|15.6
603063.SH|55.99|56.27|50.97|52.03|45409444.0|238936.73|55.17
000766.SZ|27.18|27.73|23.95|23.95|51855432.0|129617.24|26.61
600516.SH|6.66|6.78|6.4|6.47|242258352.0|158535.27|6.76
000034.SZ|27.45|28.21|26.41|26.62|85395168.0|231568.28|27.94
600888.SH|16.88|17.28|15.67|16.12|194354192.0|316544.75|16.12
