603256.SH|157.31|164.6|146.5|148.64|20463742.0|318833.97|160.35
600176.SH|39.34|40.4|37.14|37.59|222414496.0|858207.06|41.07
002080.SZ|50.0|50.37|46.75|46.75|42264324.0|202599.97|51.94
002353.SZ|144.0|146.28|135.92|135.92|24505586.0|341716.5|151.02
002484.SZ|68.7|68.7|62.96|62.96|31412236.0|202433.38|69.95
000636.SZ|43.11|45.5|42.4|43.19|161748128.0|713476.13|44.24
603228.SH|79.5|79.95|73.85|73.85|54097252.0|409975.44|82.06
002636.SZ|61.77|62.86|57.32|57.32|31023458.0|185443.67|63.69
605376.SH|150.66|151.68|136.49|136.49|12419908.0|176550.03|151.66
002409.SZ|163.7|175.3|159.0|166.43|58171016.0|985216.69|169.35
600667.SH|17.92|19.45|17.88|18.37|456986272.0|851648.56|17.92
002407.SZ|33.61|35.55|33.19|34.2|275757376.0|947428.56|33.57
001267.SZ|34.0|34.6|31.09|31.09|35360896.0|116198.27|34.1
002364.SZ|40.25|40.44|36.0|36.01|50561224.0|185283.23|40.0
603115.SH|72.58|75.0|67.0|67.81|11792300.0|82760.69|73.89
