002475.SZ|64.86|66.0|62.9|65.75|262573280.0|1694357.63|65.73
600522.SH|31.0|32.88|30.78|32.44|395727456.0|1254054.25|30.95
601698.SH|38.61|39.16|37.6|38.17|172535360.0|661864.63|37.38
600118.SH|98.0|100.6|96.5|100.2|119231960.0|1178876.0|94.52
600601.SH|11.64|11.64|11.28|11.46|267886144.0|305333.59|11.75
603699.SH|58.0|59.71|57.0|59.0|18244654.0|107225.65|56.32
002491.SZ|16.67|17.23|16.31|16.75|250326400.0|420341.44|16.64
600206.SH|25.16|25.53|24.7|24.88|85201056.0|212599.63|25.62
603268.SH|137.0|146.0|136.8|141.5|21981384.0|310469.44|133.34
001896.SZ|18.78|18.85|17.0|17.1|255123856.0|447198.88|18.79
002149.SZ|62.79|63.75|59.2|61.33|113204720.0|693700.94|60.28
002536.SZ|38.0|41.6|38.0|38.5|108637896.0|427376.78|40.96
