002384.SZ|109.33|111.65|103.71|104.8|91369096.0|973504.31|108.06
002281.SZ|90.68|93.08|89.0|91.49|102547496.0|936966.94|86.16
601869.SH|244.75|256.41|244.66|250.01|24669630.0|623116.63|233.1
600498.SH|58.6|61.78|56.66|57.03|183744064.0|1086758.63|57.2
002636.SZ|28.91|30.3|28.4|28.6|61911080.0|180319.41|27.87
600726.SH|3.24|3.53|3.05|3.53|395559136.0|130215.73|3.21
600330.SH|17.97|18.94|17.96|18.27|247610000.0|459555.44|17.22
001267.SZ|48.0|49.95|47.11|49.1|87247120.0|424179.19|45.68
002294.SZ|54.0|54.9|53.27|53.69|11689763.0|63016.1|54.01
001389.SZ|123.74|127.88|122.57|124.1|11788844.0|146983.95|120.23
002025.SZ|58.7|58.7|56.24|56.49|55854104.0|320904.53|56.03
603115.SH|32.69|33.66|31.95|32.19|15780800.0|51654.05|32.0
002335.SZ|69.82|72.82|67.3|67.97|92866000.0|645897.88|69.48
002536.SZ|39.84|41.34|39.23|40.9|85235160.0|343531.03|38.09
002290.SZ|66.86|68.58|65.8|67.04|8916203.0|60223.07|67.21
003021.SZ|125.0|127.08|122.45|123.4|8680368.0|108150.94|124.38
