603993.SH|19.49|21.0|19.49|20.92|731318656.0|1503772.38|19.11
000630.SZ|7.3|7.71|7.27|7.66|1246721024.0|934247.94|7.1
600601.SH|12.9|13.46|12.65|13.45|340542944.0|449558.06|12.89
000768.SZ|21.4|21.81|21.26|21.63|68745520.0|148060.95|22.86
002812.SZ|68.72|69.33|66.69|67.92|47731220.0|323936.66|67.54
600497.SH|9.74|10.16|9.57|10.12|376944800.0|372789.69|9.28
601233.SH|23.08|24.53|22.91|23.47|102662016.0|242920.31|22.3
601696.SH|11.9|12.69|11.89|12.69|132487360.0|165476.94|11.54
603225.SH|20.76|22.18|20.57|21.35|58577960.0|126197.77|20.16
000547.SZ|19.99|19.99|19.3|19.92|160385952.0|315731.81|20.65
000737.SZ|14.09|15.09|14.09|15.06|139370432.0|204376.31|14.08
002085.SZ|13.83|14.0|13.53|13.72|129746960.0|178353.28|13.59
000969.SZ|24.68|25.0|23.76|24.38|109700768.0|265251.91|24.46
600862.SH|18.7|19.25|18.55|19.12|44988588.0|85576.91|18.87
601609.SH|12.22|12.89|12.22|12.61|166141088.0|208094.8|12.55
600961.SH|25.97|26.88|25.82|26.58|97471016.0|256522.58|25.41
