600549.SH|49.6|49.9|46.85|48.62|74633056.0|362082.59|47.79
601698.SH|50.99|53.88|50.0|53.88|262946096.0|1382314.88|48.98
601958.SH|18.88|18.88|17.78|18.2|75763784.0|137688.91|18.38
002625.SZ|57.98|57.98|56.0|57.57|91657784.0|524011.97|55.41
002428.SZ|40.52|42.11|38.24|41.0|147209856.0|592452.94|38.92
002203.SZ|14.5|14.79|14.01|14.41|108794448.0|155341.56|14.05
600143.SH|21.71|22.0|21.15|21.51|367031840.0|792210.69|20.92
603179.SH|63.61|63.84|59.39|59.96|22205068.0|189290.66|61.09
000987.SZ|10.7|11.14|10.4|10.84|320818368.0|346472.44|10.13
002046.SZ|48.79|50.83|47.8|50.83|40744288.0|205453.73|46.19
002131.SZ|8.18|8.18|8.18|8.18|30521192.0|25057.9|7.43
603067.SH|37.0|37.8|35.94|37.1|50481072.0|185369.39|35.1
000969.SZ|26.8|27.51|26.57|27.51|73501064.0|201338.13|24.99
002044.SZ|6.74|6.74|6.74|6.74|37432172.0|25229.28|6.13
