601857.SH|12.06|12.9|12.05|12.9|917467584.0|1176028.75|11.7
600028.SH|7.04|7.71|7.04|7.71|1502438144.0|1142739.0|7.0
600989.SH|26.62|28.5|26.08|28.09|324512224.0|901095.94|25.9
601872.SH|18.65|19.4|17.67|19.4|379546400.0|728122.06|17.61
605117.SH|85.42|89.04|85.42|85.83|26674536.0|332163.66|80.82
600489.SH|34.01|35.5|33.39|33.66|161811264.0|554181.63|35.02
600938.SH|41.31|42.93|40.52|42.93|253280224.0|1083747.75|38.98
600026.SH|24.07|24.52|23.12|24.52|133193472.0|325671.31|22.26
600236.SH|9.77|10.23|9.51|9.62|34520076.0|34359.4|9.54
603083.SH|114.72|116.2|109.82|110.13|38661576.0|437955.13|113.46
600988.SH|42.36|45.26|41.5|42.38|135432464.0|588743.94|43.59
601212.SH|11.2|11.39|10.6|10.62|374039328.0|412163.03|11.77
600968.SH|5.21|5.39|5.14|5.39|261080928.0|142818.88|4.89
001267.SZ|36.84|36.85|34.3|34.89|107900736.0|386360.84|33.49
601808.SH|19.18|20.14|18.92|20.14|115918080.0|230163.84|18.28
002432.SZ|47.58|50.6|46.64|48.85|62275096.0|312097.59|47.18
600256.SH|6.81|7.06|6.64|7.06|982025856.0|685232.0|6.41
600871.SH|3.88|3.88|3.88|3.88|45837828.0|17785.08|3.53
603115.SH|30.35|31.09|28.05|28.48|15628102.0|46288.04|30.31
002536.SZ|34.69|35.38|33.42|33.9|89197568.0|308889.94|34.35
600583.SH|8.38|8.72|8.3|8.72|389096832.0|334872.44|7.93
601069.SH|39.74|42.96|37.99|40.79|75567424.0|309019.0|39.73
600688.SH|3.77|3.84|3.65|3.84|550902528.0|208304.03|3.49
002716.SZ|16.31|16.88|15.64|15.67|409624224.0|668327.06|17.37
601975.SH|4.94|4.94|4.77|4.94|341890272.0|169638.58|4.49
002545.SZ|29.96|30.6|28.7|29.2|34043860.0|101331.97|29.66
