601958.SH|25.52|25.52|25.52|25.52|16301094.0|41600.39|23.2
002428.SZ|89.49|93.38|86.99|92.25|130537848.0|1185504.13|88.23
002203.SZ|23.29|23.31|22.49|23.31|102531824.0|239899.7|21.18
600141.SH|35.5|35.5|32.64|33.65|111499616.0|386653.38|32.23
000688.SZ|46.0|49.5|44.8|46.91|50092452.0|235663.47|45.32
002378.SZ|34.88|36.54|32.75|34.52|201847008.0|701250.69|33.51
600667.SH|18.64|18.8|16.34|16.36|417539456.0|731167.94|17.45
002407.SZ|38.0|40.1|36.67|39.67|270837952.0|1043039.25|38.19
000032.SZ|17.4|18.92|16.6|18.92|105555592.0|192267.47|17.2
000921.SZ|31.16|31.8|28.67|28.7|51173436.0|150797.77|29.3
