601698.SH|34.0|34.88|29.88|31.56|135046176.0|431207.72|32.88
600118.SH|93.5|99.0|86.0|91.26|149357648.0|1371070.88|90.02
002202.SZ|21.73|21.85|20.2|20.27|195321312.0|403157.16|22.36
600879.SH|23.06|23.06|20.96|21.36|336956576.0|736921.13|23.29
000933.SZ|23.03|23.56|22.5|23.13|98052456.0|225861.28|23.49
000547.SZ|17.98|17.98|16.35|16.35|163774848.0|271910.31|18.17
605090.SH|41.78|41.78|41.14|41.78|56299044.0|235183.72|37.98
601608.SH|5.54|5.54|5.3|5.54|204914336.0|112306.11|5.04
603127.SH|44.12|46.85|42.75|43.01|68331344.0|303555.59|43.22
600685.SH|27.37|27.57|25.61|25.76|34007384.0|89619.09|28.47
002402.SZ|25.85|26.49|24.73|24.91|75174656.0|190640.53|26.32
