600673.SH|36.0|38.45|34.68|36.46|127557088.0|472956.22|36.94
601991.SH|8.0|8.2|7.3|7.33|861063552.0|661696.63|7.79
600885.SH|37.01|37.77|35.78|36.32|29460914.0|107324.09|37.94
600233.SH|18.34|18.78|17.68|17.93|93978832.0|169779.22|17.33
600909.SH|12.49|12.95|11.61|11.95|439575264.0|528724.44|12.22
600667.SH|29.62|31.05|28.89|28.89|392299904.0|1156050.63|32.1
600845.SH|18.99|19.2|18.11|18.11|52319896.0|97323.14|18.29
000733.SZ|60.88|60.88|56.62|57.12|64770864.0|381390.13|62.3
601933.SH|3.11|3.24|3.08|3.15|320397312.0|101137.32|3.12
000876.SZ|6.96|7.1|6.73|6.86|111744632.0|77274.74|6.9
601162.SH|3.76|3.82|3.67|3.69|567094016.0|211451.5|3.71
600208.SH|3.16|3.25|2.97|2.98|273619840.0|84759.2|3.11
603738.SH|68.5|68.67|59.45|59.45|67621728.0|435456.06|66.06
605289.SH|160.0|160.0|143.55|143.55|9141311.0|136139.25|159.5
002423.SZ|9.09|9.35|8.97|9.0|37329808.0|34056.25|9.05
