600183.SH|113.2|117.01|109.55|115.72|79441088.0|910237.06|107.21
002916.SZ|401.62|407.34|385.47|397.6|16196269.0|647278.63|375.87
002463.SZ|121.02|123.82|119.2|122.54|99725432.0|1211695.13|114.07
002938.SZ|113.32|113.32|111.27|113.32|20909952.0|239006.95|102.93
603256.SH|167.42|175.24|164.43|175.24|20441500.0|347877.25|159.3
000657.SZ|64.8|65.3|62.2|64.21|114812248.0|732085.19|62.38
002080.SZ|72.57|75.19|70.63|74.45|46644424.0|340861.06|70.85
600160.SH|35.46|35.68|34.8|34.88|57022468.0|202362.53|35.46
000636.SZ|41.38|41.38|41.38|41.38|8720405.0|36085.04|37.62
000630.SZ|6.45|6.8|6.4|6.69|686901312.0|462713.75|6.31
603228.SH|87.99|89.7|84.61|86.92|71320528.0|618989.75|82.5
601208.SH|54.0|55.25|52.8|53.74|85985160.0|462700.81|52.45
605376.SH|168.63|168.63|163.67|166.87|27467596.0|459278.84|153.3
600601.SH|13.02|13.35|12.71|13.01|321302816.0|417268.59|12.79
600497.SH|10.23|10.33|9.9|10.0|202917200.0|205385.69|10.09
002273.SZ|40.41|40.5|38.02|39.94|116262704.0|459333.31|40.14
603806.SH|17.83|18.64|17.73|18.36|103670984.0|191066.95|17.37
002859.SZ|63.79|65.94|62.14|64.17|29856772.0|191448.0|59.93
603379.SH|60.54|61.0|58.81|59.41|15334681.0|93477.77|59.33
600563.SH|173.7|174.28|165.05|170.13|15545369.0|265447.28|171.9
603663.SH|53.0|55.54|51.12|55.54|30521880.0|162910.83|50.49
000060.SZ|7.76|7.99|7.54|7.7|346522208.0|267602.84|7.57
002432.SZ|79.15|86.21|79.05|86.21|31020600.0|267497.09|78.22
002046.SZ|56.78|57.54|54.24|56.13|26043468.0|145867.5|54.79
002245.SZ|20.99|21.0|18.89|20.32|214361072.0|429199.38|20.41
000962.SZ|67.17|68.38|63.27|64.77|40591160.0|264785.66|62.25
603115.SH|121.11|122.0|104.68|114.22|17331692.0|195353.77|116.31
600186.SH|12.05|12.93|12.04|12.93|252240976.0|321848.56|11.75
