603256.SH|94.93|98.16|93.93|97.93|35280552.0|344404.03|89.23
600176.SH|32.88|33.11|31.75|32.28|173827904.0|565209.56|31.92
002080.SZ|50.1|51.5|48.71|51.27|83214320.0|423401.34|49.71
002436.SZ|24.95|25.97|24.8|25.39|228363488.0|581739.25|25.2
000688.SZ|45.03|45.83|44.07|45.33|28450214.0|128061.94|45.0
001203.SZ|43.0|43.9|41.71|43.78|32003740.0|136807.31|42.47
002240.SZ|46.01|48.57|45.32|48.48|94375680.0|445920.97|44.86
600299.SH|15.1|15.25|14.56|15.17|38015380.0|56992.68|15.18
600166.SH|3.6|3.62|3.39|3.48|663384384.0|229539.25|3.67
600396.SH|7.6|8.03|7.52|8.03|187302976.0|148562.56|7.3
