600183.SH|176.0|183.05|174.8|179.4|91898440.0|1656126.75|166.41
002384.SZ|244.0|253.1|235.88|249.06|102516712.0|2493854.5|239.31
603256.SH|237.02|251.55|234.66|251.55|13205654.0|322316.09|228.68
600176.SH|46.94|50.2|46.0|49.64|241712928.0|1176368.38|45.77
002281.SZ|233.5|237.89|226.0|230.01|56386760.0|1303130.5|225.47
000657.SZ|89.48|94.14|89.01|92.5|123109336.0|1127624.38|86.9
601872.SH|17.77|17.94|16.04|16.38|271170272.0|457286.19|17.16
002080.SZ|70.9|74.92|70.9|74.92|54708520.0|403130.47|68.11
600549.SH|74.0|78.41|73.81|78.41|62365424.0|482008.63|71.28
600362.SH|47.32|48.3|46.36|46.5|79288760.0|375266.97|47.36
600703.SH|15.7|16.84|15.56|16.84|466885408.0|774114.13|15.31
000636.SZ|68.24|71.53|68.0|70.61|179543248.0|1268511.13|65.03
002851.SZ|158.58|163.64|157.0|163.64|29863706.0|485233.06|148.76
601179.SH|15.51|16.3|15.39|16.3|231797968.0|370693.88|14.82
600026.SH|19.77|19.97|17.5|17.9|179883136.0|331549.31|19.25
600460.SH|37.0|38.91|36.9|38.28|178901632.0|690762.06|35.37
000960.SZ|41.69|43.05|41.38|41.64|127422656.0|537141.5|41.42
002428.SZ|103.33|108.66|100.0|101.2|144621312.0|1502722.75|101.49
605376.SH|200.0|214.18|196.6|213.0|15435151.0|319039.28|194.71
603083.SH|208.0|208.0|196.55|198.07|28119916.0|564902.38|201.29
605589.SH|65.9|67.98|64.31|67.06|96111088.0|637010.25|64.15
600578.SH|8.33|8.78|8.14|8.16|292001312.0|245860.84|8.24
603979.SH|77.45|77.45|71.86|72.73|15872679.0|116820.13|77.84
603806.SH|16.39|17.46|16.32|17.39|74211216.0|126360.02|16.3
603629.SH|169.66|173.97|158.55|163.1|37346924.0|614120.5|167.37
002859.SZ|86.5|91.09|85.51|89.0|35131288.0|311637.06|82.81
000811.SZ|34.46|34.78|32.66|33.2|51751224.0|173815.95|33.85
600563.SH|161.0|173.0|159.51|168.29|12836496.0|214774.53|157.3
603618.SH|43.98|47.03|43.88|47.03|39026920.0|177958.52|42.75
002432.SZ|70.41|71.86|69.1|70.9|39147584.0|276928.53|66.99
000733.SZ|53.79|57.07|53.4|56.34|89568072.0|502996.94|51.88
605111.SH|66.6|68.94|66.15|66.33|26099056.0|175362.09|65.53
002364.SZ|52.0|53.76|51.06|52.24|42610940.0|225008.88|51.16
603516.SH|127.95|134.64|127.4|134.64|6852220.0|91411.37|122.4
603115.SH|103.5|109.04|103.48|109.04|3780170.0|40334.45|99.13
002335.SZ|39.24|39.48|38.77|39.03|28241256.0|110490.52|39.23
601636.SH|7.27|7.88|7.19|7.88|157426112.0|120794.78|7.16
603950.SH|65.0|65.49|61.6|62.49|9623055.0|60716.79|65.49
601975.SH|4.72|4.72|4.3|4.38|547511616.0|246918.78|4.58
