000657.SZ|53.27|56.86|53.14|55.89|194577648.0|1078424.75|51.67
600549.SH|61.77|63.42|61.21|62.45|105426752.0|661034.25|61.48
002008.SZ|88.2|89.51|86.07|87.36|50734464.0|444936.25|86.47
600875.SH|41.97|42.45|40.47|41.19|115955696.0|484755.19|41.51
002595.SZ|62.41|63.83|61.3|61.72|7264357.0|66339.8|60.7
002850.SZ|199.61|202.88|193.79|195.66|7575605.0|150328.81|203.09
001203.SZ|48.46|49.18|45.4|46.32|42877400.0|201816.02|46.19
603920.SH|61.98|62.1|57.25|58.8|88211440.0|524015.88|58.56
002859.SZ|48.53|50.78|47.35|50.1|26166716.0|129158.45|46.21
002491.SZ|15.62|15.97|15.0|15.13|211536544.0|324578.78|15.62
000967.SZ|13.88|14.17|13.18|13.87|353955552.0|485435.84|12.94
600961.SH|22.09|22.09|22.09|22.09|4664681.0|10304.28|20.08
603826.SH|27.19|28.05|25.78|26.32|23802056.0|82069.08|26.16
