603986.SH|594.0|644.64|586.6|629.0|59157320.0|3701638.75|586.04
002916.SZ|456.0|459.0|419.0|453.8|19527860.0|858281.38|444.27
002938.SZ|119.01|123.1|113.42|119.91|60871952.0|722202.81|119.01
000725.SZ|6.86|6.93|6.49|6.55|4003242752.0|2665428.0|6.65
600176.SH|53.0|54.99|51.3|53.5|263373088.0|1403075.0|54.6
600673.SH|36.0|37.2|35.89|36.26|96114032.0|350177.63|35.89
000100.SZ|5.21|5.24|4.98|5.0|1804161664.0|916594.81|5.12
600026.SH|19.9|20.1|18.88|19.3|128121352.0|248246.94|19.69
600378.SH|64.65|66.99|61.0|65.16|103630400.0|663892.88|63.8
601117.SH|8.25|8.29|8.0|8.08|283008896.0|230487.69|8.22
603929.SH|235.0|247.65|213.0|215.52|14074948.0|312145.44|232.18
600707.SH|12.34|12.46|11.47|11.71|341535264.0|406880.5|12.66
000811.SZ|40.17|40.17|40.17|40.17|4236751.0|17019.03|36.52
002491.SZ|30.01|31.58|30.01|31.58|55444168.0|172539.33|28.71
