603256.SH|45.06|47.36|44.44|47.36|46374224.0|212915.66|43.05
000657.SZ|42.81|44.16|41.47|42.28|111529144.0|478299.53|41.45
002156.SZ|57.87|59.12|54.78|55.92|288494272.0|1624704.5|56.03
002851.SZ|115.56|118.42|113.0|114.06|19511044.0|223823.95|113.85
002185.SZ|14.93|14.93|13.68|13.83|582559104.0|825959.44|14.16
000066.SZ|19.6|19.6|18.61|19.5|719230208.0|1374440.63|17.82
000688.SZ|27.86|28.67|27.19|27.31|33177064.0|92420.36|27.79
001203.SZ|31.71|33.06|29.6|29.94|59894372.0|184678.39|30.46
002240.SZ|37.49|39.8|37.23|39.13|102507616.0|397746.25|37.33
600246.SH|14.38|14.9|13.91|14.03|185925360.0|265214.0|13.71
001389.SZ|100.59|104.41|98.35|104.41|30637008.0|314828.78|94.86
601069.SH|33.34|34.8|32.73|33.74|50199844.0|169710.86|35.15
002290.SZ|66.88|68.41|62.79|63.92|19099692.0|125772.63|63.81
