20250103|0.0
20250106|0.0
20250107|0.0
20250108|0.0
20250109|0.0
20250110|0.9814
20250113|-0.0045
20250114|3.9305
20250115|-0.0392
20250116|0.0
20250117|-1.1392
20250120|-0.4386
20250121|0.0
20250122|1.5335
20250123|-2.7273
20250124|2.3449
20250127|0.2136
20250205|-5.3854
20250206|0.0
20250207|-1.003
20250210|0.0
20250211|0.77
20250212|3.1719
20250213|3.3427
20250214|0.7202
20250217|2.4674
20250218|-1.2415
20250219|0.0
20250220|1.5216
20250221|0.0
20250224|0.0
20250225|2.7742
20250226|1.9812
20250227|-3.1408
20250228|-6.2847
20250303|0.0
20250304|0.0
20250305|0.0
20250306|3.6336
20250307|-0.5271
20250310|1.4228
20250311|2.0911
20250312|0.8579
20250313|0.0
20250314|2.3747
20250317|0.0
20250318|-0.1313
20250319|0.0
20250320|-1.3208
20250321|-6.4123
20250324|0.0
20250325|0.0
20250326|0.0
20250327|0.0
20250328|0.0
20250331|0.0
20250401|0.0
20250402|-1.1159
20250403|0.0
20250407|0.0
20250408|-0.3487
20250409|4.6854
20250410|0.0
20250411|0.0
20250414|0.191
20250415|-2.7523
20250416|0.0
20250417|2.513
20250418|4.6124
20250421|0.0
20250422|0.0
20250423|0.0
20250424|0.0
20250425|-2.0172
20250428|0.0378
20250429|0.7348
20250430|0.0
20250506|5.6456
20250507|0.0
20250508|0.0
20250509|-1.7041
20250512|3.4334
20250513|0.0
20250514|-2.1918
20250515|0.0
20250516|-0.0261
20250519|6.6574
20250520|-0.7238
20250521|0.0
20250522|-3.5341
20250523|0.0
20250526|0.0
20250527|0.0
20250528|0.0
20250529|0.0
20250530|0.0
20250603|0.0
20250604|0.0
20250605|-0.2397
20250606|-5.0752
20250609|0.4229
20250610|3.7016
20250611|-0.6041
20250612|2.046
20250613|0.0
20250616|0.0
20250617|0.0
20250618|0.0
20250619|1.4421
20250620|-2.7431
20250623|0.0
20250624|0.0
20250625|0.0
20250626|0.0
20250627|0.0
20250630|1.1584
20250701|3.7003
20250702|0.0
20250703|0.0
20250704|1.0171
20250707|0.0
20250708|10.0
20250709|-3.1434
20250710|0.0
20250711|10.0539
20250714|0.5131
20250715|-2.4937
20250716|0.0
20250717|0.5
20250718|0.6203
20250721|0.0
20250722|-2.224
20250723|-1.7979
20250724|0.0
20250725|-1.2299
20250728|-6.0489
20250729|0.0
20250730|-2.0634
20250731|-5.2663
20250801|-3.0518
20250804|0.0
20250805|9.9961
20250806|0.0
20250807|-4.215
20250808|1.8628
20250811|0.281
20250812|1.6367
20250813|-0.681
20250814|-2.0906
20250815|5.8705
20250818|0.0
20250819|-1.4695
20250820|0.0
20250821|0.045
20250822|3.1054
20250825|0.5868
20250826|0.2684
20250827|1.4337
20250828|4.1915
20250829|0.5004
20250901|-3.1764
20250902|-4.1349
20250903|-1.1893
20250904|-7.0012
20250905|2.4453
20250908|0.0
20250909|0.0
20250910|0.0
20250911|3.5767
20250912|-0.748
20250915|-2.5715
20250916|2.0491
20250917|1.162
20250918|-2.8837
20250919|0.5245
20250922|0.6268
20250923|0.2104
20250924|2.0593
20250925|-1.8975
20250926|-4.7016
20250929|10.0
20250930|2.0021
20251009|-10.0
20251010|-2.662
20251013|0.0
20251014|-3.2209
20251015|2.2753
20251016|10.008
20251017|-0.6512
20251020|0.0
20251021|0.0
20251022|0.0
20251023|0.0
20251024|0.0
20251027|4.8106
20251028|0.0
20251029|0.0
20251030|-0.4214
20251031|-4.0621
20251103|-1.8679
20251104|-1.657
20251105|0.9245
20251106|0.2123
20251107|1.4894
20251110|0.0
20251111|-4.135
20251112|0.3178
20251113|8.955
20251114|-1.5723
20251117|0.0
20251118|-4.2636
20251119|-4.1396
20251120|0.0
20251121|-4.858
20251124|0.0
20251125|0.0
20251126|0.0
20251127|0.0
20251128|5.8529
20251201|1.4761
20251202|0.0
20251203|-8.5345
20251204|0.0
20251205|0.2679
20251208|-0.5952
20251209|0.158
20251210|0.0
20251211|4.9577
20251212|-0.2428
20251215|-3.8612
20251216|0.0
20251217|0.0
20251218|-2.2322
20251219|2.8986
20251222|0.0
20251223|0.0
20251224|0.0
20251225|-4.1411
20251226|-0.2526
20251229|-3.3387
20251230|-7.2268
20251231|10.0103
20260105|-1.1289
20260106|1.5407
20260107|0.1622
20260108|0.0
20260109|3.0219
20260112|4.6088
20260113|0.0
20260114|2.0615
20260115|1.4036
20260116|0.9554
20260119|-2.0134
20260120|0.0
20260121|0.6646
20260122|-3.8515
20260123|-0.3838
20260126|3.6713
20260127|0.5451
20260128|-0.4783
20260129|9.9579
20260130|0.0
20260202|-6.6811
20260203|7.8471
20260204|-0.4872
20260205|0.0
20260206|3.9281
20260209|2.554
20260210|-0.5538
20260211|0.0
20260212|-1.5217
20260213|-3.8061
20260224|-2.1172
20260225|2.1104
20260226|3.6274
20260227|0.0
20260302|4.6716
20260303|-5.3947
20260304|0.0
20260305|6.6667
20260306|0.9282
20260309|-4.1012
20260310|-0.0219
20260311|1.0879
20260312|3.8124
20260313|-6.2836
20260316|-3.6792
20260317|-2.6919
20260318|0.0
20260319|0.0
20260320|-5.2309
20260323|0.0
20260324|0.0
20260325|0.0
20260326|0.0
20260327|0.0
20260330|3.7418
20260331|0.0
20260401|0.0
20260402|6.6935
20260403|-1.5824
20260407|-0.8865
20260408|2.2943
20260409|0.0
20260410|2.0658
20260413|4.134
20260414|3.0854
20260415|-2.6688
20260416|2.7376
20260417|2.0835
20260420|5.4491
20260421|-3.9362
20260422|2.9821
20260423|1.1952
20260424|-2.7845
20260427|-1.0042
20260428|0.5412
20260429|2.5073
20260430|1.3595
20260506|0.0
20260507|1.6094
20260508|-2.931
20260511|0.0
20260512|-0.7239
20260513|2.9281
20260514|-4.2976
20260515|-3.7907
20260518|5.9919
20260519|1.9174
20260520|0.0
20260521|0.2949
20260522|10.001
20260525|5.3409
20260526|-2.4357
20260527|2.1424
20260528|5.5685
20260529|-5.1314
20260601|-0.9761
20260602|-4.6025
20260603|0.0
20260604|-3.9877
20260605|2.6935
20260608|-4.8291
20260609|3.4854
20260610|-2.6837
20260611|1.2346
20260612|2.529
20260615|3.253
20260616|5.2462
20260617|-2.1866
20260618|0.9235
20260622|-0.1142
20260623|-4.1831
20260624|0.0
20260625|5.6937
20260626|-2.6485
20260629|0.0
20260630|0.1786
20260701|-1.524
20260702|-6.9668
20260703|1.215
20260706|3.4859
20260707|-2.9032
20260708|-3.473
20260709|4.2179
20260710|0.0
20260713|0.0
20260714|-1.6737
20260715|-2.0504
20260716|0.0
20260717|0.0
20260720|-3.9162
20260721|0.9729
20260722|-3.4816
20260723|-1.2009
20260724|-5.1616
20260727|4.0681
20260728|0.2703
20260729|0.0
20260730|-7.7827
20260731|0.0
20260803|0.0
20260804|0.7072
20260805|0.0
20260806|-1.358
20260807|7.5866
