20250103|0.0
20250106|0.0
20250107|0.0
20250108|0.0
20250109|-0.034
20250110|-4.5213
20250113|-1.2489
20250114|5.9738
20250115|0.0
20250116|3.1284
20250117|2.9578
20250120|0.0
20250121|4.2114
20250122|5.5313
20250123|-2.4199
20250124|2.7225
20250127|-5.6301
20250205|0.0
20250206|2.8156
20250207|0.0
20250210|8.6928
20250211|-0.1231
20250212|3.5586
20250213|2.7533
20250214|-1.1707
20250217|-0.7764
20250218|0.0
20250219|6.9485
20250220|0.0
20250221|0.0
20250224|0.7343
20250225|-0.4756
20250226|0.6076
20250227|0.7516
20250228|0.0
20250303|0.0
20250304|0.0
20250305|-3.4448
20250306|1.3566
20250307|-0.5616
20250310|0.0
20250311|-1.4525
20250312|0.0
20250313|-3.263
20250314|0.0
20250317|0.16
20250318|0.0
20250319|-5.1878
20250320|-5.3339
20250321|0.0
20250324|0.0
20250325|0.0
20250326|0.0
20250327|0.0
20250328|0.0
20250331|0.0
20250401|-0.9632
20250402|0.0
20250403|0.0
20250407|-6.7991
20250408|2.9661
20250409|0.0
20250410|0.0
20250411|-2.6274
20250414|1.2214
20250415|0.0
20250416|-0.4215
20250417|0.3929
20250418|0.0
20250421|0.0
20250422|0.0
20250423|0.0
20250424|-0.2017
20250425|3.9707
20250428|-5.2445
20250429|0.0
20250430|4.1276
20250506|0.0
20250507|0.0
20250508|-1.1538
20250509|-1.4526
20250512|0.0
20250513|4.5845
20250514|0.0
20250515|-1.4619
20250516|-0.2837
20250519|-0.4207
20250520|0.0
20250521|5.8728
20250522|0.0
20250523|0.0
20250526|0.0
20250527|0.0
20250528|0.0
20250529|0.0
20250530|0.0
20250603|0.0
20250604|5.8625
20250605|9.9792
20250606|0.0558
20250609|1.2666
20250610|-2.1703
20250611|-0.7614
20250612|0.0
20250613|0.0
20250616|0.0
20250617|0.0
20250618|2.18
20250619|-3.6388
20250620|0.0
20250623|0.0
20250624|0.0
20250625|0.0
20250626|0.0
20250627|0.3424
20250630|10.0101
20250701|0.0
20250702|0.0
20250703|0.1642
20250704|0.0
20250707|-0.8715
20250708|1.9759
20250709|0.0
20250710|-2.109
20250711|-2.4344
20250714|-0.7187
20250715|0.0
20250716|-1.4778
20250717|-0.7142
20250718|0.0
20250721|-0.2787
20250722|-3.0169
20250723|0.0
20250724|0.0068
20250725|-1.292
20250728|0.0
20250729|1.7719
20250730|7.1338
20250731|-0.3888
20250801|0.0
20250804|2.1601
20250805|0.0
20250806|1.7323
20250807|-1.3787
20250808|-2.3781
20250811|-2.8734
20250812|2.6017
20250813|-2.8765
20250814|-3.165
20250815|0.0
20250818|2.7892
20250819|-1.4035
20250820|2.2263
20250821|0.0316
20250822|3.0225
20250825|2.2261
20250826|2.6168
20250827|-2.2574
20250828|2.7408
20250829|2.0837
20250901|5.8756
20250902|-3.7563
20250903|2.8454
20250904|-7.5955
20250905|0.0
20250908|0.0
20250909|0.0
20250910|0.6991
20250911|3.8066
20250912|1.6809
20250915|3.3494
20250916|1.2416
20250917|2.1605
20250918|-1.2155
20250919|-2.9883
20250922|0.8104
20250923|-4.5266
20250924|2.9581
20250925|-3.2513
20250926|10.1614
20250929|1.1616
20250930|-3.3793
20251009|7.0088
20251010|0.0
20251013|-1.38
20251014|-5.7726
20251015|10.3196
20251016|-2.6043
20251017|0.0
20251020|0.0
20251021|0.0
20251022|0.0
20251023|0.0
20251024|3.647
20251027|0.0
20251028|0.0
20251029|3.3523
20251030|0.05
20251031|-2.6263
20251103|2.5575
20251104|-0.4992
20251105|0.5751
20251106|1.31
20251107|0.0
20251110|4.4035
20251111|-1.529
20251112|0.148
20251113|3.4024
20251114|0.0
20251117|-0.3861
20251118|-0.8052
20251119|0.0
20251120|-4.5681
20251121|0.0
20251124|0.0
20251125|0.0
20251126|0.0
20251127|-0.3292
20251128|-0.3366
20251201|0.0
20251202|-7.0073
20251203|0.0
20251204|-0.7724
20251205|2.2032
20251208|-2.1511
20251209|0.0
20251210|5.0724
20251211|-1.2465
20251212|1.0965
20251215|0.0
20251216|0.0
20251217|1.9535
20251218|0.6263
20251219|0.0
20251222|0.0
20251223|0.0
20251224|10.0422
20251225|-0.2794
20251226|2.4461
20251229|10.0699
20251230|0.5192
20251231|9.4058
20260105|1.9637
20260106|5.5628
20260107|0.0
20260108|-2.5847
20260109|4.6496
20260112|0.0
20260113|-3.4887
20260114|-0.0501
20260115|0.48
20260116|1.7241
20260119|0.0
20260120|2.184
20260121|4.6305
20260122|1.1084
20260123|2.1505
20260126|-5.7091
20260127|-1.0107
20260128|7.0571
20260129|0.0
20260130|2.6513
20260202|-7.7924
20260203|5.7042
20260204|0.0
20260205|-7.7396
20260206|-2.7776
20260209|3.1655
20260210|0.0
20260211|4.0048
20260212|7.5228
20260213|3.553
20260224|3.4566
20260225|0.5729
20260226|0.0
20260227|0.6568
20260302|-0.1769
20260303|0.0
20260304|4.3587
20260305|0.6559
20260306|-6.0656
20260309|-4.3048
20260310|-0.4782
20260311|6.3145
20260312|-0.641
20260313|-1.2653
20260316|2.8829
20260317|0.0
20260318|0.0
20260319|-0.0451
20260320|0.0
20260323|0.0
20260324|0.0
20260325|0.0
20260326|0.0
20260327|2.8574
20260330|0.0
20260331|0.0
20260401|2.5143
20260402|3.0331
20260403|-3.0127
20260407|3.9454
20260408|0.0
20260409|2.0272
20260410|-0.1451
20260413|-0.2786
20260414|-10.0786
20260415|-3.0136
20260416|3.8539
20260417|-0.0863
20260420|6.4846
20260421|-1.4706
20260422|5.4504
20260423|2.229
20260424|-2.148
20260427|3.3173
20260428|-1.3821
20260429|6.5465
20260430|0.0
20260506|0.4679
20260507|-1.3429
20260508|0.0
20260511|4.9557
20260512|3.8137
20260513|2.2975
20260514|-5.3591
20260515|-2.4603
20260518|6.0234
20260519|0.0
20260520|10.0324
20260521|-2.3757
20260522|-1.9909
20260525|-1.8647
20260526|1.2648
20260527|-2.9825
20260528|-1.2913
20260529|0.5424
20260601|-1.9487
20260602|0.0
20260603|4.6213
20260604|-1.4319
20260605|-2.9738
20260608|-6.8522
20260609|3.386
20260610|-2.5818
20260611|-2.4585
20260612|-0.3816
20260615|3.0885
20260616|-2.0179
20260617|-1.308
20260618|1.0381
20260622|-0.0847
20260623|0.0
20260624|7.1381
20260625|3.8179
20260626|0.0
20260629|-0.2129
20260630|5.7424
20260701|0.4656
20260702|-4.7195
20260703|3.817
20260706|0.3236
20260707|-2.8764
20260708|-6.7094
20260709|0.0
20260710|0.0
20260713|-2.8615
20260714|8.4899
20260715|0.0
20260716|0.0
20260717|-6.5607
20260720|6.4766
20260721|3.6331
20260722|2.0045
20260723|-4.0215
20260724|2.3752
20260727|1.0907
20260728|0.0
20260729|3.0464
20260730|0.0
20260731|0.0
20260803|0.1397
20260804|0.0
