20250103|0.0
20250106|0.0
20250107|-0.7955
20250108|-1.4206
20250109|0.5454
20250110|-2.9545
20250113|0.6876
20250114|4.8389
20250115|-1.9407
20250116|0.3642
20250117|0.6509
20250120|-0.9485
20250121|1.9114
20250122|0.7022
20250123|-2.0088
20250124|1.3376
20250127|-3.6626
20250205|-3.0969
20250206|2.6935
20250207|3.2834
20250210|0.7512
20250211|-0.2875
20250212|3.087
20250213|-0.7259
20250214|1.5318
20250217|1.9929
20250218|-1.888
20250219|4.639
20250220|0.5262
20250221|3.8527
20250224|1.6601
20250225|-0.3998
20250226|2.024
20250227|-1.5031
20250228|-4.4818
20250303|-1.9773
20250304|-0.0372
20250305|0.7243
20250306|1.8612
20250307|-2.179
20250310|-0.2324
20250311|1.2094
20250312|1.0676
20250313|-0.8054
20250314|0.228
20250317|-0.9576
20250318|1.1657
20250319|-0.4398
20250320|-1.8826
20250321|-2.537
20250324|-1.3748
20250325|1.9045
20250326|7.1072
20250327|-5.3053
20250328|-0.6323
20250331|-3.6107
20250401|-0.4836
20250402|2.908
20250403|0.2516
20250407|-8.3618
20250408|-1.3464
20250409|1.19
20250410|2.0421
20250411|-0.8687
20250414|1.1712
20250415|-3.0045
20250416|-0.4598
20250417|-0.7508
20250418|-1.16
20250421|2.6463
20250422|-2.5973
20250423|-3.2168
20250424|-1.4346
20250425|1.8323
20250428|-1.2706
20250429|1.0838
20250430|0.8436
20250506|3.4743
20250507|-0.3137
20250508|0.1544
20250509|-1.3527
20250512|2.0262
20250513|-0.7886
20250514|-0.6004
20250515|-2.1232
20250516|1.2703
20250519|-0.7923
20250520|-0.1638
20250521|2.1966
20250522|-0.9316
20250523|1.5338
20250526|-1.0228
20250527|0.9399
20250528|-1.084
20250529|-1.6913
20250530|0.0
20250603|0.7646
20250604|2.047
20250605|0.9104
20250606|-1.7698
20250609|1.1162
20250610|0.0112
20250611|0.1147
20250612|0.1447
20250613|-1.7148
20250616|2.4463
20250617|-2.2791
20250618|0.3296
20250619|0.3994
20250620|-1.0789
20250623|3.0309
20250624|-1.272
20250625|-1.1785
20250626|-0.5153
20250627|1.6274
20250630|3.4826
20250701|1.0081
20250702|-2.6187
20250703|0.6646
20250704|-0.1899
20250707|0.6321
20250708|3.7212
20250709|0.2224
20250710|-0.6872
20250711|-0.5197
20250714|3.3349
20250715|-2.387
20250716|-0.6582
20250717|1.414
20250718|1.7239
20250721|1.6581
20250722|-0.9462
20250723|-1.4437
20250724|1.3975
20250725|-0.4883
20250728|-0.7613
20250729|1.171
20250730|-0.8212
20250731|-1.4752
20250801|-1.2252
20250804|0.2717
20250805|1.2618
20250806|1.3619
20250807|-0.0492
20250808|-0.0432
20250811|0.3947
20250812|0.2913
20250813|1.6053
20250814|0.1625
20250815|3.7003
20250818|2.4652
20250819|0.0594
20250820|0.8422
20250821|-0.2284
20250822|2.2117
20250825|2.0341
20250826|-0.6934
20250827|-1.2755
20250828|2.2045
20250829|-0.8077
20250901|-0.1851
20250902|-3.4378
20250903|-0.8275
20250904|-5.8193
20250905|3.7772
20250908|1.2816
20250909|-0.3336
20250910|-0.2188
20250911|2.6178
20250912|-0.5484
20250915|0.5374
20250916|2.3168
20250917|1.0336
20250918|0.2231
20250919|-0.32
20250922|2.111
20250923|-0.111
20250924|0.5737
20250925|-1.7932
20250926|-2.0969
20250929|2.34
20250930|0.6156
20251009|1.1906
20251010|-2.5607
20251013|0.7603
20251014|-3.6006
20251015|0.1187
20251016|-1.2884
20251017|-2.6162
20251020|-0.4431
20251021|-0.1351
20251022|-2.2235
20251023|-1.6991
20251024|2.958
20251027|4.4029
20251028|0.8912
20251029|2.8774
20251030|-0.9004
20251031|-2.6257
20251103|0.2811
20251104|-1.1507
20251105|1.3922
20251106|2.1336
20251107|1.2616
20251110|1.2595
20251111|-0.3209
20251112|0.1783
20251113|1.7831
20251114|-3.2331
20251117|2.2568
20251118|-1.6775
20251119|0.1298
20251120|-1.2553
20251121|-6.9201
20251124|-0.4586
20251125|1.9844
20251126|-4.1569
20251127|-1.1659
20251128|2.1565
20251201|0.5622
20251202|-0.7904
20251203|-2.5806
20251204|-1.8462
20251205|0.7434
20251208|0.2723
20251209|-0.2828
20251210|0.8412
20251211|0.4704
20251212|0.7291
20251215|-2.0846
20251216|-2.0722
20251217|2.2395
20251218|-0.472
20251219|2.4472
20251222|1.2814
20251223|-0.5185
20251224|1.5243
20251225|-1.2906
20251226|2.2974
20251229|0.1506
20251230|-0.3439
20251231|1.3832
20260105|1.8393
20260106|6.0325
20260107|0.2749
20260108|-0.2869
20260109|2.5594
20260112|2.7961
20260113|-0.5675
20260114|1.6221
20260115|-1.3084
20260116|-1.2291
20260119|0.3642
20260120|0.7116
20260121|1.2187
20260122|1.3182
20260123|0.407
20260126|-2.6361
20260127|1.539
20260128|1.7268
20260129|-0.7751
20260130|-3.5892
20260202|-5.5843
20260203|4.2658
20260204|1.0381
20260205|-3.8489
20260206|-0.3282
20260209|3.8387
20260210|0.0947
20260211|-0.551
20260212|1.3645
20260213|-1.2804
20260224|0.3488
20260225|0.1264
20260226|0.527
20260227|1.0944
20260302|2.4872
20260303|-3.6866
20260304|1.3754
20260305|1.9112
20260306|0.8811
20260309|1.2108
20260310|1.9641
20260311|1.6893
20260312|1.3735
20260313|-3.7553
20260316|-0.9987
20260317|-4.8793
20260318|2.1991
20260319|-0.9509
20260320|-2.1041
20260323|-3.3481
20260324|4.7056
20260325|5.2218
20260326|0.4233
20260327|2.2738
20260330|2.3543
20260331|-2.8037
20260401|1.3802
20260402|0.2152
20260403|-0.9273
20260407|-0.0507
20260408|3.9245
20260409|0.7247
20260410|0.7861
20260413|0.1254
20260414|0.7206
20260415|-1.8502
20260416|3.2993
20260417|2.4745
20260420|0.5073
20260421|0.675
20260422|2.6913
20260423|0.6767
20260424|-0.6464
20260427|0.0255
20260428|-1.5454
20260429|1.7491
20260430|-0.2579
20260506|3.4701
20260507|1.035
20260508|-1.3592
20260511|2.0384
20260512|0.5774
20260513|3.2386
20260514|-3.1419
20260515|-1.6208
20260518|2.9958
20260519|0.6467
20260520|1.1136
20260521|-2.9114
20260522|3.917
20260525|2.8703
20260526|1.0411
20260527|-0.7294
20260528|1.9626
20260529|-2.8585
20260601|-1.9352
20260602|1.5059
20260603|2.7475
20260604|1.2072
20260605|-2.7063
20260608|-2.7805
20260609|2.9266
20260610|-4.7374
20260611|-0.394
20260612|-1.0995
20260615|4.2979
20260616|1.704
20260617|-0.0861
20260618|1.7636
20260622|3.9162
20260623|-4.1864
20260624|3.9102
20260625|2.3358
20260626|-3.4416
20260629|-0.2942
20260630|2.213
20260701|-0.0149
20260702|-4.121
20260703|-0.0822
20260706|-1.019
20260707|-2.1503
20260708|-2.4955
20260709|1.3998
20260710|0.8574
20260713|-5.2343
20260714|1.4789
20260715|-3.7303
20260716|-3.644
20260717|-6.9541
20260720|-1.7295
20260721|1.5186
20260722|0.4771
20260723|-0.6912
20260724|-2.9148
20260727|2.2779
20260728|-3.9116
20260729|-0.202
20260730|-4.1694
20260731|2.0545
20260803|-1.8929
20260804|3.9454
20260805|0.9111
20260806|0.4378
20260807|4.4193
20260810|-0.0819
20260811|-0.8326
20260812|1.8153
20260813|-1.5012
