20250103|0.0
20250106|0.0
20250107|0.0
20250108|0.0
20250109|-0.034
20250110|-3.7968
20250113|-1.176
20250114|5.9175
20250115|0.0
20250116|3.0854
20250117|2.9578
20250120|0.0
20250121|4.1879
20250122|5.3748
20250123|-2.4062
20250124|2.7225
20250127|-1.7055
20250205|0.0
20250206|6.4325
20250207|0.0
20250210|4.6188
20250211|-0.2564
20250212|1.9355
20250213|2.7335
20250214|-1.7619
20250217|1.0226
20250218|0.0
20250219|6.9081
20250220|0.0
20250221|0.0946
20250224|4.9441
20250225|-0.4747
20250226|2.6635
20250227|0.7504
20250228|0.0
20250303|-2.629
20250304|0.0
20250305|-3.4294
20250306|1.3466
20250307|-0.5591
20250310|-2.0039
20250311|1.5212
20250312|-0.9505
20250313|-1.1204
20250314|0.0
20250317|1.9125
20250318|0.0
20250319|-5.1878
20250320|-2.4956
20250321|0.0
20250324|0.0
20250325|0.0
20250326|0.0
20250327|-7.1253
20250328|0.0
20250331|-1.6393
20250401|-0.9632
20250402|0.0
20250403|0.0
20250407|-6.7991
20250408|-3.692
20250409|0.3742
20250410|0.0
20250411|-3.177
20250414|0.793
20250415|-4.3127
20250416|-1.3411
20250417|0.3929
20250418|0.0
20250421|0.0
20250422|-4.8344
20250423|0.0
20250424|-0.212
20250425|3.93
20250428|-5.2291
20250429|5.995
20250430|4.1276
20250506|0.0
20250507|-1.089
20250508|-0.674
20250509|-1.4351
20250512|5.2745
20250513|2.7063
20250514|0.0
20250515|-1.4379
20250516|-0.2837
20250519|-0.4219
20250520|0.0
20250521|5.8728
20250522|-3.8549
20250523|0.0
20250526|-2.0207
20250527|0.0
20250528|0.0
20250529|0.0
20250530|0.0
20250603|0.0
20250604|5.8262
20250605|9.9379
20250606|0.0533
20250609|1.2589
20250610|-2.1703
20250611|-0.8338
20250612|3.2491
20250613|0.0
20250616|0.0
20250617|-4.9077
20250618|2.1639
20250619|-3.6145
20250620|0.0
20250623|0.0
20250624|0.0
20250625|-0.7813
20250626|0.0
20250627|0.3388
20250630|3.7154
20250701|1.2109
20250702|0.7891
20250703|0.1642
20250704|-1.4085
20250707|-0.8715
20250708|3.0007
20250709|-0.7446
20250710|-2.109
20250711|-1.2117
20250714|-0.7093
20250715|-3.1356
20250716|-1.4778
20250717|-0.7063
20250718|3.3575
20250721|-1.9903
20250722|-3.0022
20250723|-0.073
20250724|-0.4727
20250725|1.1096
20250728|0.0
20250729|1.9406
20250730|1.6506
20250731|-0.3761
20250801|0.5295
20250804|2.1601
20250805|9.9923
20250806|1.7323
20250807|-1.6838
20250808|-2.3781
20250811|-3.2238
20250812|2.5619
20250813|0.6342
20250814|-3.1584
20250815|0.0
20250818|0.7356
20250819|-1.4035
20250820|0.9879
20250821|-1.1111
20250822|6.0998
20250825|2.2261
20250826|2.6168
20250827|0.0721
20250828|2.7398
20250829|0.5685
20250901|5.8756
20250902|-4.9866
20250903|1.7429
20250904|-7.8785
20250905|2.8232
20250908|0.0
20250909|0.0
20250910|-0.0441
20250911|1.5477
20250912|1.6809
20250915|3.3494
20250916|1.6827
20250917|1.5589
20250918|-1.211
20250919|-3.1898
20250922|0.8104
20250923|0.3514
20250924|1.9485
20250925|-2.5566
20250926|10.1614
20250929|1.5027
20250930|-3.3793
20251009|6.9307
20251010|-3.6799
20251013|-1.38
20251014|-5.7642
20251015|10.3196
20251016|-2.6
20251017|0.0
20251020|0.0
20251021|0.0
20251022|0.0
20251023|0.0
20251024|3.5772
20251027|0.0
20251028|-3.9511
20251029|3.2112
20251030|-0.7124
20251031|0.242
20251103|2.5531
20251104|-0.4994
20251105|0.5664
20251106|3.4047
20251107|0.0
20251110|4.4035
20251111|-0.8006
20251112|1.3191
20251113|3.3645
20251114|1.5773
20251117|-0.3861
20251118|-2.8296
20251119|-2.1127
20251120|-4.5513
20251121|0.0
20251124|-9.9898
20251125|10.0
20251126|0.0
20251127|-1.3674
20251128|-0.3363
20251201|0.0
20251202|-7.0073
20251203|10.0488
20251204|-0.7566
20251205|2.1898
20251208|-2.1511
20251209|-0.6125
20251210|5.0703
20251211|-0.3441
20251212|1.0965
20251215|-9.9981
20251216|-1.6086
20251217|1.422
20251218|0.3604
20251219|0.0
20251222|-2.933
20251223|0.0
20251224|10.0276
20251225|-0.2815
20251226|2.4468
20251229|4.8926
20251230|3.493
20251231|4.8168
20260105|1.9637
20260106|5.5603
20260107|0.0
20260108|-0.7745
20260109|4.0894
20260112|1.3211
20260113|-3.3873
20260114|2.157
20260115|-4.5451
20260116|1.7065
20260119|0.0
20260120|1.8294
20260121|6.4843
20260122|1.1061
20260123|-0.5186
20260126|-4.4106
20260127|0.47
20260128|0.9734
20260129|8.7245
20260130|1.6555
20260202|-5.4827
20260203|5.6196
20260204|7.5088
20260205|-7.7396
20260206|-3.1968
20260209|3.1547
20260210|10.0181
20260211|1.0219
20260212|7.448
20260213|-2.7263
20260224|3.4536
20260225|0.2864
20260226|0.0
20260227|1.066
20260302|0.0261
20260303|-10.0054
20260304|0.223
20260305|1.5561
20260306|-6.0656
20260309|-1.7349
20260310|2.1373
20260311|5.1353
20260312|0.7124
20260313|-4.8005
20260316|2.4522
20260317|-2.2256
20260318|-6.8966
20260319|-0.9069
20260320|0.0
20260323|-4.7885
20260324|0.0
20260325|-1.072
20260326|-1.6406
20260327|3.1491
20260330|0.0
20260331|-3.0292
20260401|2.8297
20260402|-1.5682
20260403|-3.0117
20260407|2.3916
20260408|-2.537
20260409|0.4825
20260410|-0.3509
20260413|-0.6442
20260414|-10.0786
20260415|-3.006
20260416|3.4558
20260417|2.6732
20260420|6.4553
20260421|-1.624
20260422|5.6052
20260423|1.1329
20260424|-6.0158
20260427|-1.1376
20260428|-1.3281
20260429|6.1782
20260430|-5.8632
20260506|0.4528
20260507|-0.7206
20260508|2.2856
20260511|4.5584
20260512|4.2922
20260513|2.3567
20260514|-1.5012
20260515|0.3194
20260518|5.672
20260519|0.0
20260520|10.0324
20260521|0.7173
20260522|0.7514
20260525|-0.6209
20260526|1.2648
20260527|-3.6101
20260528|1.2985
20260529|-2.9828
20260601|-1.9487
20260602|0.0
20260603|4.6213
20260604|1.2877
