20250103|0.0
20250106|-0.9095
20250107|3.833
20250108|2.7838
20250109|4.5246
20250110|1.3735
20250113|0.0
20250114|1.5287
20250115|2.3187
20250116|2.4174
20250117|4.2283
20250120|3.1436
20250121|2.6074
20250122|-1.1258
20250123|-0.0315
20250124|0.6281
20250127|-4.2072
20250205|0.0
20250206|6.4681
20250207|4.1107
20250210|6.1498
20250211|0.5409
20250212|7.0903
20250213|1.8836
20250214|1.4234
20250217|3.2806
20250218|1.357
20250219|8.8463
20250220|1.8953
20250221|0.8748
20250224|1.4069
20250225|-1.3471
20250226|4.5817
20250227|1.1809
20250228|0.0
20250303|-0.5224
20250304|1.4852
20250305|2.6874
20250306|4.9763
20250307|1.8683
20250310|3.7409
20250311|0.3014
20250312|-2.3078
20250313|2.9059
20250314|0.0
20250317|-0.595
20250318|1.6906
20250319|-4.7267
20250320|0.0
20250321|-2.9557
20250324|10.1338
20250325|3.9888
20250326|-3.1067
20250327|-1.7401
20250328|0.5987
20250331|10.1325
20250401|-1.2246
20250402|1.6383
20250403|3.8539
20250407|-4.2632
20250408|10.7682
20250409|4.2914
20250410|4.2325
20250411|1.372
20250414|2.6364
20250415|0.2005
20250416|6.8012
20250417|0.0
20250418|3.1712
20250421|0.0
20250422|1.7684
20250423|3.6394
20250424|0.2846
20250425|0.9808
20250428|4.5096
20250429|-6.0976
20250430|0.3821
20250506|4.0126
20250507|2.4249
20250508|0.0
20250509|-0.0601
20250512|-1.297
20250513|-0.0826
20250514|2.4002
20250515|3.6607
20250516|0.0
20250519|-0.4562
20250520|1.5899
20250521|-2.9291
20250522|-0.2066
20250523|-6.9087
20250526|-4.2622
20250527|0.9778
20250528|0.0
20250529|0.0
20250530|-0.9454
20250603|0.4122
20250604|5.2029
20250605|0.7204
20250606|-0.1947
20250609|-0.4827
20250610|-0.5191
20250611|2.1733
20250612|5.593
20250613|0.667
20250616|2.4443
20250617|-2.1872
20250618|-0.33
20250619|4.5908
20250620|-0.6483
20250623|-1.543
20250624|-2.0101
20250625|5.1435
20250626|4.6472
20250627|8.4466
20250630|0.057
20250701|3.6511
20250702|-0.6826
20250703|0.4101
20250704|3.1296
20250707|2.0833
20250708|2.4503
20250709|0.4071
20250710|0.9133
20250711|1.5402
20250714|2.5914
20250715|3.1056
20250716|1.4057
20250717|2.2824
20250718|1.0348
20250721|-1.9418
20250722|6.8952
20250723|-0.4802
20250724|0.0
20250725|0.8947
20250728|2.3057
20250729|0.9084
20250730|-0.0781
20250731|2.7934
20250801|2.066
20250804|4.9697
20250805|5.089
20250806|2.1944
20250807|0.0729
20250808|0.7383
20250811|8.5506
20250812|1.6473
20250813|0.0
20250814|2.3669
20250815|8.0548
20250818|4.849
20250819|2.6395
20250820|1.181
20250821|-1.0995
20250822|7.0325
20250825|4.6812
20250826|3.5999
20250827|-0.3029
20250828|6.7244
20250829|0.5329
20250901|5.5605
20250902|2.1737
20250903|-2.2812
20250904|-5.5568
20250905|-1.6701
20250908|3.3381
20250909|0.0271
20250910|2.1177
20250911|4.8544
20250912|2.5187
20250915|4.2422
20250916|2.4361
20250917|4.576
20250918|0.3585
20250919|2.0342
20250922|2.5295
20250923|3.5004
20250924|5.5615
20250925|1.4844
20250926|-1.8411
20250929|7.236
20250930|3.9789
20251009|3.8383
20251010|0.6542
20251013|1.1308
20251014|-0.1018
20251015|-3.4569
20251016|-1.3428
20251017|0.7967
20251020|-2.3957
20251021|5.3195
20251022|0.5207
20251023|0.0
20251024|-0.4861
20251027|4.2038
20251028|5.6331
20251029|5.0626
20251030|1.5266
20251031|-0.1425
20251103|2.8163
20251104|0.5436
20251105|8.6548
20251106|3.2413
20251107|3.5923
20251110|5.0118
20251111|1.7057
20251112|0.6247
20251113|5.7764
20251114|0.2712
20251117|0.7961
20251118|-0.2932
20251119|-3.591
20251120|0.2972
20251121|-6.3181
20251124|0.0
20251125|1.5636
20251126|3.9993
20251127|2.6549
20251128|-0.2212
20251201|4.5853
20251202|-0.1396
20251203|2.9412
20251204|3.7542
20251205|-2.4718
20251208|6.4264
20251209|2.7431
20251210|2.4048
20251211|2.4038
20251212|4.4207
20251215|1.4859
20251216|0.037
20251217|-2.0435
20251218|0.733
20251219|4.8283
20251222|5.7333
20251223|1.2379
20251224|1.2948
20251225|0.0773
20251226|2.2847
20251229|-0.4833
20251230|-1.9132
20251231|4.1043
20260105|4.9037
20260106|6.266
20260107|2.7597
20260108|4.1494
20260109|4.1934
20260112|5.4693
20260113|0.6546
20260114|-0.5013
20260115|-3.296
20260116|2.1118
20260119|3.8549
20260120|1.9596
20260121|4.7476
20260122|2.2293
20260123|4.716
20260126|-1.0745
20260127|0.9062
20260128|2.0392
20260129|3.4459
20260130|-3.2337
20260202|2.0633
20260203|4.8012
20260204|3.9299
20260205|0.1064
20260206|-4.6141
20260209|6.1868
20260210|3.8001
20260211|-0.6748
20260212|6.0411
20260213|-2.0249
20260224|3.0466
20260225|3.4502
20260226|3.299
20260227|3.4008
20260302|4.045
20260303|4.1783
20260304|-4.1547
20260305|5.3161
20260306|2.0628
20260309|3.3401
20260310|0.671
20260311|2.7858
20260312|2.949
20260313|0.2636
20260316|-3.4778
20260317|1.1803
20260318|-3.2967
20260319|1.0427
20260320|-3.8493
20260323|-3.0181
20260324|0.0633
20260325|4.6833
20260326|1.7264
20260327|7.9002
20260330|2.6831
20260331|-2.1752
20260401|5.9009
20260402|1.4052
20260403|-5.1267
20260407|2.6406
20260408|4.1959
20260409|2.4935
20260410|1.5942
20260413|3.8972
20260414|3.1414
20260415|1.8822
20260416|1.4232
20260417|2.4421
20260420|4.3943
20260421|0.4939
20260422|7.2458
20260423|0.2917
20260424|-0.5404
20260427|3.568
20260428|-1.3592
20260429|1.9493
20260430|0.9851
20260506|4.6269
20260507|4.8936
20260508|2.3815
20260511|0.9589
20260512|1.8043
20260513|5.053
20260514|-0.0349
20260515|-7.2988
20260518|1.8828
20260519|0.9424
20260520|0.3014
20260521|-2.3271
20260522|1.5424
20260525|4.5992
20260526|2.665
20260527|1.7806
20260528|1.9708
20260529|-2.3587
20260601|-1.2758
20260602|0.9662
20260603|3.0895
20260604|2.8714
20260605|-2.7132
20260608|2.3645
20260609|9.4355
20260610|-0.2639
20260611|2.3891
20260612|4.1122
20260615|3.5989
20260616|4.1723
20260617|2.0455
20260618|0.6533
20260622|5.1101
20260623|-0.2246
20260624|0.5478
20260625|3.8677
20260626|-2.883
20260629|3.0108
20260630|3.6141
20260701|2.6119
20260702|-3.6277
20260703|7.3835
20260706|-0.8574
20260707|-3.5924
20260708|-4.5471
20260709|2.188
