20250103|0.0
20250106|-0.9095
20250107|3.833
20250108|3.6492
20250109|4.5882
20250110|1.775
20250113|-3.9076
20250114|1.5287
20250115|2.3187
20250116|5.1434
20250117|6.218
20250120|4.9199
20250121|2.1879
20250122|-1.1258
20250123|-0.0315
20250124|0.6281
20250127|-2.3119
20250205|0.0
20250206|6.4681
20250207|5.0252
20250210|6.1016
20250211|0.987
20250212|8.555
20250213|2.3608
20250214|3.4936
20250217|4.6251
20250218|-1.4807
20250219|6.2605
20250220|3.1556
20250221|2.0899
20250224|1.2757
20250225|-1.5634
20250226|4.5817
20250227|1.8604
20250228|-8.3075
20250303|-0.5224
20250304|1.4852
20250305|2.6874
20250306|5.456
20250307|0.4374
20250310|-0.7894
20250311|0.3014
20250312|-2.3078
20250313|2.9059
20250314|0.0586
20250317|-0.595
20250318|1.6906
20250319|-4.7267
20250320|0.0
20250321|-2.9557
20250324|10.1338
20250325|1.9499
20250326|-3.1553
20250327|-1.7401
20250328|0.5987
20250331|10.1325
20250401|-1.4578
20250402|1.6383
20250403|3.8539
20250407|-4.2632
20250408|10.7682
20250409|5.094
20250410|3.6206
20250411|2.1104
20250414|2.3536
20250415|0.4826
20250416|6.8012
20250417|0.0
20250418|3.1712
20250421|0.0
20250422|1.7684
20250423|3.6394
20250424|0.2846
20250425|0.9808
20250428|4.5096
20250429|-6.2963
20250430|0.3821
20250506|4.0126
20250507|2.3155
20250508|-6.5785
20250509|-0.0601
20250512|4.5624
20250513|0.9677
20250514|2.4002
20250515|3.6607
20250516|-6.7138
20250519|-0.4562
20250520|1.5899
20250521|-1.4264
20250522|-0.2066
20250523|-6.9087
20250526|-4.2622
20250527|0.9778
20250528|0.0
20250529|0.0
20250530|-0.9454
20250603|0.4122
20250604|5.2029
20250605|2.2536
20250606|-0.1947
20250609|-0.4827
20250610|-0.5191
20250611|2.1733
20250612|5.593
20250613|0.667
20250616|2.4443
20250617|-0.1259
20250618|4.93
20250619|0.2131
20250620|4.6788
20250623|4.2394
20250624|-0.7823
20250625|5.1435
20250626|4.5177
20250627|8.0115
20250630|0.057
20250701|3.6511
20250702|-1.64
20250703|0.4101
20250704|3.1296
20250707|6.0773
20250708|3.9846
20250709|2.5365
20250710|0.7852
20250711|1.5402
20250714|1.8999
20250715|1.108
20250716|0.9203
20250717|1.4073
20250718|1.8133
20250721|-4.1656
20250722|6.8952
20250723|2.0601
20250724|0.1511
20250725|0.5884
20250728|2.3057
20250729|0.9084
20250730|-0.0781
20250731|2.7934
20250801|0.8195
20250804|2.7971
20250805|5.089
20250806|5.3309
20250807|3.3984
20250808|2.5325
20250811|7.1423
20250812|2.5767
20250813|9.9675
20250814|2.6732
20250815|9.3295
20250818|5.8445
20250819|3.198
20250820|1.4848
20250821|-1.3484
20250822|7.0325
20250825|5.1672
20250826|3.4233
20250827|0.6231
20250828|6.9479
20250829|1.0625
20250901|4.964
20250902|1.4746
20250903|0.1765
20250904|-1.6399
20250905|-1.6701
20250908|3.3381
20250909|1.7618
20250910|2.1177
20250911|5.4983
20250912|2.8855
20250915|3.252
20250916|4.0088
20250917|5.6165
20250918|3.8161
20250919|-0.8035
20250922|2.6015
20250923|4.6828
20250924|2.6781
20250925|2.0244
20250926|-1.5343
20250929|7.4769
20250930|3.4387
20251009|3.6558
20251010|0.7835
20251013|3.6657
20251014|1.0469
20251015|-2.1181
20251016|-1.3428
20251017|0.3817
20251020|-6.1749
20251021|5.3195
20251022|1.9588
20251023|-4.2819
20251024|-0.4861
20251027|4.2038
20251028|4.2099
20251029|4.8893
20251030|0.847
20251031|1.2699
20251103|2.9179
20251104|1.2652
20251105|8.6548
20251106|3.0074
20251107|3.4641
20251110|2.6886
20251111|1.7057
20251112|-0.0913
20251113|3.8681
20251114|0.8121
20251117|2.8999
20251118|0.7475
20251119|3.2089
20251120|2.7169
20251121|-8.1663
20251124|0.0
20251125|1.5636
20251126|3.9993
20251127|0.4968
20251128|-2.0118
20251201|4.5853
20251202|0.2363
20251203|4.07
20251204|3.7542
20251205|1.6776
20251208|6.4061
20251209|2.6722
20251210|5.4772
20251211|2.676
20251212|3.9694
20251215|1.1307
20251216|0.037
20251217|-2.1286
20251218|0.733
20251219|4.3455
20251222|4.5922
20251223|0.4461
20251224|2.0806
20251225|0.0773
20251226|3.5699
20251229|0.565
20251230|-2.0481
20251231|5.2866
20260105|5.0458
20260106|6.1504
20260107|2.72
20260108|5.606
20260109|4.4771
20260112|6.4738
20260113|0.6608
20260114|5.8018
20260115|-2.7312
20260116|2.1118
20260119|3.8549
20260120|2.0262
20260121|5.1871
20260122|3.2658
20260123|4.2686
20260126|-0.0688
20260127|1.7589
20260128|3.6463
20260129|3.9961
20260130|-3.499
20260202|0.8488
20260203|6.7805
20260204|4.3075
20260205|0.0633
20260206|-3.0075
20260209|6.1868
20260210|2.5598
20260211|0.8631
20260212|6.0411
20260213|-1.4159
20260224|5.8444
20260225|3.9998
20260226|3.3923
20260227|4.6356
20260302|5.1105
20260303|2.4407
20260304|-2.1778
20260305|3.3372
20260306|2.6298
20260309|3.1389
20260310|1.0511
20260311|2.7858
20260312|3.5823
20260313|1.0092
20260316|-3.0269
20260317|2.1722
20260318|4.5021
20260319|2.3306
20260320|-1.8271
20260323|-0.5227
20260324|3.3804
20260325|4.9646
20260326|1.732
20260327|6.1252
20260330|2.5992
20260331|-1.3337
20260401|5.9009
20260402|1.7733
20260403|-5.1267
20260407|2.6406
20260408|3.7614
20260409|2.5932
20260410|3.2302
20260413|4.6187
20260414|3.4666
20260415|1.7301
20260416|2.6885
20260417|2.4421
20260420|4.7683
20260421|0.8261
20260422|7.7258
20260423|1.2314
20260424|-1.2708
20260427|4.1527
20260428|-0.579
20260429|1.8143
20260430|1.4158
20260506|4.3126
20260507|4.7277
20260508|2.3332
20260511|2.1174
20260512|2.5295
20260513|5.4634
20260514|-0.3762
20260515|-2.9623
20260518|4.5838
20260519|1.5745
20260520|0.6912
20260521|-2.3462
20260522|1.5424
20260525|4.515
20260526|2.7636
20260527|2.9224
20260528|2.9789
20260529|-1.1206
20260601|-2.3809
20260602|0.0716
20260603|3.0895
20260604|3.2526
20260605|-2.7868
20260608|2.3645
20260609|9.4355
20260610|0.1384
20260611|2.88
20260612|3.0583
20260615|4.3632
20260616|4.2954
20260617|3.3476
20260618|-0.3833
20260622|5.5773
20260623|-0.2484
20260624|2.0625
20260625|3.6942
20260626|-1.6542
20260629|3.0108
20260630|3.6224
20260701|3.1132
20260702|-2.1505
20260703|5.9007
20260706|-0.5703
20260707|-3.5924
20260708|-2.67
20260709|2.188
