20250103|0.0
20250106|0.0
20250107|0.0
20250108|0.0
20250109|0.0
20250110|0.9864
20250113|0.1408
20250114|4.1747
20250115|-0.0256
20250116|-2.7412
20250117|-1.1583
20250120|-0.4365
20250121|0.0
20250122|1.5159
20250123|-2.8188
20250124|2.3568
20250127|0.217
20250205|-1.3247
20250206|0.0
20250207|-2.468
20250210|0.0
20250211|0.2972
20250212|2.6741
20250213|1.5063
20250214|4.488
20250217|1.7862
20250218|-1.1717
20250219|0.0
20250220|1.5464
20250221|0.0
20250224|0.0945
20250225|-1.6464
20250226|1.9909
20250227|-4.0085
20250228|-6.3429
20250303|0.0
20250304|-2.2663
20250305|0.0
20250306|3.6541
20250307|-0.5356
20250310|1.4271
20250311|2.2127
20250312|-2.1635
20250313|-4.0017
20250314|2.7925
20250317|0.0
20250318|0.0064
20250319|0.0
20250320|-1.3208
20250321|-7.2528
20250324|0.0
20250325|0.0
20250326|0.0
20250327|0.0
20250328|-6.4374
20250331|0.0
20250401|-1.0606
20250402|-1.1494
20250403|0.0
20250407|0.0
20250408|-0.3603
20250409|0.9574
20250410|1.7485
20250411|0.0
20250414|0.9291
20250415|-2.7809
20250416|5.1268
20250417|1.424
20250418|4.6575
20250421|0.0
20250422|0.0
20250423|0.2436
20250424|0.0
20250425|-2.4368
20250428|0.0569
20250429|0.744
20250430|0.1238
20250506|5.6456
20250507|0.0
20250508|0.6328
20250509|-1.1479
20250512|3.4584
20250513|-3.2854
20250514|-3.5476
20250515|0.0
20250516|-0.0263
20250519|6.8279
20250520|-0.7415
20250521|0.0
20250522|-3.6132
20250523|-0.254
20250526|0.0
20250527|-4.2834
20250528|0.0
20250529|0.0
20250530|0.0
20250603|0.0
20250604|0.0
20250605|-0.2409
20250606|-5.0847
20250609|0.4723
20250610|3.7016
20250611|-0.5985
20250612|0.2164
20250613|-4.5116
20250616|0.0
20250617|0.0
20250618|4.1901
20250619|1.4421
20250620|-2.7431
20250623|0.0
20250624|0.0
20250625|0.0
20250626|-1.5748
20250627|0.0
20250630|1.1634
20250701|0.5317
20250702|-2.9672
20250703|-0.1801
20250704|1.1608
20250707|10.0
20250708|10.0
20250709|-2.9448
20250710|-2.2723
20250711|10.0539
20250714|-0.9809
20250715|-2.4994
20250716|-0.053
20250717|0.5
20250718|0.6203
20250721|2.3266
20250722|-1.4487
20250723|-1.7979
20250724|-0.6579
20250725|-1.1499
20250728|-4.2845
20250729|0.0
20250730|-2.9691
20250731|-3.8518
20250801|-3.0565
20250804|-0.2897
20250805|10.0485
20250806|9.9977
20250807|-4.2183
20250808|-0.4324
20250811|0.2741
20250812|-0.0563
20250813|-0.6832
20250814|0.0297
20250815|5.8705
20250818|0.0
20250819|-3.8109
20250820|0.0
20250821|0.9953
20250822|2.8587
20250825|1.8395
20250826|0.2747
20250827|1.4572
20250828|2.3076
20250829|0.496
20250901|-3.0885
20250902|-4.1349
20250903|-0.2797
20250904|-6.5504
20250905|2.9367
20250908|8.0723
20250909|0.0
20250910|0.0
20250911|3.0908
20250912|0.3732
20250915|-2.5812
20250916|2.056
20250917|0.9135
20250918|-3.2721
20250919|0.5387
20250922|0.6718
20250923|0.1965
20250924|1.8639
20250925|-2.2435
20250926|-0.4833
20250929|10.1724
20250930|1.5429
20251009|-10.022
20251010|-2.662
20251013|1.5116
20251014|-3.2571
20251015|2.2821
20251016|10.3063
20251017|-0.6529
20251020|0.0
20251021|0.0
20251022|0.0
20251023|0.0
20251024|0.0
20251027|4.816
20251028|0.0
20251029|8.7509
20251030|-0.9812
20251031|-3.9316
20251103|-1.4425
20251104|-1.6934
20251105|0.9277
20251106|0.2123
20251107|2.828
20251110|0.0
20251111|-4.1649
20251112|0.9328
20251113|6.2425
20251114|-1.5757
20251117|-2.4845
20251118|-4.2636
20251119|0.3356
20251120|5.1159
20251121|-4.877
20251124|0.0
20251125|1.6205
20251126|0.0459
20251127|0.0
20251128|5.4025
20251201|1.4829
20251202|0.0
20251203|-8.5384
20251204|10.0177
20251205|0.2679
20251208|-0.5952
20251209|0.1583
20251210|3.0197
20251211|4.9577
20251212|-0.084
20251215|-3.8612
20251216|-6.1482
20251217|-2.1798
20251218|-0.2061
20251219|0.9011
20251222|0.0
20251223|-5.7554
20251224|0.0
20251225|2.9368
20251226|-0.2526
20251229|-3.351
20251230|-5.444
20251231|4.7311
20260105|-1.8356
20260106|1.5407
20260107|0.1602
20260108|0.0
20260109|1.7556
20260112|2.75
20260113|1.237
20260114|1.3964
20260115|2.2953
20260116|-4.5174
20260119|-2.0134
20260120|0.0
20260121|1.3024
20260122|-2.0242
20260123|-0.3799
20260126|2.616
20260127|0.3128
20260128|1.6174
20260129|5.1207
20260130|-10.0
20260202|-5.5985
20260203|3.3859
20260204|-0.4872
20260205|-6.1605
20260206|3.9281
20260209|1.9132
20260210|-0.5538
20260211|2.8928
20260212|-0.1675
20260213|-3.8061
20260224|0.4246
20260225|2.1042
20260226|1.8156
20260227|0.0
20260302|5.7106
20260303|-6.7644
20260304|4.2368
20260305|4.7587
20260306|0.5526
20260309|-4.1012
20260310|1.751
20260311|0.9197
20260312|4.0649
20260313|-6.5948
20260316|-0.8586
20260317|-2.129
20260318|-3.1397
20260319|2.3333
20260320|-5.6461
20260323|0.0
20260324|3.4683
20260325|0.0
20260326|10.0103
20260327|-1.2708
20260330|1.1159
20260331|0.0
20260401|-2.8716
20260402|2.0555
20260403|-1.7497
20260407|-0.9478
20260408|1.3837
20260409|-2.3861
20260410|1.9213
20260413|1.3974
20260414|1.6266
20260415|-2.6921
20260416|2.7376
20260417|1.4885
20260420|1.4559
20260421|-3.9362
20260422|2.5073
20260423|1.5984
20260424|-2.7194
20260427|-0.4131
20260428|-0.629
20260429|2.5073
20260430|2.1355
20260506|10.0346
20260507|1.6248
20260508|-3.5167
20260511|0.6728
20260512|-0.4198
20260513|2.437
20260514|-3.8782
20260515|-3.2816
20260518|2.2472
20260519|1.0547
20260520|0.0
20260521|0.2949
20260522|2.1238
20260525|1.0717
20260526|-1.0203
20260527|2.1424
20260528|3.0751
20260529|-0.6888
20260601|-1.9885
20260602|-4.6025
20260603|0.0
20260604|-3.9877
