603993.SH|19.83|20.5|19.58|20.17|350521536.0|705325.25|20.03
000630.SZ|7.56|7.7|7.33|7.56|599249984.0|452101.88|7.57
002812.SZ|69.78|70.55|68.7|70.38|32566544.0|226877.0|69.77
600497.SH|10.04|10.43|9.88|10.1|234141040.0|238051.25|10.07
601233.SH|22.67|22.9|21.53|21.63|76150840.0|167481.52|22.84
000737.SZ|14.69|14.8|14.44|14.68|53306392.0|78029.12|14.71
002085.SZ|13.24|13.48|13.01|13.07|60205632.0|79215.88|13.39
600862.SH|18.95|19.36|18.73|18.84|20467214.0|38688.91|19.24
601609.SH|12.56|12.64|12.11|12.17|80343104.0|98862.67|12.71
600961.SH|26.92|27.41|26.39|26.7|55013584.0|147603.97|27.16
