002463.SZ|86.5|90.62|86.41|88.67|75493192.0|670812.94|88.32
002008.SZ|75.01|76.82|75.01|75.78|32671112.0|247513.83|76.55
603083.SH|111.99|119.98|111.55|118.58|37514728.0|433447.78|116.24
002273.SZ|29.57|31.34|29.57|30.27|87252752.0|267389.41|29.88
603920.SH|55.0|55.99|53.88|54.44|33164120.0|181356.84|55.7
000811.SZ|18.29|18.68|18.14|18.6|23243794.0|42999.3|18.66
002046.SZ|46.88|48.05|46.2|46.26|13302552.0|62157.31|47.53
000962.SZ|44.48|45.0|43.03|43.74|12950646.0|56633.04|44.88
002131.SZ|7.91|8.19|7.88|8.05|524168096.0|421257.84|7.99
001389.SZ|126.62|133.67|126.61|132.0|12992314.0|169749.8|126.81
603516.SH|148.0|150.82|143.3|144.46|6341946.0|92259.4|148.66
