安道麦A|000553.SZ|20241219|7.2|7.91|7.09|7.63|06.12|10.01|10.01|00.14|0
神州信息|000555.SZ|20241219|13.29|13.94|13.11|13.46|01.28|04.89|04.89|00.00|0
豫能控股|001896.SZ|20241219|4.82|5.18|4.78|4.82|-02.23|05.07|05.07|-02.23|0
岩山科技|002195.SZ|20241219|4.98|5.28|4.84|4.93|02.07|09.32|09.32|03.11|0
四维图新|002405.SZ|20241219|10.27|10.53|10.1|10.4|-00.76|00.48|00.48|-02.00|0
盈趣科技|002925.SZ|20241219|16.33|17.21|15.74|15.86|01.34|09.97|09.97|04.35|0
永泰能源|600157.SH|20241219|1.99|2|1.9|1.92|-03.52|00.50|00.50|00.00|0
华电辽能|600396.SH|20241219|3.12|3.22|3.01|3.02|-01.63|04.89|04.89|01.63|0
华电能源|600726.SH|20241219|2.61|2.76|2.57|2.58|-03.01|03.76|03.76|-01.88|0
中国海防|600764.SH|20241219|28.58|28.7|27.29|27.76|-02.87|00.42|00.42|00.00|0
兆易创新|603986.SH|20241219|106.05|112.88|104.55|111.67|08.83|10.01|10.01|03.35|0
