万 科Ａ|000002.SZ|20240430|7.7|7.79|7.35|7.41|-01.98|03.04|03.04|01.85|0
川能动力|000155.SZ|20240430|11.19|11.5|11.07|11.28|01.90|03.88|03.88|01.08|0
格林美|002340.SZ|20240430|6.69|6.81|6.52|6.71|01.67|03.18|03.18|01.36|0
天顺风能|002531.SZ|20240430|10.17|10.39|10.1|10.26|00.39|01.66|01.66|-00.49|0
西子洁能|002534.SZ|20240430|10.74|10.83|10.19|10.52|-01.77|01.12|01.12|00.28|0
生益科技|600183.SH|20240430|17.75|18.51|17.56|18.37|05.09|05.89|05.89|01.54|0
首开股份|600376.SH|20240430|2.7|2.8|2.67|2.76|02.99|04.48|04.48|00.75|0
东方通信|600776.SH|20240430|10.9|10.95|10.51|10.6|00.19|03.50|03.50|03.02|0
妙可蓝多|600882.SH|20240430|13.91|14.04|13.67|13.75|-01.29|00.79|00.79|-00.14|0
宏和科技|603256.SH|20240430|7.22|7.3|6.89|7|-01.55|02.67|02.67|01.55|0
科沃斯|603486.SH|20240430|44.63|48.59|44.53|47.97|08.48|09.88|09.88|00.93|0
东方电缆|603606.SH|20240430|35.29|36.06|34.37|35.71|02.67|03.68|03.68|01.47|0
