中国长城|000066.SZ|20241120|19.39|20.88|19.05|19.85|02.37|07.68|07.68|00.00|0
美利云|000815.SZ|20241120|11.69|12.41|11.69|11.97|06.12|10.02|10.02|03.63|0
大中矿业|001203.SZ|20241120|9.81|9.98|9.65|9.79|00.93|02.89|02.89|01.13|0
江特电机|002176.SZ|20241120|8.95|9.46|8.88|9.19|04.67|07.74|07.74|01.94|0
融捷股份|002192.SZ|20241120|38.6|40.11|38.35|39.6|01.64|02.95|02.95|-00.92|0
盛新锂能|002240.SZ|20241120|16.65|16.96|16.39|16.78|00.78|01.86|01.86|00.00|0
融发核电|002366.SZ|20241120|4.89|5.22|4.88|5.03|00.80|04.61|04.61|-02.00|0
天齐锂业|002466.SZ|20241120|41|43.07|40.6|41.4|00.49|04.54|04.54|-00.49|0
永兴材料|002756.SZ|20241120|45.41|46.08|44.3|45.3|-00.24|01.48|01.48|00.00|0
浙江东日|600113.SH|20241120|13.38|14.12|13.21|14.02|06.29|07.05|07.05|01.44|0
合锻智能|603011.SH|20241120|8.2|8.99|8.1|8.59|03.62|08.44|08.44|-01.09|0
江化微|603078.SH|20241120|16.9|17.83|16.7|17.58|04.21|05.69|05.69|00.18|0
