国药一致|000028.SZ|20240126|25.33|26.33|25.32|25.65|01.26|03.95|03.95|00.00|0
常山北明|000158.SZ|20240126|9.21|9.43|9.08|9.12|00.00|03.40|03.40|00.99|0
中工国际|002051.SZ|20240126|7.98|8.29|7.79|7.9|02.07|07.11|07.11|03.10|0
中国医药|600056.SH|20240126|10.89|11.74|10.76|10.99|02.33|09.31|09.31|01.40|0
涪陵电力|600452.SH|20240126|8.34|8.54|8.12|8.17|00.00|04.53|04.53|02.08|0
凌云股份|600480.SH|20240126|6.35|6.56|6.3|6.44|00.63|02.50|02.50|-00.78|0
云赛智联|600602.SH|20240126|11.16|11.6|11|11.44|02.23|03.66|03.66|-00.27|0
陆家嘴|600663.SH|20240126|9.49|9.93|9.03|9.12|-02.04|06.66|06.66|01.93|0
中华企业|600675.SH|20240126|4.14|4.14|4.14|4.14|09.81|09.81|09.81|09.81|0
中信金属|601061.SH|20240126|7.3|7.7|7.09|7.32|02.66|07.99|07.99|02.38|0
昊华能源|601101.SH|20240126|6.26|6.47|6.18|6.3|02.27|05.03|05.03|01.62|0
中国交建|601800.SH|20240126|7.55|8|7.44|7.74|03.20|06.67|06.67|00.67|0
中国石油|601857.SH|20240126|7.05|7.49|6.9|7.44|06.29|07.00|07.00|00.71|0
中国科传|601858.SH|20240126|23.89|24.18|22.99|23.11|-00.73|03.87|03.87|02.62|0
