陕国投Ａ|000563.SZ|20241015|3.51|3.69|3.34|3.34|-05.38|04.53|04.53|-00.57|0
四川九洲|000801.SZ|20241015|10.12|10.78|9.94|10.36|03.19|07.37|07.37|00.80|0
四川双马|000935.SZ|20241015|15.5|16.4|15.38|15.81|04.15|08.04|08.04|02.11|0
拓维信息|002261.SZ|20241015|20.78|22.81|19.98|20.93|00.24|09.24|09.24|-00.48|0
广联达|002410.SZ|20241015|14.05|14.61|13.71|14.09|03.07|06.88|06.88|02.78|0
高争民爆|002827.SZ|20241015|29.21|32.13|28.67|30.74|05.24|10.00|10.00|00.00|0
东睦股份|600114.SH|20241015|17.42|18.13|17.28|17.43|00.06|04.08|04.08|00.00|0
西藏天路|600326.SH|20241015|6.42|7.22|6.3|6.72|02.44|10.06|10.06|-02.13|0
保变电气|600550.SH|20241015|9.83|10.9|9.6|10.32|04.03|09.88|09.88|-00.91|0
方正科技|600601.SH|20241015|3.56|3.64|3.43|3.44|-01.99|03.70|03.70|01.42|0
汇顶科技|603160.SH|20241015|81.87|87.69|80.91|83.04|02.87|08.63|08.63|01.42|0
瑞芯微|603893.SH|20241015|75.44|81.67|74.62|78.21|05.33|09.99|09.99|01.60|0
