深振业Ａ|000006.SZ|20241108|9.38|9.65|8.88|8.97|-04.47|02.77|02.77|-00.11|0
冠捷科技|000727.SZ|20241108|3.37|3.42|3.16|3.19|00.95|08.23|08.23|06.65|0
酒鬼酒|000799.SZ|20241108|60.77|62.65|59.32|60.46|06.03|09.87|09.87|06.58|0
中公教育|002607.SZ|20241108|3.7|3.73|3.48|3.53|00.00|05.67|05.67|04.82|0
高争民爆|002827.SZ|20241108|33.67|34.6|32.27|33.09|-00.48|04.06|04.06|01.26|0
西藏天路|600326.SH|20241108|8.2|8.46|7.79|7.92|-02.94|03.68|03.68|00.49|0
中孚实业|600595.SH|20241108|3.45|3.58|3.33|3.39|02.11|07.83|07.83|03.92|0
舍得酒业|600702.SH|20241108|78.76|82.2|76.65|79.08|02.30|06.34|06.34|01.89|0
首创证券|601136.SH|20241108|25.07|25.08|23.26|23.37|-03.99|03.04|03.04|03.00|0
永辉超市|601933.SH|20241108|5.2|5.46|4.9|5.14|-01.15|05.00|05.00|00.00|0
斯达半导|603290.SH|20241108|108.89|110.39|105.08|105.33|00.10|04.90|04.90|03.48|0
