亚钾国际|000893.SZ|20240208|23.74|25.14|23.55|23.94|01.74|06.84|06.84|00.89|0
新 大 陆|000997.SZ|20240208|16.45|17.88|16.26|17.64|08.55|10.03|10.03|01.23|0
千方科技|002373.SZ|20240208|9.5|10.14|9.42|9.49|02.71|09.74|09.74|02.81|0
诺德股份|600110.SH|20240208|4.61|4.61|4.35|4.44|02.07|05.98|05.98|05.98|0
联美控股|600167.SH|20240208|5.61|5.82|5.41|5.43|02.65|10.02|10.02|06.05|0
湘电股份|600416.SH|20240208|11.89|12.89|11.76|12.1|03.15|09.89|09.89|01.36|0
江淮汽车|600418.SH|20240208|12.85|13.55|12.59|13.34|06.29|07.97|07.97|02.39|0
中化国际|600500.SH|20240208|4.22|4.49|4.15|4.27|03.14|08.45|08.45|01.93|0
南网储能|600995.SH|20240208|9.42|9.82|9.16|9.19|-00.33|06.51|06.51|02.17|0
九州通|600998.SH|20240208|5.94|6.19|5.59|5.64|-00.70|08.98|08.98|04.58|0
昭衍新药|603127.SH|20240208|16.5|17.4|16.4|16.65|-00.83|03.63|03.63|-01.73|0
天味食品|603317.SH|20240208|11.39|12.01|11.04|11.1|-00.80|07.33|07.33|01.79|0
莱克电气|603355.SH|20240208|19.51|20.83|19.15|19.88|04.08|09.06|09.06|02.15|0
坤彩科技|603826.SH|20240208|28.26|30.37|26.68|28.41|02.01|09.05|09.05|01.47|0
