深桑达Ａ|000032.SZ|20241009|18.56|20.26|17.95|18.77|-00.69|07.20|07.20|-01.80|0
紫光股份|000938.SZ|20241009|25.86|27.26|24.32|24.92|-05.64|03.22|03.22|-02.08|0
通富微电|002156.SZ|20241009|24.73|27.02|23.86|24.83|-01.12|07.61|07.61|-01.51|0
福晶科技|002222.SZ|20241009|28.63|29.76|27.66|27.76|-04.96|01.88|01.88|-01.99|0
电科网安|002268.SZ|20241009|18.32|19.15|17.55|18.03|-02.54|03.51|03.51|-00.97|0
奥普光电|002338.SZ|20241009|34.9|37.68|33.73|35.17|01.21|08.43|08.43|00.43|0
航天彩虹|002389.SZ|20241009|18.8|19.19|17.82|18.13|-03.00|02.68|02.68|00.59|0
雅克科技|002409.SZ|20241009|65.2|68.54|62.78|64.8|-02.85|02.76|02.76|-02.25|0
方正科技|600601.SH|20241009|3.63|3.76|3.44|3.48|-04.92|02.73|02.73|-00.82|0
金海通|603061.SH|20241009|48.59|51.69|46.76|48.13|-05.40|01.59|01.59|-04.50|0
江化微|603078.SH|20241009|15.65|16.3|14.78|15.03|-03.84|04.29|04.29|00.13|0
华懋科技|603306.SH|20241009|23.38|24.32|22.16|22.24|-06.52|02.23|02.23|-01.72|0
九洲药业|603456.SH|20241009|16.83|17.7|16.02|16.02|-04.81|05.17|05.17|00.00|0
豪威集团|603501.SH|20241009|114.61|122.97|109.09|114.52|-02.07|05.16|05.16|-01.99|0
彤程新材|603650.SH|20241009|33.25|35.72|32.42|33.24|-01.80|05.52|05.52|-01.77|0
XD瑞芯微|603893.SH|20241009|70.97|78.04|68.74|74.45|04.93|09.99|09.99|00.03|0
