中国宝安|000009.SZ|20241008|10.54|10.54|9.83|10.32|07.72|10.02|10.02|10.02|0
钒钛股份|000629.SZ|20241008|3.25|3.25|2.92|3.07|04.07|10.17|10.17|10.17|0
河钢股份|000709.SZ|20241008|2.41|2.41|2.21|2.28|04.11|10.05|10.05|10.05|0
中国稀土|000831.SZ|20241008|31.14|31.14|28.53|29.65|04.73|10.00|10.00|10.00|0
华菱钢铁|000932.SZ|20241008|5.06|5.07|4.38|4.66|01.30|10.22|10.22|10.00|0
首钢股份|000959.SZ|20241008|3.72|3.72|3.36|3.51|03.85|10.06|10.06|10.06|0
TCL中环|002129.SZ|20241008|11.4|11.4|10.43|11.17|07.82|10.04|10.04|10.04|0
世纪华通|002602.SZ|20241008|4.59|4.59|4.18|4.56|09.35|10.07|10.07|10.07|0
埃斯顿|002747.SZ|20241008|17.04|17.04|15.58|16.87|08.91|10.01|10.01|10.01|0
南网能源|003035.SZ|20241008|5.3|5.33|4.84|5.11|05.58|10.12|10.12|09.50|0
包钢股份|600010.SH|20241008|1.9|1.9|1.76|1.83|05.78|09.83|09.83|09.83|0
永泰能源|600157.SH|20241008|1.46|1.46|1.35|1.45|09.02|09.77|09.77|09.77|0
上海建工|600170.SH|20241008|2.64|2.64|2.37|2.43|01.67|10.46|10.46|10.46|0
莲花控股|600186.SH|20241008|4.28|4.28|3.91|4.13|06.17|10.03|10.03|10.03|0
中稀有色|600259.SH|20241008|32.83|32.83|29.84|31.33|04.99|10.02|10.02|10.02|0
宏达股份|600331.SH|20241008|7.82|7.83|7.01|7.25|01.83|09.97|09.97|09.83|0
华海药业|600521.SH|20241008|21.29|21.3|18.99|19.8|02.38|10.13|10.13|10.08|0
哈药股份|600664.SH|20241008|4.12|4.13|3.78|3.99|06.40|10.13|10.13|09.87|0
东阳光|600673.SH|20241008|8.7|8.71|7.79|8.12|02.53|09.97|09.97|09.85|0
三安光电|600703.SH|20241008|13.69|13.69|13.03|13.69|10.05|10.05|10.05|10.05|0
彩虹股份|600707.SH|20241008|8.22|8.23|7.51|8.02|07.22|10.03|10.03|09.89|0
爱旭股份|600732.SH|20241008|11.33|11.33|10.35|11.02|06.99|10.00|10.00|10.00|0
北汽蓝谷|600733.SH|20241008|8.88|8.88|7.53|8.38|03.84|10.04|10.04|10.04|0
远东股份|600869.SH|20241008|4.68|4.69|4.3|4.62|08.45|10.09|10.09|09.86|0
海油发展|600968.SH|20241008|4.86|4.86|4.51|4.7|06.58|10.20|10.20|10.20|0
隆基绿能|601012.SH|20241008|19.32|19.32|18.01|19.28|09.79|10.02|10.02|10.02|0
海南橡胶|601118.SH|20241008|6.49|6.49|5.92|6.1|03.21|09.81|09.81|09.81|0
拓普集团|601689.SH|20241008|50.89|50.89|45.87|49.6|07.22|10.01|10.01|10.01|0
千里科技|601777.SH|20241008|5.15|5.15|4.7|5.05|07.91|10.04|10.04|10.04|0
晶方科技|603005.SH|20241008|24.03|24.03|22.89|24.03|10.03|10.03|10.03|10.03|0
和邦生物|603077.SH|20241008|2.28|2.28|2.1|2.19|05.80|10.14|10.14|10.14|0
华正新材|603186.SH|20241008|27.94|27.94|25.78|27.93|09.96|10.00|10.00|10.00|0
三祥新材|603663.SH|20241008|18.03|18.03|16.78|17.86|09.04|10.07|10.07|10.07|0
岱美股份|603730.SH|20241008|9.02|9.02|7.92|8.32|01.71|10.27|10.27|10.27|0
