海德股份|000567.SZ|20241203|9|9|8.32|8.57|-00.23|04.77|04.77|04.77|0
山子高科|000981.SZ|20241203|2.04|2.09|1.91|1.91|-01.04|08.29|08.29|05.70|0
海峡股份|002320.SZ|20241203|7.33|7.33|6.68|6.76|-00.15|08.27|08.27|08.27|0
海航控股|600221.SH|20241203|2|2.08|1.93|1.96|02.62|08.90|08.90|04.71|0
海南机场|600515.SH|20241203|4.35|4.37|4.07|4.08|-03.32|03.55|03.55|03.08|0
大众公用|600635.SH|20241203|4.6|4.91|4.48|4.66|01.53|06.97|06.97|00.22|0
马钢股份|600808.SH|20241203|2.62|2.69|2.55|2.65|02.32|03.86|03.86|01.16|0
海南橡胶|601118.SH|20241203|6.54|6.58|5.89|5.97|-05.09|04.61|04.61|03.97|0
上海电气|601727.SH|20241203|9.55|10.2|9.34|9.75|04.28|09.09|09.09|02.14|0
千里科技|601777.SH|20241203|8|8|7.57|7.72|-00.52|03.09|03.09|03.09|0
海南华铁|603300.SH|20241203|6.13|6.27|5.95|5.98|-00.83|03.98|03.98|01.66|0
