新 大 陆|000997.SZ|20241106|20.67|21.18|20.21|20.52|03.12|06.43|06.43|03.87|0
楚江新材|002171.SZ|20241106|7.02|7.29|6.85|7.11|03.04|05.65|05.65|01.74|0
拓维信息|002261.SZ|20241106|25.47|27.24|24.7|24.9|-02.24|06.95|06.95|00.00|0
东山精密|002384.SZ|20241106|36.36|37.29|33.37|34.27|-02.36|06.24|06.24|03.59|0
四维图新|002405.SZ|20241106|10.8|11.41|10.5|10.9|05.11|10.03|10.03|04.15|0
爱施德|002416.SZ|20241106|19.18|19.62|18.79|19.62|10.04|10.04|10.04|07.57|0
顺灏股份|002565.SZ|20241106|3.62|3.92|3.61|3.82|07.30|10.11|10.11|01.69|0
金安国纪|002636.SZ|20241106|8.74|9.17|8.57|8.67|-02.25|03.38|03.38|-01.47|0
天赐材料|002709.SZ|20241106|19.99|21.17|19.82|20.47|02.45|05.96|05.96|00.05|0
意华股份|002897.SZ|20241106|47.07|49.06|45.46|47.87|02.40|04.94|04.94|00.68|0
科瑞技术|002957.SZ|20241106|16.65|17.14|15.76|16.24|00.06|05.61|05.61|02.59|0
兆威机电|003021.SZ|20241106|57.7|57.74|54.72|55.26|05.28|10.00|10.00|09.93|0
包钢股份|600010.SH|20241106|2|2.2|1.98|2.16|07.46|09.45|09.45|-00.50|0
国网信通|600131.SH|20241106|22.83|24.61|22.63|23.57|04.43|09.04|09.04|01.15|0
衢州发展|600208.SH|20241106|3.18|3.29|3.04|3.16|01.28|05.45|05.45|01.92|0
洪都航空|600316.SH|20241106|40.53|42.51|39.05|40.12|01.44|07.48|07.48|02.48|0
海南机场|600515.SH|20241106|4|4.07|3.82|3.98|00.25|02.52|02.52|00.76|0
中国软件|600536.SH|20241106|52|55.63|51.16|54.3|07.38|10.01|10.01|02.83|0
绿地控股|600606.SH|20241106|2.33|2.56|2.28|2.48|06.44|09.87|09.87|00.00|0
璞泰来|603659.SH|20241106|18.41|19.65|18.19|18.83|02.28|06.74|06.74|00.00|0
柯力传感|603662.SH|20241106|40.3|43.54|39.58|40.2|00.88|09.26|09.26|01.13|0
龙蟠科技|603906.SH|20241106|10.7|11.23|10.55|10.8|03.35|07.46|07.46|02.39|0
博迁新材|605376.SH|20241106|29.87|31.99|29.37|30.09|03.40|09.93|09.93|02.65|0
