深深房Ａ|000029.SZ|20241101|18.2|18.76|16.56|16.97|-05.93|03.99|03.99|00.89|0
TCL科技|000100.SZ|20241101|5.78|5.78|5.01|5.14|-02.10|10.10|10.10|10.10|0
国安股份|000839.SZ|20241101|3.79|3.79|3.36|3.44|-07.77|01.61|01.61|01.61|0
美年健康|002044.SZ|20241101|4.78|4.93|4.65|4.68|-01.27|04.01|04.01|00.84|0
省广集团|002400.SZ|20241101|6.6|7.12|6.3|6.32|-04.10|08.04|08.04|00.15|0
中公教育|002607.SZ|20241101|3.5|3.61|3.29|3.3|00.61|10.06|10.06|06.71|0
衢州发展|600208.SH|20241101|2.96|3.02|2.81|2.88|-02.04|02.72|02.72|00.68|0
宏达股份|600331.SH|20241101|9.3|9.3|8.17|8.28|-04.61|07.14|07.14|07.14|0
湘电股份|600416.SH|20241101|14.64|15.2|13.79|13.93|-01.14|07.88|07.88|03.90|0
飞乐音响|600651.SH|20241101|4.3|4.55|3.85|3.89|-08.47|07.06|07.06|01.18|0
