深科技|000021.SZ|20240902|13.76|13.79|13.46|13.46|-00.30|02.15|02.15|01.93|0
福晶科技|002222.SZ|20240902|22.73|22.74|22.07|22.07|-00.63|02.39|02.39|02.34|0
科华数据|002335.SZ|20240902|13.3|13.72|13.07|13.27|02.08|05.54|05.54|02.31|0
广联达|002410.SZ|20240902|9.91|10.1|9.06|9.14|-08.96|00.60|00.60|-01.29|0
领益智造|002600.SZ|20240902|8.55|8.55|7.9|7.94|-04.80|02.52|02.52|02.52|0
新乳业|002946.SZ|20240902|8.81|8.81|8.44|8.63|00.23|02.32|02.32|02.32|0
华胜天成|600410.SH|20240902|4.19|4.19|3.95|3.98|00.76|06.08|06.08|06.08|0
宏和科技|603256.SH|20240902|7.19|7.48|6.78|7.16|-00.42|04.03|04.03|00.00|0
伯特利|603596.SH|20240902|25.25|25.29|24.17|24.25|-02.10|02.10|02.10|01.94|0
领先股份|603991.SH|20240902|40.18|41.53|39.21|39.86|00.10|04.29|04.29|00.90|0
