风华高科|000636.SZ|20240712|14.42|14.6|13.99|14.27|-00.49|01.81|01.81|00.56|0
国城矿业|000688.SZ|20240712|10.56|10.7|10.15|10.37|00.58|03.78|03.78|02.42|0
模塑科技|000700.SZ|20240712|5.53|5.57|5.39|5.51|02.04|03.15|03.15|02.41|0
北方铜业|000737.SZ|20240712|10.49|10.63|10.17|10.23|-01.25|02.61|02.61|01.25|0
居然智家|000785.SZ|20240712|2.5|2.52|2.39|2.42|-02.81|01.20|01.20|00.40|0
协鑫能科|002015.SZ|20240712|8.14|8.68|7.96|8.37|06.08|10.01|10.01|03.17|0
融捷股份|002192.SZ|20240712|31.07|31.5|30.75|30.89|-00.83|01.12|01.12|-00.26|0
盛新锂能|002240.SZ|20240712|14.05|14.25|13.76|13.85|-00.57|02.30|02.30|00.86|0
盛屯矿业|600711.SH|20240712|5.28|5.41|5.08|5.21|03.78|07.77|07.77|05.18|0
千里科技|601777.SH|20240712|4.25|4.28|3.99|4.19|00.96|03.13|03.13|02.41|0
昭衍新药|603127.SH|20240712|13.88|14.19|13.69|13.81|02.30|05.11|05.11|02.81|0
洪田股份|603800.SH|20240712|19.93|19.93|18.72|18.86|-01.67|03.91|03.91|03.91|0
德业股份|605117.SH|20240712|39.09|41.87|39.09|40.39|05.29|09.15|09.15|01.90|0
