中国宝安|000009.SZ|20240207|11.23|12|10.96|11.99|09.90|09.99|09.99|02.93|0
中国长城|000066.SZ|20240207|8.3|9|8.29|8.97|08.46|08.83|08.83|00.36|0
中钨高新|000657.SZ|20240207|7.39|7.87|7.26|7.68|05.93|08.55|08.55|01.93|0
东方电子|000682.SZ|20240207|7.05|7.68|7.05|7.56|06.33|08.02|08.02|-00.84|0
恒逸石化|000703.SZ|20240207|6.82|7.39|6.76|7.37|09.19|09.48|09.48|01.04|0
长江证券|000783.SZ|20240207|4.66|5.04|4.63|5|08.46|09.33|09.33|01.08|0
盈峰环境|000967.SZ|20240207|4.09|4.47|4.09|4.46|09.31|09.56|09.56|00.25|0
宁波华翔|002048.SZ|20240207|10.5|11.24|10.4|11.13|06.51|07.56|07.56|00.48|0
韵达股份|002120.SZ|20240207|6.01|6.46|5.98|6.42|07.72|08.39|08.39|00.84|0
沃尔核材|002130.SZ|20240207|5.53|5.75|5.48|5.63|03.11|05.31|05.31|01.28|0
鱼跃医疗|002223.SZ|20240207|32.74|34.42|32.38|34.14|05.44|06.30|06.30|01.11|0
大洋电机|002249.SZ|20240207|3.85|4.17|3.85|4.08|05.97|08.31|08.31|00.00|0
浙富控股|002266.SZ|20240207|3.07|3.35|3.06|3.34|08.44|08.77|08.77|-00.32|0
奇正藏药|002287.SZ|20240207|17.42|18.71|17.2|18.27|07.41|09.99|09.99|02.41|0
信立泰|002294.SZ|20240207|26.59|28.89|26.33|28.89|09.97|09.97|09.97|01.22|0
格林美|002340.SZ|20240207|4.4|4.82|4.39|4.82|09.79|09.79|09.79|00.23|0
雅克科技|002409.SZ|20240207|37.21|40.5|36.99|40|08.58|09.93|09.93|01.00|0
杭氧股份|002430.SZ|20240207|23.84|25.87|23.59|25.85|09.91|09.99|09.99|01.36|0
双环传动|002472.SZ|20240207|20.61|21.91|20.53|21.82|07.28|07.72|07.72|01.33|0
江海股份|002484.SZ|20240207|13.72|14.79|13.51|14.6|07.59|08.99|08.99|01.11|0
大金重工|002487.SZ|20240207|18.36|19.78|18.29|19.56|07.06|08.26|08.26|00.49|0
协鑫集成|002506.SZ|20240207|2.34|2.54|2.31|2.53|09.05|09.48|09.48|00.86|0
豪迈科技|002595.SZ|20240207|19.94|21.68|19.77|21.68|08.67|08.67|08.67|-00.05|0
华林证券|002945.SZ|20240207|11.19|11.7|11.07|11.45|01.42|03.63|03.63|-00.89|0
南网能源|003035.SZ|20240207|4.54|4.93|4.54|4.92|08.61|08.83|08.83|00.22|0
北方稀土|600111.SH|20240207|17.46|18.97|17.25|18.77|08.81|09.97|09.97|01.22|0
西藏药业|600211.SH|20240207|29.28|30.66|29.26|30.1|06.62|08.61|08.61|03.72|0
平高电气|600312.SH|20240207|12.04|12.73|11.93|12.6|06.87|07.97|07.97|02.12|0
洪都航空|600316.SH|20240207|15.27|16.75|15.25|16.74|09.55|09.62|09.62|-00.07|0
鲁信创投|600783.SH|20240207|9.62|10.09|9.62|9.94|02.90|04.45|04.45|-00.41|0
大豪科技|603025.SH|20240207|8.58|9.08|8.37|8.62|03.73|09.27|09.27|03.25|0
彤程新材|603650.SH|20240207|22.14|23.92|22.07|23.81|09.47|09.98|09.98|01.79|0
金域医学|603882.SH|20240207|56.14|60.64|55.36|59.86|08.56|09.97|09.97|01.81|0
老百姓|603883.SH|20240207|21.64|23.09|21.09|22.65|07.45|09.54|09.54|02.66|0
