神州信息|000555.SZ|20240429|13.08|13.55|12.92|13.55|10.07|10.07|10.07|06.26|0
宗申动力|001696.SZ|20240429|12.46|12.79|11.74|12.54|03.89|05.97|05.97|03.23|0
永太科技|002326.SZ|20240429|9.97|10.23|9.88|10.2|03.34|03.65|03.65|01.01|0
雷赛智能|002979.SZ|20240429|20.31|20.79|19.39|19.58|03.60|10.00|10.00|07.46|0
兆威机电|003021.SZ|20240429|45.7|45.7|43.77|44.76|02.29|04.43|04.43|04.43|0
宇通客车|600066.SH|20240429|22.12|22.12|20.51|21|-01.18|04.09|04.09|04.09|0
电科芯片|600877.SH|20240429|12.35|12.64|12.28|12.62|01.69|01.85|01.85|-00.48|0
西部黄金|601069.SH|20240429|11.98|12.61|11.9|12.32|02.84|05.26|05.26|00.00|0
首创证券|601136.SH|20240429|22.02|23.31|21.67|22.09|04.25|10.00|10.00|03.92|0
浙商证券|601878.SH|20240429|10.97|11.36|10.82|10.98|04.47|08.09|08.09|04.38|0
方正证券|601901.SH|20240429|8.93|9.27|8.73|8.93|02.76|06.67|06.67|02.76|0
中金公司|601995.SH|20240429|34.11|34.53|33.56|34|01.67|03.26|03.26|02.00|0
中贝通信|603220.SH|20240429|24.54|24.64|23.79|24.03|02.12|04.72|04.72|04.29|0
亚振家居|603389.SH|20240429|4.66|4.88|4.46|4.71|00.43|04.05|04.05|-00.64|0
