中信海直|000099.SZ|20240925|15.67|16.16|15.43|15.7|02.61|05.62|05.62|02.42|0
神州信息|000555.SZ|20240925|10.24|10.48|9.84|9.93|04.20|09.97|09.97|07.45|0
TCL中环|002129.SZ|20240925|8.4|8.65|8.35|8.37|01.33|04.72|04.72|01.69|0
盛新锂能|002240.SZ|20240925|12.31|12.56|12.25|12.3|02.93|05.10|05.10|03.01|0
天齐锂业|002466.SZ|20240925|27.9|29.04|27.9|28.09|02.44|05.91|05.91|01.75|0
大有能源|600403.SH|20240925|2.88|2.91|2.75|2.76|01.10|06.59|06.59|05.49|0
金证股份|600446.SH|20240925|10.95|11.58|10.79|10.91|00.83|07.02|07.02|01.20|0
建元信托|600816.SH|20240925|2.8|2.85|2.71|2.74|05.79|10.04|10.04|08.11|0
太平洋|601099.SH|20240925|3.68|3.86|3.6|3.67|04.56|09.97|09.97|04.84|0
首创证券|601136.SH|20240925|19.19|19.78|18.79|18.81|01.24|06.46|06.46|03.28|0
弘元绿能|603185.SH|20240925|13.59|14.26|13.53|13.59|03.27|08.36|08.36|03.27|0
淳中科技|603516.SH|20240925|28.21|28.54|26.91|27.15|00.63|05.78|05.78|04.56|0
龙蟠科技|603906.SH|20240925|7.58|7.75|7.47|7.51|01.08|04.31|04.31|02.02|0
丸美生物|603983.SH|20240925|23.17|23.88|22.74|23.2|02.47|05.48|05.48|02.34|0
罗曼股份|605289.SH|20240925|16.05|17|15.6|16.42|05.94|09.68|09.68|03.55|0
