深振业Ａ|000006.SZ|20240930|5.49|5.6|5.21|5.59|08.97|09.16|09.16|07.02|0
深深房Ａ|000029.SZ|20240930|16.48|17.26|15.29|16.55|05.48|10.01|10.01|05.04|0
深桑达Ａ|000032.SZ|20240930|16.88|17.18|16|17.18|09.92|09.92|09.92|08.00|0
东阿阿胶|000423.SZ|20240930|56.59|59.2|55.17|57.09|04.37|08.23|08.23|03.46|0
浪潮信息|000977.SZ|20240930|39.36|41.35|38.74|41.35|09.97|09.97|09.97|04.68|0
三花智控|002050.SZ|20240930|22.1|23.3|21.41|23.3|09.96|09.96|09.96|04.29|0
北方华创|002371.SZ|20240930|259.05|270.21|252.57|270.2|09.81|09.81|09.81|05.27|0
大金重工|002487.SZ|20240930|21.68|22.86|21.21|22.86|09.96|09.96|09.96|04.28|0
西部证券|002673.SZ|20240930|8.35|8.42|8.03|8.42|09.92|09.92|09.92|09.01|0
永兴材料|002756.SZ|20240930|38.52|39.92|37.02|39.86|09.30|09.46|09.46|05.62|0
鹏欣资源|600490.SH|20240930|3.18|3.28|2.99|3.27|09.00|09.33|09.33|06.00|0
福莱特|601865.SH|20240930|19.22|19.83|19.01|19.83|10.04|10.04|10.04|06.66|0
