中兴通讯|000063.SZ|20241112|34.94|35.28|33.28|33.72|-03.49|00.97|00.97|00.00|0
巨轮智能|002031.SZ|20241112|4.69|4.74|4.32|4.34|-05.86|02.82|02.82|01.74|0
多氟多|002407.SZ|20241112|14.48|14.67|13.88|13.98|01.16|06.15|06.15|04.78|0
赣锋锂业|002460.SZ|20241112|40.21|43.24|40.1|41.65|05.95|10.00|10.00|02.29|0
锋龙股份|002931.SZ|20241112|13.82|14.27|13.35|13.78|01.10|04.70|04.70|01.39|0
建元信托|600816.SH|20241112|4.16|4.36|3.85|3.89|-03.23|08.46|08.46|03.48|0
人民网|603000.SH|20241112|25.99|27.04|25.54|25.77|01.98|07.00|07.00|02.85|0
中科曙光|603019.SH|20241112|89.08|89.08|80.25|83.11|-03.99|02.91|02.91|02.91|0
旭升集团|603305.SH|20241112|14.39|14.72|13.91|14.02|00.86|05.90|05.90|03.53|0
至纯科技|603690.SH|20241112|31.49|32.86|30.2|30.4|00.60|08.74|08.74|04.20|0
