沈阳机床|000410.SZ|20241029|8.37|9|8.16|8.48|03.16|09.49|09.49|01.82|0
四川双马|000935.SZ|20241029|20|20.28|18.96|18.97|-05.06|01.50|01.50|00.10|0
山子高科|000981.SZ|20241029|1.34|1.41|1.31|1.35|01.50|06.02|06.02|00.75|0
粤 传 媒|002181.SZ|20241029|4.61|4.61|4.16|4.16|-03.26|07.21|07.21|07.21|0
高乐股份|002348.SZ|20241029|3.3|3.52|3.22|3.38|05.62|10.00|10.00|03.12|0
浙江东日|600113.SH|20241029|11.05|11.62|10.98|11.12|01.28|05.83|05.83|00.64|0
旭光电子|600353.SH|20241029|8.41|9.22|7.92|8.69|03.21|09.50|09.50|-00.12|0
海立股份|600619.SH|20241029|11.26|11.93|10.97|11.56|06.54|09.95|09.95|03.78|0
上海机电|600835.SH|20241029|17.54|18.14|16.88|17.34|-02.25|02.25|02.25|-01.13|0
国机重装|601399.SH|20241029|3.6|3.6|3.39|3.41|-02.01|03.45|03.45|03.45|0
禾望电气|603063.SH|20241029|16.9|18.3|16.64|17.01|02.22|09.98|09.98|01.56|0
