海德股份|000567.SZ|20240801|5.6|5.69|5.46|5.51|00.73|04.02|04.02|02.38|0
百润股份|002568.SZ|20240801|17.53|17.8|17.25|17.32|-00.23|02.53|02.53|00.98|0
东方精工|002611.SZ|20240801|6.79|7.08|6.53|6.66|02.94|09.43|09.43|04.95|0
TCL智家|002668.SZ|20240801|8.9|9.3|8.84|9.18|02.91|04.26|04.26|-00.22|0
博实股份|002698.SZ|20240801|12.05|12.19|11.84|11.9|00.42|02.87|02.87|01.69|0
中大力德|002896.SZ|20240801|22.19|22.5|21.34|21.56|03.36|07.86|07.86|06.38|0
雷赛智能|002979.SZ|20240801|20.47|21.57|20.32|20.97|06.66|09.72|09.72|04.12|0
通策医疗|600763.SH|20240801|45.08|45.68|44.51|44.82|01.66|03.61|03.61|02.25|0
天风证券|601162.SH|20240801|2.53|2.6|2.49|2.54|00.40|02.77|02.77|00.00|0
北特科技|603009.SH|20240801|17.62|17.62|16.68|17.03|00.06|03.53|03.53|03.53|0
昭衍新药|603127.SH|20240801|15.37|15.79|15.27|15.46|02.59|04.78|04.78|01.99|0
