山子高科|000981.SZ|20250108|2.4|2.63|2.32|2.54|02.42|06.05|06.05|-03.23|0
利欧股份|002131.SZ|20250108|3.2|3.38|3.18|3.38|09.74|09.74|09.74|03.90|0
融发核电|002366.SZ|20250108|5|5|4.66|4.75|01.93|07.30|07.30|07.30|0
星网锐捷|002396.SZ|20250108|13.97|14.32|13.53|14.11|00.93|02.43|02.43|-00.07|0
江海股份|002484.SZ|20250108|18.9|20.14|18.84|19.85|07.18|08.75|08.75|02.05|0
东方精工|002611.SZ|20250108|9.94|10.87|9.91|10.87|09.91|09.91|09.91|00.51|0
黄河旋风|600172.SH|20250108|4.72|5.09|4.63|4.85|02.11|07.16|07.16|-00.63|0
金证股份|600446.SH|20250108|16.51|18|16.51|17.68|07.15|09.09|09.09|00.06|0
东阳光|600673.SH|20250108|12.65|13.4|12.33|12.95|05.20|08.85|08.85|02.76|0
应流股份|603308.SH|20250108|15.53|16.74|15.41|16.21|04.38|07.79|07.79|00.00|0
联德股份|605060.SH|20250108|19.55|20.87|18.37|19.54|-00.05|06.75|06.75|00.00|0
