皖能电力|000543.SZ|20251028|8.74|8.85|8.54|8.57|-00.92|02.31|02.31|01.04|0
东方钽业|000962.SZ|20251028|32.75|35.04|32.53|34.45|08.16|10.02|10.02|02.83|0
立新能源|001258.SZ|20251028|8.07|8.56|8.07|8.17|-00.61|04.14|04.14|-01.82|0
中电港|001287.SZ|20251028|28.31|29.11|26.83|27.15|02.61|10.02|10.02|06.99|0
东方铁塔|002545.SZ|20251028|16.63|17.16|16.33|16.87|07.25|09.09|09.09|05.72|0
豪迈科技|002595.SZ|20251028|65|68.88|64.98|68.04|06.53|07.84|07.84|01.77|0
万润股份|002643.SZ|20251028|14.1|14.24|13.88|13.98|00.07|01.93|01.93|00.93|0
生益科技|600183.SH|20251028|64.05|69.73|64|67.39|04.72|08.36|08.36|-00.47|0
厦门钨业|600549.SH|20251028|35|36.21|34.71|35.15|01.80|04.87|04.87|01.36|0
纽威股份|603699.SH|20251028|50.55|52.59|50.49|52.1|06.44|07.44|07.44|03.27|0
兆易创新|603986.SH|20251028|236.5|254.44|234.58|246.95|01.55|04.63|04.63|-02.75|0
