三花智控|002050.SZ|20250110|25.2|27.09|25.2|26.22|06.46|09.99|09.99|02.31|0
利欧股份|002131.SZ|20250110|3.75|4.02|3.5|3.58|-03.76|08.06|08.06|00.81|0
省广集团|002400.SZ|20250110|8.21|8.5|7.93|7.95|-03.05|03.66|03.66|00.12|0
兆威机电|003021.SZ|20250110|86.96|94.18|86.13|91.43|06.80|10.01|10.01|01.58|0
杭钢股份|600126.SH|20250110|4.9|4.99|4.76|4.77|-04.22|00.20|00.20|-01.61|0
洪都航空|600316.SH|20250110|30.36|32.32|30.36|31.44|03.69|06.60|06.60|00.13|0
华胜天成|600410.SH|20250110|7.49|8.04|7.27|7.28|-03.96|06.07|06.07|-01.19|0
宏昌电子|603002.SH|20250110|5.91|6.13|5.63|5.64|01.26|10.05|10.05|06.10|0
禾望电气|603063.SH|20250110|28.59|30.57|27.53|29.74|07.02|10.00|10.00|02.88|0
宏和科技|603256.SH|20250110|9.09|9.15|8.4|8.42|-04.64|03.62|03.62|02.94|0
旭升集团|603305.SH|20250110|13.44|14.84|13.33|13.91|03.11|10.01|10.01|-00.37|0
