中钨高新|000657.SZ|20250725|18.13|19.58|18|19.08|07.19|10.00|10.00|01.85|0
西藏矿业|000762.SZ|20250725|24.4|24.52|23.19|23.38|-02.75|02.00|02.00|01.50|0
中科三环|000970.SZ|20250725|14.32|14.5|13.95|14.13|01.44|04.09|04.09|02.80|0
盛新锂能|002240.SZ|20250725|16.06|17.37|15.97|16.55|04.09|09.25|09.25|01.01|0
天齐锂业|002466.SZ|20250725|41.05|42.94|40.91|41.89|03.97|06.58|06.58|01.89|0
凯莱英|002821.SZ|20250725|112.08|121|111.01|114.48|01.12|06.88|06.88|-01.00|0
东睦股份|600114.SH|20250725|23.79|23.96|22.71|23.28|01.70|04.67|04.67|03.93|0
华胜天成|600410.SH|20250725|11|11.28|10.71|10.87|00.56|04.35|04.35|01.76|0
海南机场|600515.SH|20250725|4.4|4.5|4.1|4.27|03.14|08.70|08.70|06.28|0
海南矿业|601969.SH|20250725|9.44|9.44|8.48|8.48|-03.20|07.76|07.76|07.76|0
