中材科技|002080.SZ|20250825|36.2|38.82|36.2|38.15|08.10|10.00|10.00|02.58|0
禾盛新材|002290.SZ|20250825|34.31|36.18|34.31|35.33|07.42|10.00|10.00|04.32|0
百润股份|002568.SZ|20250825|27.55|29.11|27.08|28.51|00.85|02.97|02.97|-02.55|0
五矿发展|600058.SH|20250825|9.5|10.14|9.44|9.8|06.29|09.98|09.98|03.04|0
上海家化|600315.SH|20250825|25.97|26.08|25.36|25.93|00.89|01.48|01.48|01.05|0
旭光电子|600353.SH|20250825|16.99|17.5|16.45|16.6|00.18|05.61|05.61|02.53|0
鹏欣资源|600490.SH|20250825|5.85|6.01|5.72|5.89|03.51|05.62|05.62|02.81|0
信达证券|601059.SH|20250825|20.65|21.64|19.74|19.94|01.37|10.02|10.02|04.98|0
晶科科技|601778.SH|20250825|4.29|4.47|4.15|4.34|01.40|04.44|04.44|00.23|0
税友股份|603171.SH|20250825|62.16|65.5|58.24|61.1|01.82|09.15|09.15|03.58|0
