神州信息|000555.SZ|20250224|13.99|14.36|13.43|13.52|-01.60|04.51|04.51|01.82|0
威孚高科|000581.SZ|20250224|18.82|19.72|18.81|19.46|08.59|10.04|10.04|05.02|0
美利云|000815.SZ|20250224|12.5|13.05|12.43|12.54|00.56|04.65|04.65|00.24|0
光迅科技|002281.SZ|20250224|57.02|59.03|56.45|57.19|-00.12|03.09|03.09|-00.42|0
科士达|002518.SZ|20250224|28.93|29.79|28.14|28.82|00.31|03.69|03.69|00.70|0
海思科|002653.SZ|20250224|33.5|33.5|31.92|32.28|-00.71|03.05|03.05|03.05|0
中坚科技|002779.SZ|20250224|106.09|108.21|94.87|94.87|-10.00|02.66|02.66|00.65|0
英维克|002837.SZ|20250224|28.46|30.84|28.28|29.77|06.21|10.02|10.02|01.53|0
博杰股份|002975.SZ|20250224|28.8|29.64|28.32|28.34|-01.63|02.88|02.88|-00.03|0
中国联通|600050.SH|20250224|6.59|6.64|6.32|6.44|-01.38|01.68|01.68|00.92|0
光电股份|600184.SH|20250224|12.99|13.55|12.67|12.86|00.31|05.69|05.69|01.33|0
苏美达|600710.SH|20250224|9.19|10.08|9.12|9.73|05.88|09.68|09.68|00.00|0
联德股份|605060.SH|20250224|23.93|25.55|22.67|23|-01.33|09.61|09.61|02.66|0
