川能动力|000155.SZ|20251030|12.52|12.68|12.25|12.36|01.31|03.93|03.93|02.62|0
海德股份|000567.SZ|20251030|7.63|7.67|7.29|7.32|-04.06|00.52|00.52|00.00|0
山子高科|000981.SZ|20251030|4.49|4.6|4.16|4.2|-02.33|06.98|06.98|04.42|0
华明装备|002270.SZ|20251030|27.1|28.08|26.33|26.51|-00.26|05.64|05.64|01.96|0
晶澳科技|002459.SZ|20251030|14.42|14.74|14.22|14.35|01.63|04.39|04.39|02.12|0
川恒股份|002895.SZ|20251030|33.31|34.52|31.76|32.39|01.60|08.28|08.28|04.49|0
国网英大|600517.SH|20251030|6.45|6.62|6.36|6.38|03.24|07.12|07.12|04.37|0
中孚实业|600595.SH|20251030|6.83|7.15|6.7|6.92|02.22|05.61|05.61|00.89|0
隆基绿能|601012.SH|20251030|21.01|22.14|21|21.51|03.46|06.49|06.49|01.06|0
中国西电|601179.SH|20251030|8.15|8.15|7.86|7.88|-03.08|00.25|00.25|00.25|0
弘元绿能|603185.SH|20251030|26.12|27.02|25.77|26.58|01.80|03.49|03.49|00.04|0
吉比特|603444.SH|20251030|505.42|511.66|460.15|468.23|-04.05|04.85|04.85|03.57|0
