海德股份|000567.SZ|20251223|7.11|7.31|6.79|6.89|00.58|06.72|06.72|03.80|0
北斗星通|002151.SZ|20251223|36.83|37.52|34.17|34.45|-05.44|02.99|02.99|01.10|0
高德红外|002414.SZ|20251223|14.78|15.78|14.57|15.19|04.98|09.05|09.05|02.14|0
兆威机电|003021.SZ|20251223|115.28|117.03|113.13|113.79|01.80|04.70|04.70|03.13|0
首开股份|600376.SH|20251223|5.63|5.63|5.22|5.24|-04.90|02.18|02.18|02.18|0
海南机场|600515.SH|20251223|5.62|5.76|5.32|5.39|02.67|09.71|09.71|07.05|0
中铝国际|601068.SH|20251223|5.53|5.7|5.45|5.62|01.63|03.07|03.07|00.00|0
海南橡胶|601118.SH|20251223|6.3|6.45|6.01|6.06|-00.33|06.09|06.09|03.62|0
白银有色|601212.SH|20251223|5.96|5.96|5.64|5.68|-00.35|04.56|04.56|04.56|0
环旭电子|601231.SH|20251223|28.62|29|27.05|27.42|-04.19|01.33|01.33|00.00|0
中国中免|601888.SH|20251223|91.85|94.8|88.09|88.12|-02.40|05.00|05.00|01.73|0
杭电股份|603618.SH|20251223|8.56|9.3|8.48|8.82|02.44|08.01|08.01|-00.58|0
立昂微|605358.SH|20251223|37.39|37.82|36.45|36.74|00.38|03.33|03.33|02.16|0
