许继电气|000400.SZ|20250722|23.54|25.08|22.88|24.34|03.75|06.91|06.91|00.34|0
四川双马|000935.SZ|20250722|20.8|22.37|20.8|22.1|08.44|09.76|09.76|02.06|0
中材科技|002080.SZ|20250722|28.73|29.72|27.45|28.31|00.11|05.09|05.09|01.59|0
浙富控股|002266.SZ|20250722|3.92|4.01|3.63|4.01|10.16|10.16|10.16|07.69|0
海普瑞|002399.SZ|20250722|13.61|14.12|13.41|13.52|-00.66|03.75|03.75|00.00|0
金发科技|600143.SH|20250722|12.68|12.68|11.91|12.14|02.36|06.91|06.91|06.91|0
首开股份|600376.SH|20250722|2.83|3.04|2.77|2.92|03.55|07.80|07.80|00.35|0
卧龙电驱|600580.SH|20250722|23.59|24.82|22.89|23.99|04.30|07.91|07.91|02.57|0
中国西电|601179.SH|20250722|7.23|7.58|6.9|7.39|07.10|09.86|09.86|04.78|0
金隅集团|601992.SH|20250722|1.72|1.75|1.63|1.74|04.19|04.79|04.79|02.99|0
