国城矿业|000688.SZ|20251114|24.92|26.49|24.45|25.14|03.41|08.97|08.97|02.51|0
中材科技|002080.SZ|20251114|35.18|35.79|33.87|33.97|-03.25|01.94|01.94|00.20|0
多氟多|002407.SZ|20251114|37.33|39.68|36.32|38.09|01.57|05.81|05.81|-00.45|0
雅化集团|002497.SZ|20251114|21.94|23.16|21.34|22.65|02.86|05.18|05.18|-00.36|0
恩捷股份|002812.SZ|20251114|61.72|64.2|60.48|60.9|-01.33|04.02|04.02|00.00|0
皖维高新|600063.SH|20251114|6.61|7.09|6.44|6.86|03.78|07.26|07.26|00.00|0
万通发展|600246.SH|20251114|12|12.8|12|12.39|03.51|06.93|06.93|00.25|0
三友化工|600409.SH|20251114|6.59|6.96|6.54|6.62|00.61|05.78|05.78|00.15|0
新安股份|600596.SH|20251114|12.19|12.87|12.13|12.2|-00.89|04.55|04.55|-00.97|0
盛屯矿业|600711.SH|20251114|12.06|12.77|12.06|12.38|02.23|05.45|05.45|-00.41|0
金徽股份|603132.SH|20251114|15.12|15.19|14.45|14.45|-02.96|02.01|02.01|01.54|0
