万泽股份|000534.SZ|20251215|23.89|26.26|23.6|24.72|01.69|08.02|08.02|-01.73|0
钧达股份|002865.SZ|20251215|43.54|44.36|40.5|40.77|01.09|09.99|09.99|07.96|0
保变电气|600550.SH|20251215|10.25|10.63|10.18|10.38|01.27|03.71|03.71|00.00|0
柏诚股份|601133.SH|20251215|15.52|15.64|14.55|14.61|-02.40|04.48|04.48|03.67|0
中国西电|601179.SH|20251215|9.49|9.86|9.47|9.57|05.75|08.95|08.95|04.86|0
嘉泽新能|601619.SH|20251215|4.76|4.78|4.56|4.58|-00.65|03.69|03.69|03.25|0
安孚科技|603031.SH|20251215|31.6|32.72|28.16|29.39|-03.16|07.81|07.81|04.12|0
昭衍新药|603127.SH|20251215|33.8|36.01|33.6|35.39|03.33|05.14|05.14|-01.31|0
航天工程|603698.SH|20251215|26.2|28.05|25.06|27.46|07.69|10.00|10.00|02.75|0
九丰能源|605090.SH|20251215|37.73|39.22|35.97|37.92|00.88|04.34|04.34|00.37|0
