深科技|000021.SZ|20260625|52.8|54.27|52|53.2|05.83|07.96|07.96|05.03|0
深桑达Ａ|000032.SZ|20260625|26.48|27.19|24.5|25.68|01.34|07.30|07.30|04.50|0
盈峰环境|000967.SZ|20260625|11.26|12.12|11.25|11.81|07.17|09.98|09.98|02.18|0
国机精工|002046.SZ|20260625|72.05|76.95|72.05|75.41|07.81|10.01|10.01|03.00|0
中工国际|002051.SZ|20260625|13.48|14|13.07|13.55|-00.59|02.71|02.71|-01.10|0
融捷股份|002192.SZ|20260625|96.11|98.04|91.51|91.9|-01.60|04.98|04.98|02.91|0
盛新锂能|002240.SZ|20260625|46.88|49.5|46.3|46.51|-01.79|04.52|04.52|-01.01|0
中恒电气|002364.SZ|20260625|56.95|58.3|55.18|56.1|01.67|05.65|05.65|03.21|0
雅化集团|002497.SZ|20260625|23.59|24.15|22.17|22.21|-05.89|02.33|02.33|-00.04|0
宝鼎科技|002552.SZ|20260625|74.34|78|70|72.72|-04.30|02.65|02.65|-02.17|0
领益智造|002600.SZ|20260625|18.15|18.28|17.51|17.88|01.25|03.51|03.51|02.77|0
万润股份|002643.SZ|20260625|20.09|20.43|18.84|19.08|-02.20|04.72|04.72|02.97|0
法拉电子|600563.SH|20260625|183|191.55|178.97|190.04|06.31|07.15|07.15|02.37|0
新安股份|600596.SH|20260625|17.3|17.84|16.9|17.15|-00.81|03.18|03.18|00.06|0
电科芯片|600877.SH|20260625|16.2|16.8|16|16.64|02.72|03.70|03.70|00.00|0
柏诚股份|601133.SH|20260625|33.95|35.13|33.1|34.8|07.51|08.53|08.53|04.88|0
永新光学|603297.SH|20260625|136.88|136.88|129.63|131.3|-01.20|03.00|03.00|03.00|0
永和股份|605020.SH|20260625|39.86|41.13|38.3|38.88|-00.77|04.98|04.98|01.74|0
