川能动力|000155.SZ|20260330|16.51|17.7|16.36|17.15|06.13|09.53|09.53|02.17|0
安道麦A|000553.SZ|20260330|6.46|6.63|6.35|6.47|-00.15|02.31|02.31|-00.31|0
江特电机|002176.SZ|20260330|10.8|11.09|10.47|10.71|04.08|07.77|07.77|04.96|0
融捷股份|002192.SZ|20260330|83.15|84.23|79.84|81.78|05.10|08.25|08.25|06.86|0
信立泰|002294.SZ|20260330|60.72|62.95|60.06|62.1|01.97|03.37|03.37|-00.30|0
云南锗业|002428.SZ|20260330|51.36|54.3|50.2|52.35|01.93|05.72|05.72|00.00|0
奥赛康|002755.SZ|20260330|15.29|15.66|15.25|15.45|01.31|02.69|02.69|00.26|0
翔鹭钨业|002842.SZ|20260330|33.03|33.85|31.95|33.69|02.03|02.51|02.51|00.03|0
诺德股份|600110.SH|20260330|9.01|9.38|8.77|9.1|05.08|08.31|08.31|04.04|0
国电南自|600268.SH|20260330|14.46|14.84|14.02|14.25|-03.32|00.68|00.68|-01.90|0
昭衍新药|603127.SH|20260330|30.38|32.29|30.31|32|06.14|07.10|07.10|00.76|0
金徽股份|603132.SH|20260330|16.56|16.85|16.14|16.78|01.51|01.94|01.94|00.18|0
泰晶科技|603738.SH|20260330|26.01|26.94|25.59|26.83|02.52|02.94|02.94|-00.61|0
