风华高科|000636.SZ|20260728|43.11|45.5|42.4|43.19|-02.37|02.85|02.85|-02.55|0
华润新能|001248.SZ|20260728|14.25|14.88|13.76|14.27|02.15|06.51|06.51|02.00|0
汇绿生态|001267.SZ|20260728|34|34.6|31.09|31.09|-08.83|01.47|01.47|-00.29|0
中恒电气|002364.SZ|20260728|40.25|40.44|36|36.01|-09.98|01.10|01.10|00.63|0
多氟多|002407.SZ|20260728|33.61|35.55|33.19|34.2|01.88|05.90|05.90|00.12|0
雅克科技|002409.SZ|20260728|163.7|175.3|159|166.43|-01.72|03.51|03.51|-03.34|0
仁东控股|002647.SZ|20260728|8.96|9.81|8.88|9.57|07.29|09.98|09.98|00.45|0
盈趣科技|002925.SZ|20260728|22.61|23.34|22.31|22.36|-02.06|02.23|02.23|-00.96|0
首开股份|600376.SH|20260728|3.58|3.73|3.56|3.62|-00.55|02.47|02.47|-01.65|0
海星股份|603115.SH|20260728|72.58|75|67|67.81|-08.23|01.50|01.50|-01.77|0
龙蟠科技|603906.SH|20260728|19.51|19.8|18.59|18.72|-01.27|04.43|04.43|02.90|0
