古井贡酒|000596.SZ|20260721|93.58|98.61|92.01|96|02.31|05.09|05.09|-00.27|0
杭钢股份|600126.SH|20260721|6.3|6.76|6.25|6.74|08.19|08.51|08.51|01.12|0
兖矿能源|600188.SH|20260721|21.1|21.45|19.98|20.94|00.72|03.17|03.17|01.49|0
华电辽能|600396.SH|20260721|12.98|13.99|11.8|13.56|05.77|09.13|09.13|01.25|0
京能电力|600578.SH|20260721|5.73|6.25|5.31|6.11|06.82|09.27|09.27|00.17|0
华能蒙电|600863.SH|20260721|5|5.34|4.8|5.16|02.79|06.37|06.37|-00.40|0
中国海油|600938.SH|20260721|31.8|31.98|30.76|30.93|-02.95|00.35|00.35|-00.22|0
晋控煤业|601001.SH|20260721|19.11|19.32|18.23|18.88|-02.07|00.21|00.21|-00.88|0
中煤能源|601898.SH|20260721|13.8|13.99|13.33|13.79|00.00|01.45|01.45|00.07|0
大唐发电|601991.SH|20260721|6.32|6.81|6|6.62|03.76|06.74|06.74|-00.94|0
