深科技|000021.SZ|20260710|59.88|61.86|57.9|57.91|02.97|09.99|09.99|06.47|0
冰轮环境|000811.SZ|20260710|57|57.76|53.3|53.47|-02.98|04.81|04.81|03.43|0
通富微电|002156.SZ|20260710|74|77.67|70.78|70.95|-01.69|07.62|07.62|02.54|0
光迅科技|002281.SZ|20260710|250.96|258.66|233.45|233.45|-02.11|08.46|08.46|05.23|0
中恒电气|002364.SZ|20260710|56.62|59.86|56|56.05|03.00|10.00|10.00|04.04|0
东山精密|002384.SZ|20260710|269.37|274.5|240|242.3|-07.28|05.04|05.04|03.08|0
兴森科技|002436.SZ|20260710|45.6|45.97|41.05|41.13|-07.47|03.42|03.42|02.59|0
麦格米特|002851.SZ|20260710|167.56|173.86|161.56|161.79|01.38|08.94|08.94|04.99|0
太极实业|600667.SH|20260710|26.82|27.95|25.24|25.26|-03.84|06.40|06.40|02.09|0
华安证券|600909.SH|20260710|10.2|10.39|9.42|9.43|-06.63|02.87|02.87|00.99|0
晶方科技|603005.SH|20260710|46.5|49.18|43.97|43.97|-02.70|08.83|08.83|02.90|0
金海通|603061.SH|20260710|500|509.01|448.75|448.75|-07.96|04.40|04.40|02.56|0
兆易创新|603986.SH|20260710|688|707.97|607.18|612|-07.76|06.70|06.70|03.69|0
立昂微|605358.SH|20260710|64.01|68.18|61.02|61.06|-04.25|06.92|06.92|00.38|0
