冰轮环境|000811.SZ|20260514|31.99|34.91|31.63|33.59|05.83|09.99|09.99|00.79|0
德明利|001309.SZ|20260514|699|739.48|689|721.65|06.16|08.78|08.78|02.82|0
怡 亚 通|002183.SZ|20260514|7.68|7.93|7.48|7.51|-01.44|04.07|04.07|00.79|0
中恒电气|002364.SZ|20260514|50.75|53.03|48.65|48.65|00.70|09.77|09.77|05.05|0
雅克科技|002409.SZ|20260514|106.69|109.67|104.2|106.59|03.54|06.53|06.53|03.63|0
科士达|002518.SZ|20260514|54.5|58.44|53.69|57.23|07.11|09.38|09.38|02.00|0
万润科技|002654.SZ|20260514|17.08|17.17|16.46|16.54|-02.48|01.24|01.24|00.71|0
翔鹭钨业|002842.SZ|20260514|40.32|41.25|37.93|38.02|-04.42|03.70|03.70|01.36|0
麦格米特|002851.SZ|20260514|144.77|144.77|132.97|133.12|-03.42|05.04|05.04|05.04|0
中化国际|600500.SH|20260514|5.86|6.1|5.77|5.88|03.16|07.02|07.02|02.81|0
四方股份|601126.SH|20260514|79.24|82.2|73.24|73.38|-09.12|01.81|01.81|-01.86|0
养元饮品|603156.SH|20260514|46.43|47.35|45.01|46.21|00.02|02.49|02.49|00.50|0
斯达半导|603290.SH|20260514|129.43|134.41|123.72|123.92|00.02|08.48|08.48|04.46|0
圣泉集团|605589.SH|20260514|43.04|43.53|41.1|41.6|-00.50|04.11|04.11|02.94|0
