云南铜业|000878.SZ|20260129|27.21|29.08|25.66|29.08|10.03|10.03|10.03|02.95|0
中材科技|002080.SZ|20260129|43.73|44.63|41.73|41.98|-01.66|04.54|04.54|02.44|0
天山铝业|002532.SZ|20260129|20.31|21.43|19|20.08|-01.08|05.57|05.57|00.05|0
翔鹭钨业|002842.SZ|20260129|29.61|30.68|26.66|27.75|-03.48|06.71|06.71|02.99|0
上海建工|600170.SH|20260129|3.14|3.22|3.03|3.05|-02.87|02.55|02.55|00.00|0
浙江龙盛|600352.SH|20260129|14.27|15.04|14.08|14.91|04.85|05.77|05.77|00.35|0
XD中金黄|600489.SH|20260129|39.27|40.73|37.14|40.26|08.72|09.99|09.99|06.05|0
豫园股份|600655.SH|20260129|5.99|6.15|5.75|5.91|01.55|05.67|05.67|02.92|0
远东股份|600869.SH|20260129|13.29|13.29|11.94|12.18|-03.87|04.89|04.89|04.89|0
中铝国际|601068.SH|20260129|6.89|7.11|6.32|6.5|-02.11|07.08|07.08|03.77|0
中国铝业|601600.SH|20260129|15.01|15.85|14.24|15.7|07.53|08.56|08.56|02.81|0
华峰铝业|601702.SH|20260129|26.41|27.62|24.48|27.42|06.73|07.51|07.51|02.80|0
星宇股份|601799.SH|20260129|131.9|141.87|131.15|140.12|07.93|09.27|09.27|01.59|0
和邦生物|603077.SH|20260129|2.81|2.92|2.67|2.67|-05.32|03.55|03.55|-00.35|0
再升科技|603601.SH|20260129|11.76|12.34|11|11.89|01.11|04.93|04.93|00.00|0
菜百股份|605599.SH|20260129|21.27|22.15|19.74|20|-02.96|07.47|07.47|03.20|0
