中信海直|000099.SZ|20260615|17.7|17.74|17.11|17.13|-01.61|01.90|01.90|01.67|0
铜陵有色|000630.SZ|20260615|7.3|7.71|7.27|7.66|07.89|08.59|08.59|02.82|0
北方铜业|000737.SZ|20260615|14.09|15.09|14.09|15.06|06.96|07.17|07.17|00.07|0
中色股份|000758.SZ|20260615|7.05|7.22|6.96|7.22|03.74|03.74|03.74|01.29|0
万丰奥威|002085.SZ|20260615|13.83|14|13.53|13.72|00.96|03.02|03.02|01.77|0
华明装备|002270.SZ|20260615|20.63|20.96|19.95|20.55|02.09|04.12|04.12|02.48|0
恩捷股份|002812.SZ|20260615|68.72|69.33|66.69|67.92|00.56|02.65|02.65|01.75|0
驰宏锌锗|600497.SH|20260615|9.74|10.16|9.57|10.12|09.05|09.48|09.48|04.96|0
豫光金铅|600531.SH|20260615|13.2|13.73|13.09|13.72|04.81|04.89|04.89|00.84|0
中航高科|600862.SH|20260615|18.7|19.25|18.55|19.12|01.32|02.01|02.01|-00.90|0
财达证券|600906.SH|20260615|7.15|7.69|7.15|7.33|04.86|10.01|10.01|02.29|0
株冶集团|600961.SH|20260615|25.97|26.88|25.82|26.58|04.60|05.79|05.79|02.20|0
桐昆股份|601233.SH|20260615|23.08|24.53|22.91|23.47|05.25|10.00|10.00|03.50|0
金田股份|601609.SH|20260615|12.22|12.89|12.22|12.61|00.48|02.71|02.71|-02.63|0
洛阳钼业|603993.SH|20260615|19.49|21|19.49|20.92|09.47|09.89|09.89|01.99|0
