京基智农|000048.SZ|20260713|24.9|26.38|22.56|22.96|-04.73|09.46|09.46|03.32|0
众生药业|002317.SZ|20260713|29.53|31.61|28.57|31.6|06.97|07.01|07.01|-00.03|0
和而泰|002402.SZ|20260713|25.85|26.49|24.73|24.91|-05.36|00.65|00.65|-01.79|0
普天科技|002544.SZ|20260713|19|19.01|16.98|16.98|-10.02|00.74|00.74|00.69|0
中国卫星|600118.SH|20260713|93.5|99|86|91.26|01.38|09.98|09.98|03.87|0
中远海特|600428.SH|20260713|8.89|9.61|8.89|9.54|09.28|10.08|10.08|01.83|0
金开新能|600821.SH|20260713|6.17|6.68|6.17|6.36|04.09|09.33|09.33|00.98|0
陕鼓动力|601369.SH|20260713|9.96|9.96|9.09|9.43|04.20|10.06|10.06|10.06|0
中国卫通|601698.SH|20260713|34|34.88|29.88|31.56|-04.01|06.08|06.08|03.41|0
中国科传|601858.SH|20260713|18.47|19.06|17.89|18.03|-03.48|02.03|02.03|-01.12|0
昭衍新药|603127.SH|20260713|44.12|46.85|42.75|43.01|-00.49|08.40|08.40|02.08|0
海兴电力|603556.SH|20260713|22.83|23.35|22.09|22.44|-02.01|01.97|01.97|-00.31|0
