深科技|000021.SZ|20260722|39.43|42.48|39.43|40.22|04.06|09.91|09.91|02.02|0
兴业银锡|000426.SZ|20260722|30.6|32.58|30.59|31.73|07.12|09.99|09.99|03.31|0
通富微电|002156.SZ|20260722|71.71|76.23|70.88|74.9|08.08|10.00|10.00|03.48|0
海亮股份|002203.SZ|20260722|18.55|19.77|18.34|18.38|00.27|07.86|07.86|01.20|0
星网锐捷|002396.SZ|20260722|30.16|34.77|30.1|34.59|09.43|10.00|10.00|-04.59|0
雅克科技|002409.SZ|20260722|146.42|157.91|146.4|149.86|04.40|10.00|10.00|02.00|0
有研新材|600206.SH|20260722|39.45|42.48|39|40.64|02.99|07.65|07.65|-00.03|0
士兰微|600460.SH|20260722|32.87|35.16|32.86|33.19|00.97|06.97|06.97|00.00|0
赤峰黄金|600988.SH|20260722|36.82|39.03|36.59|38.22|07.72|10.01|10.01|03.78|0
晶方科技|603005.SH|20260722|31.1|33.18|31.1|31.71|02.13|06.86|06.86|00.16|0
亚翔集成|603929.SH|20260722|169|177.98|166|168|-00.94|04.95|04.95|-00.35|0
兆易创新|603986.SH|20260722|479.94|501.26|460|470|-01.16|05.41|05.41|00.93|0
