神州数码|000034.SZ|20260626|27.45|28.21|26.41|26.62|-04.72|00.97|00.97|-01.75|0
京基智农|000048.SZ|20260626|22.78|22.94|21.11|21.73|-02.60|02.82|02.82|02.11|0
TCL科技|000100.SZ|20260626|5.36|5.67|5.29|5.4|01.12|06.18|06.18|00.37|0
德明利|001309.SZ|20260626|881.1|980|872.31|951|06.73|09.99|09.99|-01.11|0
科士达|002518.SZ|20260626|55.95|56.87|50.55|50.9|-06.49|04.48|04.48|02.79|0
巨人网络|002558.SZ|20260626|28.29|28.67|26.27|27.44|-01.05|03.39|03.39|02.02|0
万润科技|002654.SZ|20260626|21.3|21.94|20.16|20.22|-02.41|05.89|05.89|02.80|0
五矿发展|600058.SH|20260626|11.77|12.65|11.57|11.88|00.93|07.48|07.48|00.00|0
天通股份|600330.SH|20260626|36.52|37.37|32.34|32.75|-08.01|04.97|04.97|02.58|0
中化国际|600500.SH|20260626|8.72|9.5|8.65|8.92|03.24|09.95|09.95|00.93|0
中科曙光|603019.SH|20260626|98|102|96.65|98.76|00.96|04.27|04.27|00.18|0
禾望电气|603063.SH|20260626|55.99|56.27|50.97|52.03|-05.69|01.99|01.99|01.49|0
至纯科技|603690.SH|20260626|34|36.18|33.8|35.49|02.66|04.66|04.66|-01.65|0
仙鹤股份|603733.SH|20260626|26.95|27.6|26|26.76|-01.65|01.43|01.43|-00.96|0
洪田股份|603800.SH|20260626|86.15|92.23|83.4|88.46|04.13|08.57|08.57|01.41|0
