汇绿生态|001267.SZ|20260303|36.87|36.88|34.33|34.92|04.18|10.02|10.02|09.99|0
湖南黄金|002155.SZ|20260303|40.2|43.1|39.69|40.15|-01.91|05.30|05.30|-01.78|0
雷科防务|002413.SZ|20260303|17.5|17.5|16.11|16.13|-01.41|06.97|06.97|06.97|0
飞龙股份|002536.SZ|20260303|34.76|35.44|33.49|33.97|-01.31|02.96|02.96|00.99|0
东方铁塔|002545.SZ|20260303|29.68|30.31|28.45|28.94|-01.53|03.13|03.13|00.99|0
桂冠电力|600236.SH|20260303|9.77|10.22|9.52|9.62|00.73|07.02|07.02|02.30|0
海油工程|600583.SH|20260303|8.08|8.41|8|8.41|09.93|09.93|09.93|05.62|0
中国海油|600938.SH|20260303|41.08|42.68|40.31|42.68|10.03|10.03|10.03|05.90|0
中国石油|601857.SH|20260303|11.97|12.79|11.96|12.79|10.07|10.07|10.07|03.01|0
海星股份|603115.SH|20260303|30.8|31.54|28.51|28.94|-05.92|02.54|02.54|00.13|0
新天然气|603393.SH|20260303|39.18|41.23|39.18|41|09.39|10.01|10.01|04.54|0
