中金岭南|000060.SZ|20260507|7.65|8.11|7.53|8.02|08.82|10.04|10.04|03.80|0
盈新发展|000620.SZ|20260507|3.03|3.24|2.97|3.11|00.97|05.19|05.19|-01.62|0
美利云|000815.SZ|20260507|21.4|23|21.1|22.13|05.78|09.94|09.94|02.29|0
广合科技|001389.SZ|20260507|182.52|183.34|174.58|179.68|00.41|02.46|02.46|02.00|0
协鑫能科|002015.SZ|20260507|20.28|20.8|19.99|20.48|05.40|07.05|07.05|04.37|0
中恒电气|002364.SZ|20260507|45|46.66|44.39|46.22|03.19|04.18|04.18|00.47|0
通宇通讯|002792.SZ|20260507|48.76|51.72|47.66|51.42|07.13|07.75|07.75|01.58|0
浙江东日|600113.SH|20260507|52.1|53.56|48.32|49.38|00.47|08.97|08.97|06.00|0
华锡有色|600301.SH|20260507|57.67|59.88|57.27|59.4|07.63|08.50|08.50|04.49|0
大位科技|600589.SH|20260507|11.08|11.4|10.93|11.37|02.62|02.89|02.89|00.00|0
节能风电|601016.SH|20260507|4.82|5.08|4.75|4.99|06.40|08.32|08.32|02.77|0
禾望电气|603063.SH|20260507|49.47|50.88|48.71|50.64|05.13|05.63|05.63|02.70|0
养元饮品|603156.SH|20260507|41.78|42.56|39.69|40.5|00.42|05.53|05.53|03.60|0
