许继电气|000400.SZ|20260120|32.34|34.63|31.75|32.89|01.51|06.88|06.88|-00.19|0
航发控制|000738.SZ|20260120|24|25.48|23.8|24.52|04.16|08.24|08.24|01.95|0
巨人网络|002558.SZ|20260120|51.8|53.35|50.4|51.14|02.40|06.83|06.83|03.72|0
平高电气|600312.SH|20260120|22.94|24.09|22.5|23.51|03.30|05.84|05.84|00.79|0
中航机载|600372.SH|20260120|15.96|16.26|15.42|15.7|-00.70|02.85|02.85|00.95|0
昊华科技|600378.SH|20260120|38.18|38.88|37.21|37.85|-00.86|01.83|01.83|00.00|0
航发动力|600893.SH|20260120|45.98|48.5|45.08|45.43|01.79|08.67|08.67|03.02|0
四方股份|601126.SH|20260120|39.79|40.6|37.5|39.83|01.71|03.68|03.68|01.61|0
华正新材|603186.SH|20260120|65.09|67.72|63.9|65.87|03.23|06.13|06.13|02.01|0
博迁新材|605376.SH|20260120|73.71|76.23|71.59|73.99|06.77|10.00|10.00|06.36|0
