绿发电力|000537.SZ|20260811|8.48|9.06|8.22|8.77|05.41|08.89|08.89|01.92|0
宇顺电子|002289.SZ|20260811|37.62|38.5|36.28|37.07|-01.15|02.67|02.67|00.32|0
海普瑞|002399.SZ|20260811|10.96|11.2|10.72|10.78|-01.64|02.19|02.19|00.00|0
金达威|002626.SZ|20260811|16.46|17.04|16.01|16.01|-02.73|03.52|03.52|00.00|0
仁东控股|002647.SZ|20260811|11|11.1|10.41|10.75|02.48|05.82|05.82|04.86|0
儒意电影|002739.SZ|20260811|10.3|10.75|10.12|10.12|01.91|08.26|08.26|03.73|0
莲花控股|600186.SH|20260811|10.87|11.15|10.47|10.61|-02.48|02.48|02.48|-00.09|0
洪都航空|600316.SH|20260811|27.8|28.97|27.52|28.29|-00.84|01.54|01.54|-02.56|0
鹏欣资源|600490.SH|20260811|7.9|8.07|7.37|7.39|-06.46|02.15|02.15|00.00|0
华钰矿业|601020.SH|20260811|23.78|24.02|22.63|22.66|-02.62|03.22|03.22|02.19|0
长城军工|601606.SH|20260811|37.37|37.63|35.2|35.62|-01.55|04.01|04.01|03.29|0
江河集团|601886.SH|20260811|9.11|9.83|8.97|9.53|04.73|08.02|08.02|00.11|0
