光迅科技|002281.SZ|20260805|162.24|175.3|159.84|171.55|-00.45|01.73|01.73|-05.85|0
东山精密|002384.SZ|20260805|162|193.88|162|188.83|05.44|08.26|08.26|-09.54|0
沪电股份|002463.SZ|20260805|109.65|119|109.5|115.6|03.43|06.47|06.47|-01.90|0
深南电路|002916.SZ|20260805|330.78|356.47|328|349.18|05.00|07.20|07.20|-00.53|0
鹏鼎控股|002938.SZ|20260805|88.11|94.2|86.15|91.13|02.39|05.84|05.84|-01.00|0
中瓷电子|003031.SZ|20260805|98.67|109.83|97.78|108.63|08.31|09.50|09.50|-01.63|0
永鼎股份|600105.SH|20260805|33.01|37.2|32.72|36.55|06.59|08.49|08.49|-03.73|0
生益科技|600183.SH|20260805|110|123.45|110|122.79|09.41|10.00|10.00|-01.99|0
天通股份|600330.SH|20260805|17.7|19.93|17.68|19.68|08.61|09.99|09.99|-02.32|0
昊华科技|600378.SH|20260805|41.7|44.66|41.4|44.07|06.27|07.69|07.69|00.55|0
四方股份|601126.SH|20260805|41.71|45.27|41.03|44.58|05.82|07.45|07.45|-01.00|0
药明康德|603259.SH|20260805|143.96|150|141.47|147.5|04.35|06.12|06.12|01.85|0
三孚股份|603938.SH|20260805|37.39|40.28|36.67|39.8|06.45|07.73|07.73|00.00|0
圣泉集团|605589.SH|20260805|35.77|39.08|35.7|38.91|07.46|07.93|07.93|-01.22|0
