华数传媒|000156.SZ|20260211|9.9|10.01|9.26|9.38|-04.58|01.83|01.83|00.71|0
万向钱潮|000559.SZ|20260211|19.03|20.65|18.59|19.99|03.47|06.88|06.88|-01.50|0
视觉中国|000681.SZ|20260211|31.03|31.41|28.91|29.27|-04.00|03.02|03.02|01.77|0
美利云|000815.SZ|20260211|15|15.59|14.99|15.03|-03.22|00.39|00.39|-03.41|0
金禾实业|002597.SZ|20260211|25.75|27.46|25.46|27.3|05.08|05.70|05.70|-00.89|0
共达电声|002655.SZ|20260211|13.78|14.22|13.69|13.99|-00.57|01.07|01.07|-02.06|0
嘉美包装|002969.SZ|20260211|29.6|31.5|27.8|31.3|02.89|03.55|03.55|-02.70|0
中国动力|600482.SH|20260211|29.78|32.56|29.7|30.66|03.48|09.89|09.89|00.51|0
中国电影|600977.SH|20260211|20.69|20.71|18.63|18.72|-09.52|00.10|00.10|00.00|0
海星股份|603115.SH|20260211|24.71|26.07|24.29|25.28|-00.12|03.00|03.00|-02.37|0
振德医疗|603301.SH|20260211|88.4|94.01|87.7|93.65|05.87|06.27|06.27|-00.07|0
联德股份|605060.SH|20260211|57.91|60.72|54.39|57.61|-00.05|05.34|05.34|00.47|0
