京基智农|000048.SZ|20260319|21.92|22|20.76|21.4|00.47|03.29|03.29|02.91|0
诚志股份|000990.SZ|20260319|11.22|11.28|9.81|9.9|-08.25|04.54|04.54|03.99|0
中电港|001287.SZ|20260319|24.65|24.94|24.28|24.55|-00.37|01.22|01.22|00.04|0
广合科技|001389.SZ|20260319|119|120.08|114.8|115.73|-03.30|00.33|00.33|-00.57|0
云赛智联|600602.SH|20260319|22.31|23.3|22.31|22.69|00.35|03.05|03.05|-01.33|0
海星股份|603115.SH|20260319|32.2|33.11|31.38|32.7|-00.88|00.36|00.36|-02.39|0
中贝通信|603220.SH|20260319|27.5|28.38|27.36|27.39|-00.62|02.98|02.98|-00.22|0
再升科技|603601.SH|20260319|11.77|12.29|11.38|12|01.95|04.42|04.42|00.00|0
杭电股份|603618.SH|20260319|19.51|20.81|19.35|19.76|-01.64|03.58|03.58|-02.89|0
数据港|603881.SH|20260319|38.25|40.56|38|39.58|02.17|04.70|04.70|-01.26|0
