盐湖股份|000792.SZ|20260106|32|32.75|31.51|32.37|04.49|05.71|05.71|03.29|0
泰和新材|002254.SZ|20260106|11.02|11.4|10.9|11.21|01.72|03.45|03.45|00.00|0
众生药业|002317.SZ|20260106|21.06|21.33|20.78|20.98|00.48|02.16|02.16|00.86|0
高德红外|002414.SZ|20260106|16.5|16.9|16.16|16.31|01.05|04.71|04.71|02.23|0
湖南白银|002716.SZ|20260106|7.91|8.19|7.7|8.06|05.91|07.62|07.62|03.94|0
康弘药业|002773.SZ|20260106|33.49|34.04|33.12|33.75|02.37|03.25|03.25|01.58|0
航天机电|600151.SH|20260106|19.09|20.46|18.31|19.71|02.07|05.96|05.96|-01.14|0
东方通信|600776.SH|20260106|18.11|19.6|17.67|18.6|02.48|07.99|07.99|-00.22|0
柏诚股份|601133.SH|20260106|17.3|17.67|16.9|17.34|02.36|04.31|04.31|02.13|0
振华股份|603067.SH|20260106|34.22|34.86|33.55|34.5|08.87|10.00|10.00|07.98|0
昭衍新药|603127.SH|20260106|39.8|39.96|37.8|38.45|-00.16|03.77|03.77|03.35|0
龙旗科技|603341.SH|20260106|47.52|48.45|46.36|47.66|02.52|04.22|04.22|02.22|0
兆易创新|603986.SH|20260106|238|253.33|234|250.78|06.41|07.49|07.49|00.98|0
