中金岭南|000060.SZ|20260623|8.87|8.91|7.93|7.93|-09.99|01.14|01.14|00.68|0
焦作万方|000612.SZ|20260623|12.47|12.55|11.51|11.54|-04.86|03.46|03.46|02.80|0
广发证券|000776.SZ|20260623|23.5|24.12|23.15|23.32|02.73|06.26|06.26|03.52|0
东方钽业|000962.SZ|20260623|75.04|76.12|71.6|72.8|05.20|10.00|10.00|08.44|0
越秀资本|000987.SZ|20260623|8.27|8.62|8.24|8.37|01.70|04.74|04.74|00.49|0
川发龙蟒|002312.SZ|20260623|9.82|9.95|9.56|9.59|03.56|07.45|07.45|06.05|0
多氟多|002407.SZ|20260623|43|44.95|41.58|41.8|-02.02|05.37|05.37|00.80|0
雅克科技|002409.SZ|20260623|160.03|167.8|155.2|157.32|-04.76|01.59|01.59|-03.12|0
闰土股份|002440.SZ|20260623|11.2|11.52|10.87|11|00.09|04.82|04.82|01.91|0
云图控股|002539.SZ|20260623|12.91|13.34|12.18|12.23|-02.94|05.87|05.87|02.46|0
浙江龙盛|600352.SH|20260623|12.63|13.2|12.01|12.04|-00.17|09.45|09.45|04.73|0
驰宏锌锗|600497.SH|20260623|11.88|12.18|10.81|11|-02.74|07.69|07.69|05.04|0
豫光金铅|600531.SH|20260623|15.5|15.8|14.3|14.44|-02.50|06.68|06.68|04.66|0
三安光电|600703.SH|20260623|19.5|20.52|19.03|19.83|02.80|06.38|06.38|01.09|0
中信建投|601066.SH|20260623|28.6|29.91|28.4|28.81|05.18|09.20|09.20|04.42|0
财通证券|601108.SH|20260623|8.23|8.65|8.18|8.49|02.66|04.59|04.59|-00.48|0
中国西电|601179.SH|20260623|16.5|17|15.95|16.19|-03.57|01.25|01.25|-01.73|0
桐昆股份|601233.SH|20260623|23.52|24.17|22.88|22.97|-00.52|04.68|04.68|01.86|0
大智慧|601519.SH|20260623|9.4|9.96|9.27|9.55|01.38|05.73|05.73|-00.21|0
招商轮船|601872.SH|20260623|19.43|20.5|18.9|19.92|05.68|08.75|08.75|03.08|0
剑桥科技|603083.SH|20260623|240|249.58|227.37|238.37|01.01|05.76|05.76|01.70|0
高能环境|603588.SH|20260623|18.95|19.37|17.93|18.24|03.58|09.99|09.99|07.61|0
利通电子|603629.SH|20260623|195.01|210.37|185|201.93|03.96|08.30|08.30|00.40|0
龙蟠科技|603906.SH|20260623|27.06|28.25|26.9|27.46|04.89|07.91|07.91|03.36|0
