中山公用|000685.SZ|20260519|11.94|13.04|11.93|12.9|05.91|07.06|07.06|-01.97|0
东方钽业|000962.SZ|20260519|57.59|58.48|54.11|55.5|-01.53|03.76|03.76|02.18|0
天娱数科|002354.SZ|20260519|7.01|7.49|6.9|7.13|00.71|05.79|05.79|-00.99|0
浙江新能|600032.SH|20260519|11.03|11.59|10.88|11.41|01.78|03.39|03.39|-01.61|0
生益科技|600183.SH|20260519|97.85|101.87|94.02|100.78|01.85|02.95|02.95|-01.11|0
中油工程|600339.SH|20260519|4.21|4.33|4.14|4.21|00.00|02.85|02.85|00.00|0
金证股份|600446.SH|20260519|14.23|14.64|14.15|14.41|02.05|03.68|03.68|00.78|0
中化国际|600500.SH|20260519|6.3|6.45|5.95|6.13|-01.61|03.53|03.53|01.12|0
养元饮品|603156.SH|20260519|52.02|52.38|46.31|48.36|-06.02|01.79|01.79|01.09|0
华达科技|603358.SH|20260519|38.7|39.1|36.31|37.58|-00.69|03.33|03.33|02.27|0
再升科技|603601.SH|20260519|19.1|19.99|17.56|17.99|-03.07|07.70|07.70|02.91|0
江苏新能|603693.SH|20260519|16.59|18|16.11|17.38|05.78|09.56|09.56|00.97|0
能科科技|603859.SH|20260519|45.89|47.47|44.71|45.22|-00.04|04.93|04.93|01.44|0
艾华集团|603989.SH|20260519|22.41|24.11|21.92|24.11|10.04|10.04|10.04|02.28|0
