电投绿能|000875.SZ|20260526|6.87|7.07|6.8|7|02.34|03.36|03.36|00.44|0
长源电力|000966.SZ|20260526|5.2|5.3|5.05|5.13|-01.54|01.73|01.73|-00.19|0
华工科技|000988.SZ|20260526|171.66|175.51|165.68|170.04|-00.94|02.24|02.24|00.00|0
华宏科技|002645.SZ|20260526|27.51|27.84|26.04|27.08|01.92|04.78|04.78|03.54|0
木林森|002745.SZ|20260526|11.05|11.06|10.27|10.46|-03.33|02.22|02.22|02.13|0
麦格米特|002851.SZ|20260526|133.97|139.36|132.62|137.96|04.25|05.31|05.31|01.24|0
恒铭达|002947.SZ|20260526|99.44|105|98.05|101.81|03.53|06.77|06.77|01.12|0
首开股份|600376.SH|20260526|4.98|5.25|4.96|5.02|05.24|10.06|10.06|04.40|0
盘江股份|600395.SH|20260526|5.56|5.65|5.3|5.32|-05.00|00.89|00.89|-00.71|0
华电辽能|600396.SH|20260526|16.02|17.6|15.51|16.88|05.37|09.86|09.86|00.00|0
华能蒙电|600863.SH|20260526|5.66|6.02|5.45|5.83|02.82|06.17|06.17|-00.18|0
快克智能|603203.SH|20260526|53.83|55.29|49.6|52.58|03.50|08.84|08.84|05.96|0
得邦照明|603303.SH|20260526|24.15|26.9|23.76|25.52|03.91|09.53|09.53|-01.67|0
岱美股份|603730.SH|20260526|13.18|13.8|12.66|13.59|05.10|06.73|06.73|01.93|0
嘉友国际|603871.SH|20260526|12.06|12.38|11.79|11.88|-00.17|04.03|04.03|01.34|0
