紫光股份|000938.SZ|20260701|30.34|31.29|29.45|29.93|03.71|08.42|08.42|05.13|0
中科三环|000970.SZ|20260701|15.31|15.94|15.31|15.49|01.97|04.94|04.94|00.79|0
东方新能|002310.SZ|20260701|2.49|2.51|2.34|2.38|-00.42|05.02|05.02|04.18|0
和而泰|002402.SZ|20260701|26.62|27.77|26.51|26.86|03.99|07.51|07.51|03.06|0
双环传动|002472.SZ|20260701|42.21|43.68|42.05|42.7|02.87|05.23|05.23|01.69|0
万润科技|002654.SZ|20260701|22.1|22.48|20.05|20.48|-08.00|00.99|00.99|-00.72|0
意华股份|002897.SZ|20260701|87.98|90.5|82.2|82.68|-06.02|02.86|02.86|00.00|0
海天精工|601882.SH|20260701|20.5|20.88|20.1|20.13|-00.49|03.21|03.21|01.33|0
振华股份|603067.SH|20260701|49.03|50.92|47.77|49.5|06.93|10.00|10.00|05.92|0
共进股份|603118.SH|20260701|12.11|12.42|12.01|12.05|-00.50|02.56|02.56|00.00|0
移远通信|603236.SH|20260701|52|54.7|51.5|53.08|03.73|06.90|06.90|01.62|0
斯达半导|603290.SH|20260701|155|159.69|149.61|151.89|-00.69|04.41|04.41|01.35|0
柯力传感|603662.SH|20260701|72.5|75.38|71.95|74.63|04.86|05.92|05.92|01.87|0
鸣志电器|603728.SH|20260701|60.88|63.8|60.6|63.14|03.64|04.73|04.73|-00.07|0
