深圳华强|000062.SZ|20260423|33.01|33.01|30.81|31.13|-04.36|01.41|01.41|01.41|0
冰轮环境|000811.SZ|20260423|22.78|22.92|21.63|22.38|00.09|02.50|02.50|01.88|0
九安医疗|002432.SZ|20260423|86.77|92.93|83.88|84.32|-02.20|07.78|07.78|00.64|0
金富科技|003018.SZ|20260423|45.75|47.77|43.27|45.56|04.93|10.02|10.02|05.37|0
杭钢股份|600126.SH|20260423|10.03|10.61|9.97|10.43|01.66|03.41|03.41|-02.24|0
金证股份|600446.SH|20260423|13.43|13.83|13.43|13.59|02.10|03.91|03.91|00.90|0
亨通光电|600487.SH|20260423|66.61|70.13|65.87|69.35|05.68|06.87|06.87|01.51|0
先导基电|600641.SH|20260423|26.9|28.86|26.77|27|-00.22|06.65|06.65|-00.59|0
中信金属|601061.SH|20260423|14.64|14.71|13.59|13.86|-02.05|03.96|03.96|03.46|0
东方电缆|603606.SH|20260423|55.42|55.77|53.14|54.39|-01.91|00.58|00.58|-00.05|0
龙蟠科技|603906.SH|20260423|28.62|31.4|27.95|30.45|06.39|09.71|09.71|00.00|0
