航天发展|000547.SZ|20260226|30.04|31.55|29.13|30.74|01.32|03.99|03.99|-00.99|0
威孚高科|000581.SZ|20260226|23.78|25.54|23.6|24.89|05.73|08.50|08.50|01.02|0
中钨高新|000657.SZ|20260226|61.18|64.71|59.84|60.2|02.33|09.99|09.99|03.99|0
长春高新|000661.SZ|20260226|102|106|98.23|98.5|01.27|08.99|08.99|04.87|0
东方钽业|000962.SZ|20260226|53.11|55.9|52.34|55|07.17|08.92|08.92|03.49|0
江特电机|002176.SZ|20260226|11.3|11.3|10.61|10.68|01.91|07.82|07.82|07.82|0
高乐股份|002348.SZ|20260226|7.57|7.82|7.43|7.69|01.59|03.30|03.30|00.00|0
包钢股份|600010.SH|20260226|3|3|2.89|2.98|01.71|02.39|02.39|02.39|0
有研新材|600206.SH|20260226|25.53|26.28|25.05|25.29|01.32|05.29|05.29|02.28|0
华锡有色|600301.SH|20260226|59.05|62.5|58.41|58.87|03.57|09.96|09.96|03.89|0
中铝国际|601068.SH|20260226|6.42|6.5|6.29|6.31|-00.79|02.20|02.20|00.94|0
东材科技|601208.SH|20260226|33|34.66|31.35|33.93|06.90|09.20|09.20|03.97|0
坤彩科技|603826.SH|20260226|21.1|21.5|20.15|20.58|00.05|04.52|04.52|02.58|0
