航天科技|000901.SZ|20260430|23.09|24.25|22.87|23.99|03.36|04.48|04.48|-00.52|0
大中矿业|001203.SZ|20260430|51.66|54.29|50.74|51.96|01.96|06.53|06.53|01.37|0
游族网络|002174.SZ|20260430|10.17|10.35|10.11|10.24|00.59|01.67|01.67|-00.10|0
天娱数科|002354.SZ|20260430|6.16|6.43|6.06|6.2|04.20|08.07|08.07|03.53|0
章源钨业|002378.SZ|20260430|32.7|34.62|32.25|33.75|02.83|05.48|05.48|-00.37|0
百润股份|002568.SZ|20260430|18.68|19.12|18.32|18.75|04.40|06.46|06.46|04.01|0
天赐材料|002709.SZ|20260430|59.59|61|58.53|60.51|02.01|02.83|02.83|00.46|0
比音勒芬|002832.SZ|20260430|19.39|19.95|19.31|19.56|02.89|04.94|04.94|02.00|0
北方稀土|600111.SH|20260430|51.74|53.2|51.22|52.89|04.09|04.70|04.70|01.83|0
红星发展|600367.SH|20260430|23.4|23.86|23.05|23.47|01.08|02.76|02.76|00.78|0
江钨装备|600397.SH|20260430|14.7|14.73|14.31|14.35|-01.17|01.45|01.45|01.24|0
绿地控股|600606.SH|20260430|1.47|1.62|1.44|1.57|06.80|10.20|10.20|00.00|0
安井食品|603345.SH|20260430|108.9|110.05|105.16|107.51|-00.40|01.95|01.95|00.89|0
