航天发展|000547.SZ|20260511|28.59|29.97|27.47|28.81|04.42|08.63|08.63|03.62|0
北部湾港|000582.SZ|20260511|13.7|13.7|12.68|12.75|-06.73|00.22|00.22|00.22|0
江苏国泰|002091.SZ|20260511|9.79|9.8|9.47|9.52|-02.76|00.10|00.10|00.00|0
福晶科技|002222.SZ|20260511|114|114|104.32|108.69|00.42|05.32|05.32|05.32|0
雷赛智能|002979.SZ|20260511|49.87|54.24|48.98|53.69|08.88|10.00|10.00|01.14|0
航天动力|600343.SH|20260511|39.86|39.9|37.85|38.19|-00.75|03.69|03.69|03.59|0
航发科技|600391.SH|20260511|44|44.5|43|44.04|03.45|04.53|04.53|03.36|0
凌云股份|600480.SH|20260511|11.97|11.97|11.25|11.37|-02.07|03.10|03.10|03.10|0
烽火通信|600498.SH|20260511|60|60|55.6|58.61|02.82|05.26|05.26|05.26|0
中国软件|600536.SH|20260511|43.45|43.7|41.88|42.28|-02.69|00.58|00.58|00.00|0
大位科技|600589.SH|20260511|13.09|13.48|12.38|13.02|04.08|07.75|07.75|04.64|0
鲁信创投|600783.SH|20260511|25.79|26.3|23.95|24.33|-02.05|05.88|05.88|03.82|0
五洲新春|603667.SH|20260511|78.2|80.5|76|79.18|01.29|02.98|02.98|00.04|0
立昂微|605358.SH|20260511|51.48|51.52|48.58|50.14|00.32|03.08|03.08|03.00|0
