新 希 望|000876.SZ|20260702|6.96|7.1|6.73|6.86|-00.58|02.90|02.90|00.87|0
永太科技|002326.SZ|20260702|26.99|28.62|26.63|28|07.61|09.99|09.99|03.73|0
闰土股份|002440.SZ|20260702|11.4|11.41|10.91|11.01|-02.39|01.15|01.15|01.06|0
申通快递|002468.SZ|20260702|16.56|16.9|16.26|16.61|03.68|05.49|05.49|03.37|0
国盛证券|002670.SZ|20260702|12.32|13.17|12.3|12.44|02.81|08.84|08.84|01.82|0
博实股份|002698.SZ|20260702|13.69|14.1|13.48|13.48|01.51|06.17|06.17|03.09|0
衢州发展|600208.SH|20260702|3.16|3.25|2.97|2.98|-04.18|04.50|04.50|01.61|0
东阳光|600673.SH|20260702|36|38.45|34.68|36.46|-01.30|04.09|04.09|-02.54|0
宝信软件|600845.SH|20260702|18.99|19.2|18.11|18.11|-00.98|04.98|04.98|03.83|0
天风证券|601162.SH|20260702|3.76|3.82|3.67|3.69|-00.54|02.96|02.96|01.35|0
永辉超市|601933.SH|20260702|3.11|3.24|3.08|3.15|00.96|03.85|03.85|-00.32|0
大唐发电|601991.SH|20260702|8|8.2|7.3|7.33|-05.91|05.26|05.26|02.70|0
新坐标|603040.SH|20260702|72|72.56|68.15|68.27|-01.60|04.58|04.58|03.78|0
