中国长城|000066.SZ|20260113|16.99|17.15|16.09|16.14|-02.89|03.19|03.19|02.23|0
山子高科|000981.SZ|20260113|5.3|5.48|5|5.15|00.39|06.82|06.82|03.31|0
豫能控股|001896.SZ|20260113|6.24|6.61|5.96|6.38|06.16|09.98|09.98|03.83|0
楚江新材|002171.SZ|20260113|15.8|15.8|14.04|14.24|-08.37|01.67|01.67|01.67|0
粤 传 媒|002181.SZ|20260113|11.27|11.61|10.26|10.44|-05.26|05.35|05.35|02.27|0
用友网络|600588.SH|20260113|16.68|17.62|16.52|17.28|07.87|09.99|09.99|04.12|0
浙数文化|600633.SH|20260113|16.6|16.6|15.86|15.92|05.50|10.01|10.01|10.01|0
飞乐音响|600651.SH|20260113|8.55|8.95|8.2|8.57|02.02|06.55|06.55|01.79|0
三六零|601360.SH|20260113|13.65|13.85|12.82|13.03|-01.44|04.77|04.77|03.25|0
中国科传|601858.SH|20260113|23.21|23.21|21.57|21.75|03.08|10.00|10.00|10.00|0
南方传媒|601900.SH|20260113|15.81|15.81|14.59|14.6|01.60|10.02|10.02|10.02|0
