深深房Ａ|000029.SZ|20260130|22|22.77|21.32|22.08|00.50|03.64|03.64|00.14|0
酒鬼酒|000799.SZ|20260130|58.25|59.68|56.82|56.82|-00.05|04.98|04.98|02.46|0
航天科技|000901.SZ|20260130|27.99|29.35|27.39|28.22|00.46|04.49|04.49|-00.36|0
粤 传 媒|002181.SZ|20260130|11.97|12.78|11.5|12.27|03.90|08.21|08.21|01.35|0
中油工程|600339.SH|20260130|4.35|4.67|4.14|4.18|-02.79|08.60|08.60|01.16|0
科达制造|600499.SH|20260130|16.44|17.89|16.3|17.69|08.79|10.02|10.02|01.11|0
XD水井坊|600779.SH|20260130|43|43.25|41.68|41.68|-00.74|03.00|03.00|02.41|0
海南橡胶|601118.SH|20260130|7.73|8.24|7.25|7.34|-06.38|05.10|05.10|-01.40|0
新城控股|601155.SH|20260130|17.96|18.35|17.15|17.68|-00.95|02.80|02.80|00.62|0
共创草坪|605099.SH|20260130|41.38|44.68|41.23|42.98|-00.16|03.79|03.79|-03.88|0
