万泽股份|000534.SZ|20260622|32.42|33.08|30.72|31.54|-02.53|02.22|02.22|00.19|0
国安股份|000839.SZ|20260622|2.8|3.05|2.75|2.94|03.16|07.02|07.02|-01.75|0
汉钟精机|002158.SZ|20260622|35.51|36.38|33.68|34.34|-00.03|05.91|05.91|03.38|0
中稀有色|600259.SH|20260622|116.6|119.5|113|118.66|02.05|02.77|02.77|00.28|0
江西铜业|600362.SH|20260622|52.12|54.38|49.75|54.08|02.91|03.48|03.48|-00.82|0
盛和资源|600392.SH|20260622|32.35|34.15|31.78|34.03|08.90|09.28|09.28|03.52|0
太极实业|600667.SH|20260622|21.89|22.9|21.38|22.52|07.85|09.67|09.67|04.84|0
上海机电|600835.SH|20260622|22.86|23.23|21.83|22.29|00.27|04.50|04.50|02.83|0
昭衍新药|603127.SH|20260622|34.92|36.74|34.03|36.56|02.84|03.35|03.35|-01.77|0
领先股份|603991.SH|20260622|135|140|133.01|137.06|05.68|07.95|07.95|04.09|0
