中兴通讯|000063.SZ|20260529|38.04|38.31|36|36.28|-04.12|01.24|01.24|00.53|0
甘肃能源|000791.SZ|20260529|9.67|10.16|9.45|9.84|01.65|04.96|04.96|-00.10|0
高乐股份|002348.SZ|20260529|15|16.09|14.93|15.37|05.06|09.98|09.98|02.53|0
云南锗业|002428.SZ|20260529|95.09|96.99|89.04|91.17|01.48|07.96|07.96|05.84|0
江海股份|002484.SZ|20260529|81.48|81.48|76.05|77.85|05.10|10.00|10.00|10.00|0
金安国纪|002636.SZ|20260529|55|56.8|53.02|53.51|00.02|06.17|06.17|02.80|0
洁美科技|002859.SZ|20260529|71.55|75.66|68.61|69.2|-00.89|08.36|08.36|02.48|0
博杰股份|002975.SZ|20260529|140.99|147.71|139.5|144.3|07.46|10.00|10.00|05.00|0
皖维高新|600063.SH|20260529|7.65|7.65|6.92|7|00.72|10.07|10.07|10.07|0
贵研铂业|600459.SH|20260529|22.86|23.38|21.24|21.29|-04.49|04.89|04.89|02.56|0
昊华能源|601101.SH|20260529|11.56|12.29|11.33|11.82|02.25|06.31|06.31|00.00|0
安孚科技|603031.SH|20260529|59.4|62.5|58.99|60.1|03.55|07.68|07.68|02.34|0
鸿远电子|603267.SH|20260529|73.02|74.56|68.87|69.26|-01.14|06.42|06.42|04.22|0
