特发信息|000070.SZ|20260508|19.97|21.22|19.69|21.07|04.77|05.52|05.52|-00.70|0
模塑科技|000700.SZ|20260508|13.82|14.85|13.62|14.5|06.93|09.51|09.51|01.92|0
金 螳 螂|002081.SZ|20260508|6.3|7.03|6.3|6.66|-04.72|00.57|00.57|-09.87|0
怡 亚 通|002183.SZ|20260508|6.79|6.99|6.52|6.83|05.08|07.54|07.54|04.46|0
中天科技|600522.SH|20260508|37.97|40.91|37.97|40.65|06.55|07.23|07.23|-00.47|0
中国能建|601868.SH|20260508|3.2|3.28|3.15|3.22|03.21|05.13|05.13|02.56|0
安孚科技|603031.SH|20260508|45.09|49.36|45|48.98|05.04|05.85|05.85|-03.30|0
菲林格尔|603226.SH|20260508|47.1|48.67|45.02|46.2|03.36|08.88|08.88|05.37|0
宏和科技|603256.SH|20260508|144.93|151.02|138.63|148.82|03.30|04.83|04.83|00.60|0
长源东谷|603950.SH|20260508|66.07|69.86|61.93|68.37|07.36|09.70|09.70|03.75|0
