浙富控股|002266.SZ|20260123|5.01|5.16|4.92|5.06|01.61|03.61|03.61|00.60|0
顺灏股份|002565.SZ|20260123|15.77|16.99|15.51|16.48|05.98|09.26|09.26|01.41|0
五矿发展|600058.SH|20260123|15.71|16.58|15.13|15.54|-00.58|06.08|06.08|00.51|0
天通股份|600330.SH|20260123|13.29|13.78|13.11|13.64|03.57|04.63|04.63|00.91|0
大有能源|600403.SH|20260123|7.36|7.58|7.25|7.3|-01.35|02.43|02.43|-00.54|0
中国一重|601106.SH|20260123|5.78|5.99|5.65|5.87|07.71|09.91|09.91|06.06|0
中信重工|601608.SH|20260123|8.21|8.48|7.88|8.23|02.88|06.00|06.00|02.63|0
金隅集团|601992.SH|20260123|2.1|2.15|2.05|2.13|03.90|04.88|04.88|02.44|0
中贝通信|603220.SH|20260123|25.25|25.95|24.75|25.37|00.28|02.57|02.57|-00.20|0
旭升集团|603305.SH|20260123|20.62|21.75|20.31|21.48|06.02|07.35|07.35|01.78|0
再升科技|603601.SH|20260123|10.3|11|10.29|10.7|05.42|08.37|08.37|01.48|0
