兴业银锡|000426.SZ|20260409|43.15|44.25|42.9|43.56|00.00|01.58|01.58|-00.94|0
招金黄金|000506.SZ|20260409|18.24|19.72|18.04|19.69|05.24|05.40|05.40|-02.51|0
冠捷科技|000727.SZ|20260409|2.84|2.86|2.78|2.81|-00.35|01.42|01.42|00.71|0
冰轮环境|000811.SZ|20260409|18.31|18.91|18.18|18.68|01.58|02.83|02.83|-00.44|0
东方钽业|000962.SZ|20260409|44.44|46.14|43.74|45.26|01.85|03.83|03.83|00.00|0
汇绿生态|001267.SZ|20260409|44.16|45.78|42.36|43.25|-02.28|03.43|03.43|-00.23|0
中电港|001287.SZ|20260409|25.14|25.8|24.94|25.46|01.27|02.63|02.63|00.00|0
广合科技|001389.SZ|20260409|127.68|133.23|125.69|126.67|01.19|06.43|06.43|02.00|0
大族激光|002008.SZ|20260409|70.9|77.77|70.44|76.25|07.85|10.00|10.00|00.28|0
利欧股份|002131.SZ|20260409|7.99|8.08|7.84|7.96|00.63|02.15|02.15|01.01|0
水晶光电|002273.SZ|20260409|28.43|30.39|28.08|29.95|06.85|08.42|08.42|01.43|0
杰瑞股份|002353.SZ|20260409|111.09|114.41|108.1|111.97|00.59|02.79|02.79|-00.20|0
润建股份|002929.SZ|20260409|53.87|54.97|53.14|53.58|02.84|05.51|05.51|03.40|0
中国东航|600115.SH|20260409|4.53|4.71|4.53|4.61|-01.07|01.07|01.07|-02.79|0
莲花控股|600186.SH|20260409|7.56|7.85|7.4|7.47|-02.10|02.88|02.88|-00.92|0
大位科技|600589.SH|20260409|10.87|11.1|10.7|11.04|01.56|02.12|02.12|00.00|0
先导基电|600641.SH|20260409|20.92|21.61|20.7|21.06|-00.14|02.47|02.47|-00.81|0
浙文互联|600986.SH|20260409|10.15|10.6|10.06|10.41|03.07|04.95|04.95|00.50|0
快克智能|603203.SH|20260409|31.97|34.26|31.13|33.74|04.98|06.60|06.60|-00.53|0
应流股份|603308.SH|20260409|67.6|69.96|66.76|68.5|02.54|04.73|04.73|01.20|0
依顿电子|603328.SH|20260409|12.23|12.67|12.18|12.55|03.46|04.45|04.45|00.82|0
淳中科技|603516.SH|20260409|141.89|151.89|141.57|148.12|04.62|07.28|07.28|00.22|0
大元泵业|603757.SH|20260409|48.7|53.96|47.91|53.96|09.99|09.99|09.99|-00.73|0
世运电路|603920.SH|20260409|54.35|58.13|53.73|56.8|05.56|08.03|08.03|01.00|0
罗曼股份|605289.SH|20260409|78.02|82.93|76.1|79.2|01.51|06.29|06.29|00.00|0
