国机精工|002046.SZ|20260302|52.43|55.34|52.43|53.83|02.73|05.61|05.61|00.06|0
东方锆业|002167.SZ|20260302|16|16.2|15.1|15.49|-00.58|03.98|03.98|02.70|0
拓维信息|002261.SZ|20260302|36.49|37.48|35.65|35.83|-01.89|02.63|02.63|-00.08|0
共达电声|002655.SZ|20260302|16.74|18.44|16.74|17.74|03.68|07.77|07.77|-02.16|0
贵研铂业|600459.SH|20260302|26.51|26.51|24.38|26.03|01.64|03.51|03.51|03.51|0
金开新能|600821.SH|20260302|7.39|7.88|7.29|7.4|00.14|06.63|06.63|00.00|0
金钼股份|601958.SH|20260302|24.87|26.46|23.6|26.02|07.97|09.79|09.79|03.20|0
南华期货|603093.SH|20260302|13.81|14.82|13.81|14.47|06.79|09.37|09.37|01.92|0
菲林格尔|603226.SH|20260302|32|33.15|30.65|30.68|-03.58|04.18|04.18|00.57|0
泰晶科技|603738.SH|20260302|21.59|23.94|21.09|23.94|09.97|09.97|09.97|-00.83|0
