普洛药业|000739.SZ|20260810|24.37|24.85|22.92|23.25|-00.68|06.15|06.15|04.10|0
中国稀土|000831.SZ|20260810|57.22|58.58|55.8|58.36|02.05|02.43|02.43|00.05|0
光迅科技|002281.SZ|20260810|190.93|194.72|173.74|178.3|-07.64|00.87|00.87|-01.09|0
生益科技|600183.SH|20260810|141.98|143.48|134.39|138.57|-01.01|02.50|02.50|01.43|0
海正药业|600267.SH|20260810|13.87|14.42|13.7|14.24|08.62|09.99|09.99|05.80|0
中化国际|600500.SH|20260810|5.52|5.53|5.16|5.31|-03.63|00.36|00.36|00.18|0
飞乐音响|600651.SH|20260810|6.58|6.67|6.29|6.34|-00.94|04.22|04.22|02.81|0
华银电力|600744.SH|20260810|7.88|8.2|7.54|7.73|-01.90|04.06|04.06|00.00|0
东材科技|601208.SH|20260810|47.21|47.48|43.6|45.38|-01.22|03.35|03.35|02.76|0
合锻智能|603011.SH|20260810|23.46|24.84|22.71|23.95|05.60|09.52|09.52|03.44|0
昭衍新药|603127.SH|20260810|53|55.45|51.21|52.8|03.75|08.96|08.96|04.15|0
