仁东控股|002647.SZ|20260602|13|13.19|12.37|12.91|00.86|03.05|03.05|01.56|0
盈趣科技|002925.SZ|20260602|21.38|22.08|20.68|22.06|05.20|05.29|05.29|01.96|0
巨化股份|600160.SH|20260602|37.2|38.5|36.41|38.23|05.26|06.00|06.00|02.42|0
兖矿能源|600188.SH|20260602|24.49|26|23.29|23.86|-00.50|08.42|08.42|02.13|0
山煤国际|600546.SH|20260602|14.9|15.73|14.23|14.42|-05.57|03.01|03.01|-02.42|0
新安股份|600596.SH|20260602|13.26|13.67|12.75|13.09|-01.28|03.09|03.09|00.00|0
晋控煤业|601001.SH|20260602|20.78|22.22|20.22|20.65|02.23|10.00|10.00|02.87|0
潞安环能|601699.SH|20260602|17.64|18.8|17.4|17.8|01.14|06.82|06.82|00.23|0
新集能源|601918.SH|20260602|11.31|12.16|10.56|10.97|-02.75|07.80|07.80|00.27|0
泛微网络|603039.SH|20260602|41.5|42.13|39.55|42.08|04.42|04.54|04.54|02.98|0
龙旗科技|603341.SH|20260602|40|40.4|38.36|39.67|04.64|06.57|06.57|05.51|0
