深圳华强|000062.SZ|20260603|35.63|36.6|32.72|32.84|-02.03|09.19|09.19|06.29|0
锡业股份|000960.SZ|20260603|43.83|44.96|42.93|43.75|01.30|04.10|04.10|01.48|0
中大力德|002896.SZ|20260603|81.7|83.88|78.3|78.9|-03.43|02.67|02.67|00.00|0
永鼎股份|600105.SH|20260603|51|54.58|50.77|51.92|04.64|10.00|10.00|02.78|0
东睦股份|600114.SH|20260603|38.79|40.99|38.58|39.22|01.11|05.67|05.67|00.00|0
江西铜业|600362.SH|20260603|48.5|49.48|47.43|48.02|01.14|04.21|04.21|02.15|0
贵研铂业|600459.SH|20260603|23.5|25.02|23.46|24.2|03.20|06.70|06.70|00.21|0
博威合金|601137.SH|20260603|21.68|23.24|21.6|22.66|05.30|07.99|07.99|00.74|0
长飞光纤|601869.SH|20260603|423|449.61|420.99|444.99|08.87|10.00|10.00|03.49|0
鸿远电子|603267.SH|20260603|80|83.57|75.03|77.1|-02.38|05.81|05.81|01.29|0
继峰股份|603997.SH|20260603|15.09|15.82|14.92|15.27|01.26|04.91|04.91|00.07|0
