钒钛股份|000629.SZ|20260107|3.53|3.57|3.46|3.53|00.00|01.13|01.13|00.00|0
中航西飞|000768.SZ|20260107|28.38|29.03|27.8|28.02|-00.92|02.65|02.65|00.35|0
新乡化纤|000949.SZ|20260107|5.94|6.25|5.88|6|00.67|04.87|04.87|-00.34|0
锡业股份|000960.SZ|20260107|31.38|32.57|31.15|31.9|03.50|05.68|05.68|01.82|0
航天电器|002025.SZ|20260107|56.9|62.09|56.7|57.16|00.72|09.41|09.41|00.26|0
中泰化学|002092.SZ|20260107|5.37|5.83|5.36|5.49|01.29|07.56|07.56|-00.92|0
钧达股份|002865.SZ|20260107|57|63.77|56.3|62.3|07.47|10.01|10.01|-01.67|0
德赛西威|002920.SZ|20260107|138.32|141.09|135.25|135.93|00.13|03.93|03.93|01.89|0
贵研铂业|600459.SH|20260107|21.8|22.58|20.85|20.92|00.00|07.93|07.93|04.21|0
中铝国际|601068.SH|20260107|6.15|6.27|5.94|6.12|02.34|04.85|04.85|02.84|0
大智慧|601519.SH|20260107|15|15|14.38|14.51|-01.76|01.56|01.56|01.56|0
江河集团|601886.SH|20260107|8.9|8.9|8.57|8.65|00.00|02.89|02.89|02.89|0
