000776.SZ|广发证券|134730401648.64|20260625|22.05|23.12|21.75|22.64|189834224.0|436969.47|22.16|0|0|2.1661|1|0|1|0|0|1|21.99|21.04|19.73|19.46|19.33|0.0|0|0
000962.SZ|东方钽业|36619935206.40|20260625|74.58|84.02|74.58|84.02|38402120.0|315611.94|76.38|1|1|10.0026|1|0|1|0|0|1|73.06|66.78|61.77|60.57|53.27|0.0|1|0
000987.SZ|越秀资本|41309960888.32|20260625|8.08|8.34|7.96|8.23|67938584.0|56378.66|8.08|0|0|1.8564|1|0|1|0|1|0|8.0|7.73|7.66|7.83|8.24|0.0|0|0
601066.SH|中信建投|187140290037.76|20260625|27.73|30.5|27.36|29.56|153949328.0|451089.0|27.73|0|1|6.5994|1|0|1|0|1|0|27.68|26.6|25.65|24.63|23.31|0.0|0|0
601108.SH|财通证券|39193408942.08|20260625|8.3|8.66|8.19|8.57|140873984.0|120328.78|8.36|0|0|2.512|1|0|1|0|1|0|8.21|7.96|7.8|7.9|8.03|0.0|0|0
603588.SH|高能环境|27783798374.40|20260625|18.46|19.9|18.33|19.6|144844432.0|282027.78|18.49|0|0|6.0032|1|0|1|0|1|0|17.99|16.21|14.7|14.18|14.78|0.0|0|0
000776.SZ|广发证券|134730401648.64|20260625|22.05|23.12|21.75|22.64|189834224.0|436969.47|22.16|0|0|2.1661|1|0|1|0|0|1|21.99|21.04|19.73|19.46|19.33|0.0|0|0
000962.SZ|东方钽业|36619935206.40|20260625|74.58|84.02|74.58|84.02|38402120.0|315611.94|76.38|1|1|10.0026|1|0|1|0|0|1|73.06|66.78|61.77|60.57|53.27|0.0|1|0
000987.SZ|越秀资本|41309960888.32|20260625|8.08|8.34|7.96|8.23|67938584.0|56378.66|8.08|0|0|1.8564|1|0|1|0|1|0|8.0|7.73|7.66|7.83|8.24|0.0|0|0
601066.SH|中信建投|187140290037.76|20260625|27.73|30.5|27.36|29.56|153949328.0|451089.0|27.73|0|1|6.5994|1|0|1|0|1|0|27.68|26.6|25.65|24.63|23.31|0.0|0|0
601108.SH|财通证券|39193408942.08|20260625|8.3|8.66|8.19|8.57|140873984.0|120328.78|8.36|0|0|2.512|1|0|1|0|1|0|8.21|7.96|7.8|7.9|8.03|0.0|0|0
603588.SH|高能环境|27783798374.40|20260625|18.46|19.9|18.33|19.6|144844432.0|282027.78|18.49|0|0|6.0032|1|0|1|0|1|0|17.99|16.21|14.7|14.18|14.78|0.0|0|0
